3111
1172
3811
4103
4262
4326
5198
1957
5747
1273
1211
1197
3679
8128
6229
8207
2178
2109
26366
47274
4712
4437
3671
1272
4928
3947
7792
3384
3498
1061
2730
1131
111384
27773
318
1517
215
1635
5
67997
186
1242
1376
236
1059
904
661
628
587
1250
529
1259
520
377
357
1358
350
337
300
246
135518
58559
52885
118997
115617
109374
109249
106696
97938
95441
93040
72998
68358
56367
46578
34321
27611
26662
26614
8464
7161
5299
134853
54290
40614
3546
31658
30745
27592
1801
8188
6713
6287
5662
2529
111
2288
1729
1256
1219
1089
1080
1079
247
1639
3260
1954
2542
1
117533
2361
1900
94777
78349
70286
8369
106918
55247
5449
3676
106473
44191
3703
778
2959
1956
5608
8533
6942
6863
2942
1997
1088
1028
4322
78499
77455
62849
60072
47099
40148
6016
107649
88125
68954
65514
3893
3785
3751
3361
4018
3114
3113
3052
2700
2692
2396
2369
2085
2012
2004
3978
4016
4041
5349
8636
6953
6281
5812
5481
5377
5135
4306
4890
4823
4701
4641
4369
4351
4973
2068
3948
2424
60684
48394
37733
34405
27904
8928
8861
7373
5507
5219
4069
3882
3809
3301
3300
3275
3257
2641
2359
63992
66097
66934
3030
36401
8865
6754
132046
104283
82461
5971
5618
44555
68157
7361
6985
47640
46970
71057
69712
69526
68319
1732
80551
2082
2174
64957
4388
296
5909
130682
111624
107999
8623
150
48711
100365
45950
37729
35957
34162
32892
7478
1955
74458
4189
104841
79132
69640
8972
7458
5445
608
52319
121231
109487
48780
4612
4995
4226
1704
1258
260
27255
6986
6683
104
1103
2502
5782
7153
7090
7022
6857
6539
6350
5952
5902
4993
8795
3996
3265
2997
2924
2571
2019
1274
924
7844
8874
44199
32025
59725
1265
1210
1176
232
50
47
35836
31221
8961
7376
4721
122886
1721
33794
31878
26585
26554
741
8781
8528
593
1291
1200
1120
1042
1036
858
780
745
494
1617
434
293
153
78209
76251
61024
55820
52973
1610
2273
7347
3994
6218
5602
5064
4638
4223
4121
4023
4011
3949
2329
3916
3793
3499
3175
3160
2989
2985
2600
45720
599
63131
90439
97673
97304
96832
96811
96728
96610
96588
96417
95761
95558
95449
95135
94969
94959
94931
91077
90866
97752
97921
97923
103107
105504
105355
105197
103688
103624
103449
103372
102469
98154
102194
101895
101525
101285
99149
99114
98961
90531
90376
106766
90057
81562
80489
80463
79242
78653
78574
78039
74545
74324
73023
72741
72720
72395
72226
72176
72131
64969
81591
81786
81845
88129
89804
89759
89492
89470
89260
88810
88235
87304
81932
86833
86320
85394
83976
82463
82459
82313
106100
106916
71464
128606
142488
141749
140725
140715
140174
139642
139385
137337
134881
134859
134130
133771
133645
132800
132549
132547
132458
143385
144172
146656
163949
111931
82152
66203
47044
138610
164979
164977
163056
148482
161582
161336
160954
158783
156387
155064
148626
131796
128512
106920
128360
114254
113064
112852
112556
112552
112550
112515
112290
112183
112070
111622
111505
111251
111249
110871
107636
107141
114342
114459
114662
123663
128235
127212
127206
127144
127114
127108
123695
122882
115139
118880
118700
117176
116797
116161
115713
115569
71745
72011
71108
3415
6783
6643
6515
6433
5956
5795
5791
5464
5289
5169
4763
4327
3789
3742
3634
3632
3629
6830
6874
6981
8236
70293
8766
8765
8751
8645
8584
8494
8195
6983
8154
8125
7926
7438
7335
7243
7195
3539
3246
25927
3089
1153
954
946
914
757
146501
588
541
364
319
306
53318
39421
7155
5984
3707
3176
1209
1232
1245
2330
3022
2936
2927
2920
2857
2747
2677
2202
1260
2182
2028
1942
1935
1572
1283
1281
25805
8767
26150
55063
58191
57669
56805
56788
56782
56607
56286
56152
56015
55946
55442
55363
55280
55276
55269
55253
26151
58879
60069
60766
64701
69481
67665
67429
67255
67087
66665
64839
64622
61236
64620
64614
63876
63082
61357
61323
61240
55069
55118
55052
41863
54881
46723
46664
45210
45028
42217
41997
41585
48516
40819
40629
39183
38304
37741
34517
31770
47629
47423
48696
48738
54513
54286
54272
53953
53894
53123
53000
52967
52579
52281
52241
51540
50068
49917
49824
48774
339
1199
4467
4911
47465
2968
