2571
1358
50
26614
132046
293
79132
1210
27611
4103
1197
1211
1957
593
858
1042
1120
1200
1610
4121
1172
4262
3111
3679
1704
3811
8128
5747
5198
4326
1273
318
135518
70286
72998
3793
109487
4995
1291
5608
260
1250
3361
2959
1219
1176
111384
122886
121231
107999
1061
34405
94777
68319
47
3703
27773
1258
3260
3114
1955
914
3113
3052
2700
2396
2369
2085
2012
1209
3893
3751
3785
1956
3978
4016
7478
4041
4306
4351
4369
4641
4701
4823
4890
5135
2004
1801
1954
236
357
350
337
300
246
1260
215
5377
186
5
67997
58559
52885
31658
377
520
529
587
628
661
904
1059
1242
1245
1232
1259
111624
1376
1517
1635
1639
5349
6953
5481
59725
4322
1028
1088
1997
150
100365
45950
2942
37729
6863
6942
35957
8533
45720
63131
5812
64969
3176
3707
5984
7155
34162
39421
53318
306
319
364
541
588
146501
78499
77455
2174
62849
6281
757
8636
65514
68954
88125
107649
44191
106473
3676
32892
5449
1153
55247
106918
8369
954
78349
1900
2361
117533
1
778
946
6016
40148
47099
8623
60072
30745
2529
27592
5618
8865
6754
6683
104283
82461
5971
3030
104
44555
7361
6985
47640
46970
71057
36401
1103
924
4189
47465
4388
1131
64957
74458
48711
4612
2502
78209
76251
61024
55820
52973
8528
69712
69526
66934
69640
2641
2359
1732
80551
2082
104841
8972
66097
7458
5445
608
52319
6986
27255
3257
3275
3300
3301
3809
3882
4069
5219
5507
7373
8861
8928
27904
37733
48394
60684
63992
741
1274
8188
46578
106696
1272
95441
93040
68358
56367
34321
109374
130682
26662
1199
8464
7161
5299
109249
115617
2019
1256
6713
6287
5662
3546
2288
1729
1080
118997
1079
247
111
40614
54290
134853
4973
4018
3948
6350
8795
7844
7153
7090
6857
6539
5952
2424
5902
4993
3996
2997
2924
5909
8874
8961
26554
31878
33794
1721
4721
7376
31221
32025
35836
4911
232
4467
2968
1265
2068
97938
599
1281
72131
97921
97752
97673
97304
96832
96811
96728
96610
96588
96417
95761
95558
95449
95135
94969
94959
94931
97923
98154
98961
103449
106766
106100
105504
105355
105197
103688
103624
103372
99114
103107
102469
102194
101895
101525
101285
99149
91077
90866
90531
78574
1283
81591
81562
80489
80463
79242
78653
78039
81932
74545
74324
73023
72741
72720
72395
72226
81845
82313
90439
88810
90376
90057
89804
89759
89492
89470
89260
88235
82459
88129
87304
86833
86320
85394
83976
82463
106916
106920
107141
137337
142488
141749
140725
140715
140174
139642
139385
134881
144172
134859
134130
133771
133645
132800
132549
132547
143385
146656
131796
163949
111931
82152
66203
47044
138610
164979
164977
163056
148482
161582
161336
160954
158783
156387
155064
148626
132458
128606
107636
112515
114342
114254
113064
112852
112556
112552
112550
112290
114662
112183
112070
111622
111505
111251
111249
110871
114459
115139
128512
123695
128360
128235
127212
127206
127144
127114
127108
123663
115569
122882
118880
118700
117176
116797
116161
115713
72176
81786
72011
8195
8767
8766
8765
8751
8645
8584
8494
8236
8207
8154
25927
8125
7926
7792
7438
7335
7243
7195
6983
6981
25805
26150
6830
41997
48516
71745
47423
47274
46723
46664
45210
45028
42217
41863
26151
41585
40819
40629
39183
38304
37741
34517
31770
26366
6874
6783
48738
2730
3384
3246
3089
3022
2936
2927
2920
2857
2747
2677
3498
2330
2202
2182
2178
2109
2028
1942
1935
1572
3415
3539
6643
4928
6515
6433
6229
5956
5795
5791
5464
5289
5169
4763
3629
4712
4437
4327
3947
3789
3742
3671
3634
3632
48696
47629
48774
60069
58191
57669
56805
56788
56782
56607
56286
56152
56015
55946
55442
55363
55280
55276
55269
55253
55118
55063
55052
58879
60766
54513
61236
71464
71108
70293
69481
67665
67429
67255
67087
66665
64839
64701
64622
64620
64614
63876
63082
61357
61323
61240
54881
55069
54286
53123
49824
49917
50068
51540
52241
52281
52579
52967
54272
53000
339
53894
53953
3949
4226
48780
6218
4011
5064
2692
745
3994
44199
296
1617
8781
5602
153
780
2329
494
434
2273
2985
2600
2989
4638
4223
4023
3916
7347
3499
3175
3160
68157
2542
5782
7022
3265
26585
1036
1089
