608
1
78499
4041
1103
350
52973
745
3114
3809
106473
134853
55820
37733
3882
1079
115617
4973
8928
109249
46578
109374
1732
1954
1376
1242
1517
1250
1635
1358
1639
1801
1259
2369
1956
2004
2012
2085
2396
2692
2700
3052
3113
3260
3361
3751
3785
3893
3978
1059
135518
904
1256
6713
6287
5662
3546
2529
2288
1729
1219
27592
1089
1080
247
111
40614
54290
118997
8188
27773
628
246
587
529
4016
377
357
337
300
236
30745
215
186
5
67997
58559
52885
31658
520
4641
4306
45720
7155
5984
3707
3176
64969
63131
59725
8533
53318
6942
6863
2942
1997
1088
1028
4322
39421
306
62849
1153
1260
1245
1232
1211
1209
1197
1172
954
319
946
914
757
146501
588
541
364
77455
60072
4351
5481
88125
68954
65514
8636
6953
6281
5812
5377
3703
5349
5135
4890
4823
4701
97938
4369
107649
44191
47099
2361
40148
6016
5608
2959
2542
778
117533
1900
3676
94777
78349
70286
8369
106918
55247
5449
106696
34321
95441
1061
4069
3301
3300
3275
3257
2641
2359
80551
5507
2082
104841
69640
8972
7458
5445
52319
5219
7373
109487
68319
7361
6985
47640
46970
71057
69712
69526
68157
8861
66934
66097
63992
60684
48394
34405
27904
121231
79132
93040
150
2968
1199
130682
111624
107999
8623
2174
100365
4911
45950
37729
35957
34162
32892
7478
1955
4467
5909
48780
6683
4995
4226
1704
1258
260
27255
6986
4612
47465
4189
48711
74458
64957
1131
4388
296
44555
3030
5618
1721
47
35836
32025
31221
7376
4721
122886
33794
232
31878
26585
26554
8961
8874
8795
7844
50
318
5971
8464
72998
68358
56367
1273
27611
26662
26614
7161
1176
5299
4018
3948
2424
2068
1265
1210
7153
7090
7022
8528
1120
1042
858
593
78209
76251
61024
2502
6857
104
36401
8865
6754
132046
104283
82461
1200
1610
3793
4121
6539
6350
5952
5902
5782
4993
3996
3265
2997
2924
2571
2019
1274
924
741
1272
599
1281
97752
97304
96832
96811
96728
96610
96588
96417
95761
95558
95449
95135
94969
94959
94931
91077
90866
90531
97673
97921
106766
97923
105504
105355
105197
103688
103624
103449
103372
103107
102469
102194
101895
101525
101285
99149
99114
98961
98154
90439
90376
90057
89804
80489
80463
79242
78653
1283
78039
74545
74324
73023
72741
72720
72395
72226
72176
72131
72011
71745
81562
81591
81786
87304
89759
89492
89470
89260
88810
88235
88129
86833
81845
86320
85394
83976
82463
82459
82313
81932
106100
106916
71108
144172
142488
141749
140725
140715
140174
139642
139385
137337
134881
134859
134130
133771
133645
132800
132549
132547
132458
143385
146656
106920
148482
111931
111384
82152
66203
47044
138610
164979
164977
163949
163056
161582
161336
160954
158783
156387
155064
148626
131796
128606
128512
128360
114254
113064
112852
112556
112552
112550
112515
112290
112183
112070
111622
111505
111251
111249
110871
107636
107141
114342
114459
114662
123663
128235
127212
127206
127144
127114
127108
123695
122882
115139
118880
118700
117176
116797
116161
115713
115569
71464
78574
70293
45028
8195
8154
8128
8125
7926
7792
7438
7335
7243
7195
6983
6981
6874
6830
6783
6643
6515
6433
6229
5956
5795
8207
8236
8494
31770
41997
41863
41585
40819
40629
39183
38304
37741
34517
26366
8584
26151
26150
25927
25805
8767
8766
8765
8751
8645
5791
5747
5464
2677
3111
3089
3022
2936
2927
2920
2857
2747
2730
2330
3384
2202
2182
2178
2109
2028
1957
1942
1935
1572
3246
3415
5289
4103
5198
5169
4928
4763
4712
4437
4327
4326
4262
3947
3498
3811
3789
3742
3679
3671
3634
3632
3629
3539
42217
45210
69481
46664
56607
56286
56152
56015
55946
55442
55363
55280
55276
55269
55253
55118
55069
55063
55052
54881
54513
54286
54272
53953
53894
56782
56788
56805
64614
67665
67429
67255
67087
66665
64839
64701
64622
64620
63876
57669
63082
61357
61323
61240
61236
60766
60069
58879
58191
53123
53000
52967
51540
46723
47274
47423
47629
48516
48696
48738
48774
49824
49917
50068
339
52579
52281
52241
293
6218
3949
4011
1291
5064
3994
1036
44199
494
7347
153
780
8781
5602
434
4223
4638
1617
2273
2329
2600
2989
3160
3175
3499
4023
3916
2985
661
