7153
5952
8795
4993
2019
79132
924
2571
132046
3260
3978
5902
58559
33794
27611
70286
1210
1042
858
593
1120
1200
1610
4121
2028
68358
1376
72998
3629
7243
1283
1291
135518
8125
541
954
3022
3793
109487
2677
2330
3246
1245
306
319
364
588
2936
260
60684
4226
41997
52281
48780
81591
82463
81932
81845
67255
81562
80463
74324
74545
78039
78574
79242
80489
82459
34405
1265
94777
1250
71745
69481
78653
73023
72720
72395
72131
72011
71464
71108
70293
72226
67087
66665
4011
215
74458
48394
1704
2529
293
67665
2959
1176
44199
68157
78499
122886
62849
2989
1617
2273
2329
2600
2985
5602
3160
7347
3175
3499
4223
4023
3916
4638
153
780
8781
494
434
51540
55118
56788
56782
56607
56152
55276
55269
55253
54881
55052
52241
54513
54286
54272
53894
53123
53000
52967
56805
56286
318
107999
77455
4995
47629
45210
46723
47423
48516
41863
48696
48738
48774
49824
49917
45028
27773
68319
55442
55069
67997
3703
47
3994
745
5064
44555
3949
47099
55820
3361
6218
56367
55247
111384
46578
121231
1061
2068
134853
109249
115617
4911
4467
2997
1259
1242
1059
904
661
5909
2968
1358
1517
1199
1635
1639
1801
1954
130682
1956
2004
47465
587
296
64957
8188
27592
1103
30745
31658
52885
48711
2502
5
186
236
628
246
300
337
1131
350
357
377
529
4388
2085
2012
2369
111624
4823
5135
5349
5377
5481
5812
6281
34162
61024
32892
6953
76251
8636
65514
68954
7478
88125
107649
78209
44191
106473
3676
5449
1955
4890
4701
6287
4641
2396
2692
2700
3052
3113
8528
3114
8623
52973
3751
2174
150
100365
45950
37729
3785
3893
35957
4016
4041
4306
4351
4369
6713
2288
5662
104841
3300
69526
1721
3275
3257
2641
2359
1732
80551
2082
69640
7361
4721
8972
7458
5445
7376
69712
71057
46970
1274
47640
3301
3809
3882
4069
66934
66097
63992
6350
6539
6857
7090
37733
7844
27904
8874
8928
8861
7373
5507
106918
5219
8961
26554
2924
31878
6985
3030
3546
54290
27255
6986
93040
95441
6683
97938
104
109374
4612
118997
40614
31221
111
247
1079
1080
1089
1219
1256
1729
3996
4189
741
34321
1258
26662
5618
32025
5971
82461
35836
608
104283
6754
50
232
8865
52319
36401
2424
3948
4018
4973
5299
7161
8464
26614
106696
599
8369
101895
101285
99149
99114
98961
98154
97923
97921
97752
97673
97304
96832
96811
96728
96610
96588
101525
102194
111251
102469
110871
107636
107141
106920
106916
106766
106100
105504
105355
105197
103688
103624
103449
103372
103107
96417
95761
95558
95449
87304
86833
86320
85394
83976
82313
81786
72741
72176
67429
64839
64701
64622
64620
64614
88129
88235
88810
90531
95135
94969
94959
94931
91077
90866
90439
89260
90376
90057
89804
89759
89492
89470
111249
111505
78349
146656
143385
142488
141749
140725
140715
140174
139642
139385
137337
134881
134859
134130
133771
133645
132800
144172
148482
111622
148626
111931
82152
66203
47044
138610
164979
164977
163949
163056
161582
161336
160954
158783
156387
155064
132549
132547
132458
131796
115569
115139
114662
114459
114342
114254
113064
112852
112556
112552
112550
112515
112290
112183
112070
115713
116161
116797
127144
128606
128512
128360
128235
127212
127206
127114
117176
127108
123695
123663
122882
118880
118700
63876
339
63082
2927
2857
2747
2730
2202
2182
2178
2109
1957
1942
1935
1572
1281
1273
1272
1260
2920
3089
1211
3111
4326
4262
4103
3947
3811
3789
3742
3679
3671
3634
3632
3539
3498
3415
3384
1232
1209
61357
6942
2942
1997
1088
1028
4322
60072
40148
6016
5608
2542
778
1
117533
2361
1900
6863
8533
1197
45720
1172
1153
946
914
757
146501
53318
39421
7155
5984
3707
3176
64969
63131
59725
4327
4437
4712
8765
42217
41585
40819
40629
39183
38304
37741
34517
31770
26366
26151
26150
25927
25805
8767
46664
47274
50068
58191
61323
61240
61236
60766
60069
58879
57669
52579
56015
55946
55363
55280
55063
53953
4763
8766
6783
5198
5464
5747
5791
5795
5956
6229
5169
6433
6515
6643
4928
8751
6830
6874
6981
6983
7195
7335
7438
7792
7926
8128
8154
8195
8207
8236
8494
8584
8645
5289
1036
5782
7022
3265
26585
520
