3789
2857
4327
914
8154
1209
3634
599
2936
2361
5747
8128
3111
4103
4262
4326
1957
5198
1211
3811
1273
1172
3679
1197
2028
1732
1258
25927
46664
111
954
3022
8125
541
3629
1283
7243
1281
2920
2202
946
2927
3632
3089
1935
1942
6983
1079
608
2068
2730
1265
1042
593
858
1610
1120
1200
4121
2178
4437
3498
4712
4928
6229
1272
2109
7792
26366
3671
8207
47274
3384
3947
3809
588
3246
364
2677
2330
306
319
1245
1997
41585
8766
5169
2182
8765
3676
1260
1028
8767
661
1153
8751
904
337
5289
8236
7335
3546
1954
7195
56015
115139
6830
31770
246
6515
247
924
260
109249
52973
1103
350
4041
4973
778
1729
1219
5956
95761
96417
132547
8494
103449
103688
34517
72741
123695
132549
132458
8584
131796
55946
2747
140725
139642
128235
127212
3539
123663
72176
140715
127144
148482
164979
82313
107636
112070
164977
3260
3978
5902
101285
757
102469
110871
128512
112550
94969
111505
4763
132800
127206
111249
113064
114254
114459
53953
161336
7926
52579
133771
3793
74458
52281
41997
215
5299
33794
96832
96610
111251
27592
115617
5952
7153
127108
46578
109374
2959
8928
81786
134859
122882
63131
118997
67665
118700
118880
112515
55363
55820
117533
2542
7161
134853
60684
53318
48394
3882
37733
34321
46970
47
106696
6539
296
27904
64969
2288
35836
77455
6350
5618
130682
4018
5971
6863
78349
94777
48780
6218
111624
293
2019
55247
8874
31878
66934
6942
56367
5782
7022
3265
26585
1089
2692
3114
1956
25805
2085
6643
1232
6433
50
3742
42217
1517
1572
26614
300
2396
529
1080
1955
6783
1242
6981
1256
3415
26150
2997
26151
8195
1259
2174
2968
150
47465
4467
4911
7090
7844
2924
3996
4993
8795
26554
7361
68157
6985
93040
4890
1199
2529
106473
3751
4226
107649
65514
88125
2424
112552
1088
8861
62849
66097
1059
5445
52319
1376
27255
6986
186
628
7458
4612
8972
69640
587
104841
2082
80551
520
377
6683
4388
4189
2369
7478
3893
3785
32892
34162
3113
3052
2700
35957
37729
45950
48711
2012
2004
100365
8623
5909
1801
1639
2641
64957
1635
2359
3257
357
95441
8961
1721
4721
7376
31221
32025
232
3948
8464
26662
68358
97938
1274
54290
40614
5662
6287
6713
8188
30745
31658
52885
58559
67997
6857
741
5
47640
3275
3300
4069
5219
5507
7373
63992
236
69526
69712
71057
44555
78209
3030
82461
104283
6754
8865
36401
104
2502
8528
61024
76251
4016
339
4306
128360
142488
141749
140174
80463
139385
137337
134881
134130
133645
80489
128606
127114
79242
117176
116797
116161
115713
115569
114662
81562
114342
81591
81845
81932
143385
4351
106100
72011
64701
64839
66665
67087
67255
67429
69481
70293
71108
71464
71745
72131
144172
72226
72395
72720
73023
74324
148626
74545
78039
78574
78653
146656
112852
82459
112556
106916
95449
95558
96588
96728
96811
97304
97673
97752
97921
97923
98154
98961
112290
99114
99149
101525
101895
102194
103107
103372
103624
106766
105197
105355
95135
94959
94931
91077
82463
112183
111622
83976
107141
85394
86320
86833
87304
88129
88235
88810
89260
89470
89492
89759
89804
106920
90057
90376
90439
90531
90866
64622
64620
64614
146501
78499
4322
2942
8533
45720
59725
138610
3707
5984
7155
39421
5464
45028
5791
5795
6874
7438
8645
37741
38304
163949
39183
40629
40819
60072
47099
40148
47044
4369
4641
4701
4823
111931
5135
5349
5377
5481
5812
6281
6953
8636
68954
44191
5449
106918
8369
82152
1900
1
66203
6016
63876
41863
45210
161582
55276
55280
55442
56152
56286
56607
56782
56788
56805
57669
160954
158783
156387
58191
58879
60069
60766
61236
61240
61323
61357
155064
63082
46723
55269
55253
53000
47423
47629
48516
48696
48738
48774
49824
49917
50068
51540
52241
52967
53123
55118
53894
54272
54286
54513
54881
55052
163056
55063
55069
105504
5608
3703
68319
135518
2571
109487
27611
107999
122886
132046
34405
79132
72998
70286
121231
27773
1250
3949
4011
1291
5064
1176
745
1036
3994
44199
1131
1210
111384
5602
4638
4223
8781
4023
7347
3916
2329
153
434
494
780
1617
3499
2273
2600
2985
2989
3160
3175
4995
1358
3361
318
1704
3176
3301
1061
