5464
5791
55280
6874
7438
50068
8645
2959
858
593
1042
1120
1200
1610
4121
55363
55442
55069
3265
7022
61236
61240
3996
7844
2924
7090
4226
1729
778
41997
52281
3793
47
5608
4973
31878
48394
68954
26585
1079
1036
954
8125
541
3022
293
2542
4011
65514
48780
3949
1219
2529
2028
5782
6857
741
52885
104283
1274
2936
1283
7243
3629
79132
296
62849
1704
74458
5349
5445
1199
2571
1732
60072
1258
26614
50
27773
4995
6350
608
4467
107999
306
3246
2330
319
1245
2677
364
588
111624
3809
26662
1265
109249
8874
2288
88125
5299
2968
106473
2692
44191
5618
5971
132046
27592
3175
3499
3916
153
434
4023
4223
4638
5602
7347
8781
3160
2989
2985
2600
2329
2273
1617
494
780
6218
215
93040
60684
8928
34321
1089
56367
130682
118997
46578
109374
35836
1997
44199
27611
115617
3994
6539
135518
64957
745
8636
66097
1291
5064
70286
72998
66934
1210
109487
260
7153
4701
3785
3893
3978
4016
4041
4306
4351
4369
4641
4890
4823
7458
5135
104841
5377
5481
5812
69640
6281
6953
3751
3361
2082
3260
1517
1635
3275
1639
1801
3257
1954
2641
1956
2004
2012
2359
2085
2369
2396
1061
2700
3052
3113
3114
80551
8972
121231
52319
8795
8623
2174
6016
40148
47099
150
100365
45950
77455
78499
37729
35957
34162
32892
7478
4322
1028
1088
1955
2942
6863
4911
5909
47465
55247
27255
107649
3703
6986
6683
3676
4612
4189
5449
106918
1
8369
48711
1131
78349
94777
1900
4388
2361
117533
1376
1358
1259
4018
52973
7161
8464
8528
2502
1103
104
36401
8865
68358
6754
82461
3030
44555
7361
95441
97938
106696
6985
47640
46970
55820
61024
1250
76251
5952
8961
26554
5902
4993
33794
122886
4721
7376
31221
32025
2997
2019
924
232
318
1176
45720
78209
2068
3948
71057
69712
134853
54290
3882
67997
5
186
3301
236
246
300
337
350
357
377
520
529
587
628
661
904
1059
3300
1242
58559
4069
31658
34405
40614
111
247
69526
1080
68319
68157
37733
1256
27904
30745
8861
7373
3546
5662
6287
6713
8188
5507
5219
8533
599
71108
97752
97304
96832
96811
96728
96610
96588
96417
95761
95558
95449
95135
94969
94959
94931
91077
90866
90531
97673
97921
106766
97923
105504
105355
105197
103688
103624
103449
103372
103107
102469
102194
101895
101525
101285
99149
99114
98961
98154
90439
90376
90057
89804
80489
80463
79242
78653
78574
78039
74545
74324
73023
72741
72720
72395
72226
72176
72131
72011
71745
81562
81591
81786
87304
89759
89492
89470
89260
88810
88235
88129
86833
81845
86320
85394
83976
82463
82459
82313
81932
106100
106916
63131
144172
142488
141749
140725
140715
140174
139642
139385
137337
134881
134859
134130
133771
133645
132800
132549
132547
132458
143385
146656
106920
148482
111931
111384
82152
66203
47044
138610
164979
164977
163949
163056
161582
161336
160954
158783
156387
155064
148626
131796
128606
128512
128360
114254
113064
112852
112556
112552
112550
112515
112290
112183
112070
111622
111505
111251
111249
110871
107636
107141
114342
114459
114662
123663
128235
127212
127206
127144
127114
127108
123695
122882
115139
118880
118700
117176
116797
116161
115713
115569
71464
339
70293
3539
5198
5169
4928
4763
4712
4437
4327
4326
4262
4103
3947
3811
3789
3742
3679
3671
3634
5289
5747
5795
7195
8207
8195
8154
8128
7926
7792
7335
6983
5956
6981
6830
6783
6643
6515
6433
6229
3632
3498
8584
3415
1232
1211
1209
1197
1172
1153
946
914
757
146501
53318
39421
7155
5984
3707
3176
64969
1260
1272
1273
2730
3384
3111
3089
2927
2920
2857
2747
2202
1281
2182
2178
2109
1957
1942
1935
1572
8236
8494
53953
69481
56788
56782
56607
56286
56152
56015
55946
55276
55269
55253
55118
55063
55052
54881
54513
54286
54272
56805
57669
58191
64622
67665
67429
67255
67087
66665
64839
64701
64620
58879
64614
63876
63082
61357
61323
60766
60069
8751
53894
53123
31770
41585
40819
40629
39183
38304
37741
34517
26366
42217
26151
26150
25927
25805
8767
8766
8765
53000
41863
45028
45210
52967
52579
52241
51540
49917
49824
48774
48738
48696
48516
47629
47423
47274
46723
46664
6942
63992
2424
59725
1721
