318
117176
112556
116797
116161
114662
114342
112852
115569
111622
112290
112183
118700
118880
112515
5952
7153
924
3978
5902
3260
4993
8795
74458
111251
134859
122882
58559
33794
6539
115617
293
40614
58879
63876
58191
57669
60069
60766
61323
61357
63082
64614
64620
64622
64701
55063
64839
67429
3994
2019
79132
148626
134130
115713
134881
140174
137337
128360
127114
142488
128606
139385
141749
133645
143385
146656
109487
117533
72998
3361
112552
132800
102469
127206
133771
128512
101285
94969
110871
4763
52579
114459
161336
114254
113064
7926
53953
112550
757
111505
111249
61240
61236
69640
127108
80489
82463
82459
81932
81845
81591
81562
78574
80463
79242
78039
74545
67255
74324
78499
60072
48780
77455
50
26614
81786
134853
109374
55363
2730
2920
67665
5299
111384
4226
4011
3634
3546
588
2677
306
2330
319
3246
364
1245
121231
61024
27773
2529
1061
60684
1
1265
2959
8874
62849
1258
8781
4023
7347
4223
5602
4638
3499
3916
3175
3160
2989
2985
2600
2329
2273
1617
780
494
434
153
2028
215
31878
78349
2068
7161
4973
122886
105504
106696
56367
1176
34321
47
118997
745
2424
35836
1704
1291
5064
1028
44199
109249
3949
46578
66934
4995
6218
1036
1517
5608
8369
1900
1376
1358
106918
2361
1635
1639
55247
1259
4641
1250
5449
1242
236
246
300
40148
337
350
357
377
520
529
6016
587
628
661
608
904
1059
1801
1954
3676
5135
52319
5812
3751
5481
5377
5349
3785
3893
106473
4890
4016
4823
4041
186
4351
4701
6281
3113
3052
2700
4369
44191
107649
88125
1956
68954
2004
2012
2085
2369
65514
2396
130682
6953
1199
4306
55820
5
6985
4121
71057
69712
741
48711
4189
4612
66097
63992
48394
37733
6683
27904
8928
8623
8861
7373
5507
1274
5219
47465
47640
7361
2997
3030
76251
78209
52973
8528
593
858
1042
1120
1200
1610
2502
1103
104
36401
8865
4388
1131
104283
5971
3793
5618
2924
3996
5445
26662
2968
95441
97938
104841
54290
6986
111
247
1080
1219
1256
2288
5662
6287
27255
6713
8188
27592
30745
31658
52885
4467
8464
4069
3948
3882
3809
3301
6857
7090
3300
7844
3275
3257
8961
26554
5909
2641
2359
1721
4721
7376
31221
32025
80551
4911
2082
339
4322
89470
56805
72176
72741
82313
83976
85394
86320
86833
87304
88129
88235
88810
89260
89492
41585
89759
89804
90057
90376
90439
90531
90866
91077
94931
94959
95135
95449
95558
56788
56782
56607
56286
42217
46664
47274
1088
50068
51540
52241
52281
52967
53000
53123
53894
54272
54286
54513
54881
55052
55069
55118
55253
55269
55276
55280
55442
55946
56015
56152
45950
37729
96588
115139
123695
127144
127212
128235
131796
132458
1955
132549
139642
140715
140725
144172
148482
155064
156387
158783
160954
161582
163056
163949
164977
164979
138610
47044
66203
82152
111931
123663
112070
35957
107636
96728
96811
34162
97304
97673
97752
97921
97923
98154
98961
99114
99149
101525
101895
102194
103107
103372
32892
103624
7478
105197
105355
106100
106766
106916
106920
107141
41997
1572
5747
3679
4262
4103
3947
3811
3789
3742
3671
6830
3632
3629
3539
3498
3415
3384
4326
4327
4437
4712
4928
5169
5198
5289
5464
40819
5791
5795
2174
6229
6433
6515
3176
3111
3089
3022
1232
5984
7155
39421
53318
541
146501
914
946
954
1153
1172
1197
1209
1211
1260
2936
1272
1273
1281
1283
1935
1942
1957
2109
2178
2182
2202
2747
2857
2927
6783
6643
8584
26366
100365
6874
8645
8751
8765
8766
8767
25805
25927
26150
26151
31770
8207
34517
59725
37741
45720
8533
6942
38304
39183
2942
1997
40629
8236
3707
8125
7792
6981
8195
8154
7195
7243
7335
8128
6983
7438
3703
107999
232
1732
67997
6863
4018
6350
64969
1079
93040
111624
46970
2542
63131
44555
72011
72131
78653
73023
66665
67087
72720
69481
72395
72226
70293
71464
71745
71108
778
1729
1089
3114
41863
49917
48774
48738
48696
48516
47629
47423
46723
45210
45028
49824
5782
3265
7022
599
96832
96610
26585
260
34405
150
47099
8636
132547
103688
103449
96417
95761
8494
5956
68358
6754
296
1210
135518
2692
70286
68157
132046
68319
64957
69526
94777
2571
27611
8972
7458
82461
