5952
7153
4993
8795
1729
778
2019
1200
1120
1042
858
593
4121
1610
5902
3260
3978
2542
2329
3175
3160
2989
2985
2600
3916
4023
2273
153
434
494
1617
780
3499
8781
4223
4638
5602
7347
2959
8645
5791
5464
50068
55280
7438
6874
1258
4011
1036
1732
6016
296
1079
293
924
55363
55069
55442
26614
50
61236
61240
47
3949
1089
3809
3994
44199
3793
608
745
2288
2174
1199
2968
41997
52281
4467
4226
2361
111
5064
3111
1197
5747
8128
5198
4326
4262
1172
1211
1273
3679
1957
3811
4103
5782
40148
6218
5608
1265
1997
68954
48394
1291
4928
2997
7792
2502
8207
3384
3498
47274
1635
3671
6229
3947
4712
2178
2109
1272
26366
357
4437
5377
62849
350
4041
1103
52973
1061
48780
26585
6942
27773
2730
3265
7022
4973
109374
4911
47465
1219
3022
954
541
8125
2692
74458
7361
26554
68157
27592
107649
93040
8928
60072
2936
109249
60684
55820
53318
44191
37733
3882
1131
130682
78349
112552
79132
88125
232
46578
111384
6863
3257
3176
7090
3996
2924
5449
1080
34162
6287
587
104
7844
5971
7243
3629
1283
111624
55247
8874
65514
66097
3751
31878
2529
2028
4018
8961
5984
33794
2085
4721
6857
2082
80551
1274
741
104841
32025
7376
31221
4388
45720
8533
8972
1176
7458
3948
64957
4322
52319
78499
8464
78209
61024
76251
71057
3275
1260
3300
3301
4069
5219
1232
5507
1209
7373
27904
69526
1153
69712
47640
77455
946
6985
3030
5618
914
82461
757
104283
146501
6754
8865
36401
8528
5909
26662
97938
68358
1358
5812
5481
904
1059
4612
5135
1242
6683
4823
4701
4641
4369
4351
4306
4016
95441
1376
3893
3785
1517
1639
6986
3113
1954
1956
2004
3052
2700
2012
27255
661
6281
6953
8636
2369
54290
40614
247
1256
3546
5662
6713
8188
30745
1
117533
31658
1900
52885
58559
48711
8369
106918
67997
4189
106473
5
186
246
337
520
529
628
236
599
1281
81562
101895
101525
101285
99149
99114
98961
98154
97923
97921
97752
97673
97304
96832
96811
96728
102194
102469
103107
106916
111251
111249
110871
107636
107141
106920
106766
103372
106100
105355
105197
103688
103624
103449
96610
96588
96417
1572
88235
88129
87304
86833
86320
85394
83976
89260
82463
82459
82313
81932
81845
81786
88810
89470
95761
91077
95558
95449
95135
94969
94959
94931
90866
89492
90531
90439
90376
90057
89804
89759
111505
111622
112070
140174
144172
143385
142488
141749
140725
140715
139642
148482
139385
137337
134881
134859
134130
133771
146656
148626
132800
164977
111931
82152
66203
47044
138610
164979
163949
155064
163056
161582
161336
160954
158783
156387
133645
132549
112183
114342
116161
115713
115569
115139
114662
114459
114254
117176
113064
112852
112556
112550
112515
112290
116797
118700
132547
127212
132458
131796
128606
128512
128360
128235
127206
118880
127144
127114
127108
123695
123663
122882
81591
2641
80489
8494
40819
40629
39183
38304
37741
34517
31770
26151
26150
25927
25805
8767
8766
8765
8751
41585
42217
8623
51540
53894
53123
53000
52967
52579
80463
1955
46664
7478
32892
35957
37729
45950
100365
8584
8236
54272
8195
3742
3634
3632
3539
3415
3089
2927
2920
2857
2747
2359
2202
2182
1942
1935
3789
4327
4763
6830
8154
7926
7335
7195
6983
6981
6783
5169
6643
6515
6433
5956
5795
5289
53953
52241
63876
67255
78039
74545
72176
74324
64614
64620
64622
64701
64839
66665
67087
54286
67429
78574
67665
69481
70293
73023
71108
71464
72741
72720
72395
71745
72011
72131
63082
72226
61357
56286
54513
54881
55052
55063
55118
79242
55253
55269
55276
56015
56152
55946
56607
56805
61323
60766
60069
58879
58191
57669
56788
56782
78653
66934
56367
134853
6350
3703
64969
46970
118997
94777
63131
1028
34321
68319
106696
105504
34405
8861
107999
121231
3707
35836
109487
2068
39421
63992
122886
7155
1704
115617
215
3361
1250
135518
72998
70286
27611
3114
47099
7161
59725
4890
3246
2677
2330
1245
588
364
319
306
44555
2424
69640
5299
318
132046
1088
6539
150
48696
48516
47629
48738
41863
47423
48774
49824
46723
49917
45210
45028
1259
1721
1801
5445
300
377
339
2396
2571
260
1210
2942
4995
5349
3676
