64839
60766
58559
55063
57669
58191
67429
58879
60069
64701
64622
64620
64614
63876
63082
61357
61323
48394
61236
61240
52281
41997
1721
2174
88125
50068
8645
55280
6874
5791
5464
7438
61024
7243
3629
1283
55363
2028
55069
55442
59725
2424
107649
6942
66097
47
68954
63992
4306
1
112552
78499
1088
134853
3546
2529
2288
5662
30745
6287
6713
350
337
300
246
236
215
186
67997
4322
52885
31658
1256
27773
27592
8188
1729
40614
1219
1089
53318
39421
7155
5984
3707
3176
45720
8533
2942
1997
8464
26614
26662
27611
68358
72998
93040
95441
97938
106696
109249
109374
1028
54290
377
111
247
1079
1080
357
1259
520
529
44191
3703
65514
8636
6953
6281
5812
5481
5377
5349
5135
4890
4823
4701
4641
106473
3676
5449
2542
60072
47099
40148
6016
5608
2959
778
106918
117533
2361
1900
78349
70286
8369
4369
4351
4041
62849
1801
1639
1635
1517
1376
1358
1250
2004
1242
1059
904
661
628
587
1954
2012
4016
3260
3978
77455
3893
3785
3751
3361
3114
2085
3113
3052
2700
2692
2396
2369
1956
135518
319
5445
5219
4069
3882
3809
3301
3300
3275
3257
2641
2359
1732
1061
80551
2082
104841
69640
8972
5507
7373
8861
71057
5971
5618
3030
44555
7361
6985
47640
69712
8928
69526
68319
68157
60684
37733
34405
27904
7458
608
104283
52319
47465
5909
4911
4467
2968
1199
130682
107999
150
100365
45950
37729
35957
34162
32892
7478
1955
296
4388
1131
1258
121231
109487
79132
48780
4995
4226
1704
260
64957
27255
6986
6683
4612
4189
48711
74458
82461
132046
3948
4223
5902
5782
4993
3996
3265
2997
2924
2571
2019
1274
924
741
44199
8781
7347
5602
5064
5952
6857
7022
7376
1210
1176
318
232
50
32025
31221
4721
7090
122886
33794
26585
26554
8795
7844
7153
4638
4121
6754
4023
858
780
745
593
494
434
293
153
78209
76251
52973
8528
2502
1103
104
36401
8865
1036
1042
1120
3160
4011
3994
3949
3916
3793
3499
3175
2989
1200
2985
2600
2329
2273
1617
1610
1291
306
599
364
97752
97304
96832
96811
96728
96610
96588
96417
95761
95558
95449
95135
94969
94959
94931
91077
90866
90531
97673
97921
71108
97923
105504
105355
105197
103688
103624
103449
103372
103107
102469
102194
101895
101525
101285
99149
99114
98961
98154
90439
90376
90057
89804
80489
80463
79242
78653
78574
78039
74545
74324
73023
72741
72720
72395
72226
72176
541
72011
71745
81562
81591
81786
87304
89759
89492
89470
89260
88810
88235
88129
86833
81845
86320
85394
83976
82463
82459
82313
81932
106100
106766
106916
131796
143385
142488
141749
140725
140715
140174
139642
139385
137337
134881
134859
134130
133771
133645
132800
132549
132547
144172
146656
148482
164977
111931
111384
82152
66203
47044
138610
164979
163949
148626
163056
161582
161336
160954
158783
156387
155064
132458
128606
106920
128512
114342
114254
113064
112852
112556
112550
112515
112290
112183
112070
111622
111505
111251
111249
110871
107636
107141
114459
114662
115139
123695
128360
128235
127212
127206
127144
127114
127108
123663
115569
122882
118880
118700
117176
116797
116161
115713
71464
72131
70293
5747
5198
5169
4928
4763
4712
4437
4327
4326
4262
4103
3947
3811
3789
3742
3679
3671
3634
5289
5795
3539
5956
8207
8195
69481
8128
8125
7926
7792
7335
7195
6983
6981
6830
6783
6643
6515
6433
6229
3632
3498
8494
1935
1281
1273
1272
1260
1245
1232
1211
1209
1197
1172
1153
954
946
914
757
146501
588
1572
1942
3415
1957
3384
3246
3111
3089
3022
2936
2927
2920
2857
2747
2730
2677
2330
2202
2182
2178
2109
8236
8154
8584
49824
46664
46723
47274
47423
47629
48516
48696
48738
48774
49917
45028
52579
53953
8751
55946
56015
66665
67087
67255
67665
45210
339
8766
8767
26150
25927
26366
25805
42217
31770
8765
34517
37741
38304
39183
40629
40819
41585
41863
26151
66934
55247
55820
4973
31878
8874
56607
56286
56152
56782
56788
55253
55269
56805
55276
55118
53894
51540
52241
52967
53000
53123
55052
54272
54286
54513
54881
6863
111624
6539
1265
4018
35836
6350
118997
64969
6218
34321
94777
46970
56367
46578
63131
115617
2068
8961
8623
5
5299
7161
