296
2959
1729
778
6016
6874
8645
55280
7438
50068
5464
5791
7361
109487
5608
55363
2542
55442
55069
61236
61240
4226
4011
3949
1079
52281
41997
2997
3160
434
494
780
1617
2273
2329
7347
8781
2989
5602
4638
4223
4023
2600
3916
2985
3499
3175
153
3300
3176
6942
1089
48780
1219
2529
68157
5782
47
44199
68954
48394
26554
62849
1704
1732
93040
1036
3994
79132
74458
745
293
1291
5064
4995
27773
132046
1258
6218
122886
2692
94777
143385
148626
146656
141749
127114
133645
115713
140174
139385
137337
134881
142488
128606
134130
128360
1210
27611
122882
134859
127108
2571
135518
70286
72998
60072
26614
50
260
1245
3246
364
319
306
588
2677
2330
134853
2028
215
904
529
130682
628
520
661
587
5618
1059
1242
1250
111624
1259
107999
1358
1376
1517
1635
1639
1801
1954
1956
2004
377
246
357
350
1080
4388
47465
1256
5909
2288
4911
3546
5662
6287
6713
8188
27592
4467
30745
2968
31658
52885
58559
67997
5
186
236
2085
300
1199
337
2012
3114
2369
2396
3703
44191
106473
3676
5449
55247
106918
8369
78349
150
1900
2361
117533
1
100365
45950
37729
35957
34162
32892
40148
47099
7478
77455
1955
78499
4322
107649
88125
2174
4351
8623
2700
3052
247
3260
3361
3751
3893
3978
4016
4041
4306
4369
65514
4641
4701
4823
4890
5135
5349
5377
5481
5812
6281
6953
8636
1131
40614
111
3809
60684
37733
34405
27904
8928
8861
3793
7373
5507
5219
4069
3882
4121
3301
66097
3275
3257
2641
2359
1061
80551
741
924
1274
2019
2082
2924
104841
63992
66934
3996
76251
82461
104283
3030
6754
8865
36401
104
1103
2502
8528
52973
55820
61024
78209
1610
44555
6985
47640
46970
593
71057
69712
858
69526
1042
1120
1200
68319
3265
4993
64957
34321
6986
1265
2068
2424
3948
4018
4973
5299
7161
8464
26662
6683
4612
46578
1176
4189
56367
68358
48711
95441
97938
106696
109249
109374
115617
118997
54290
5971
27255
318
69640
8972
5902
5952
6350
6539
6857
7022
7090
7153
7844
8795
8874
8961
1088
7458
232
26585
31878
33794
1721
5445
4721
7376
31221
32025
35836
608
52319
121231
1028
599
1997
99114
90866
90531
90439
90376
90057
89804
89759
89492
89470
89260
88810
88235
88129
87304
86833
86320
85394
91077
94931
94959
96811
98154
97923
97921
97752
97673
97304
96832
96728
94969
96610
96588
96417
95761
95558
95449
95135
83976
82463
82459
67429
72011
71745
71464
71108
70293
69481
67665
67255
72176
67087
66665
64839
64701
64622
64620
64614
72131
72226
82313
79242
81932
81845
81786
81591
81562
80489
80463
78653
72395
78574
78039
74545
74324
73023
72741
72720
98961
99149
63082
101285
139642
133771
132800
132549
132547
132458
131796
128512
128235
127212
127206
127144
123695
123663
118880
118700
117176
140715
140725
144172
164977
111931
111384
82152
66203
47044
138610
164979
163949
148482
163056
161582
161336
160954
158783
156387
155064
116797
116161
115569
103688
106920
106916
106766
106100
105504
105355
105197
103624
107636
103449
103372
103107
102469
102194
101895
101525
107141
110871
115139
112552
114662
114459
114342
114254
113064
112852
112556
112550
111249
112515
112290
112183
112070
111622
111505
111251
63876
61357
2942
3539
3789
3742
3679
3671
3634
3632
3629
3498
3947
3415
3384
3111
3089
3022
2936
2927
3811
4103
2857
5289
6643
6515
6433
6229
5956
5795
5747
5198
4262
5169
4928
4763
4712
4437
4327
4326
2920
2747
61323
7155
946
914
757
146501
541
53318
39421
5984
1153
3707
64969
63131
59725
45720
8533
6863
954
1172
2730
1572
2202
2182
2178
2109
1957
1942
1935
1283
1197
1281
1273
1272
1260
1232
1211
1209
6783
6830
6981
47423
54513
54286
54272
53953
53894
53123
53000
52967
52579
52241
51540
49917
49824
48774
48738
48696
48516
54881
55052
55063
56782
60766
60069
58879
58191
57669
56805
56788
56607
55118
56286
56152
56015
55946
55276
55269
55253
47629
47274
6983
46723
8767
8766
8765
8751
8584
8494
8236
8207
8195
8154
8128
8125
7926
7792
7335
7243
7195
25805
25927
26150
40629
46664
45210
45028
42217
41863
41585
40819
339
26151
39183
38304
37741
34517
31770
26366
3113
3785
