2677
3246
2330
306
319
364
588
1245
2028
215
858
1120
1200
1610
4121
593
1042
3793
293
377
2396
3052
2700
2692
2004
2369
2085
2012
4369
1956
1954
1801
4641
3114
4351
3113
3260
3361
3751
3785
1635
3893
3978
4016
4041
4306
1639
1242
1517
186
67997
58559
52885
31658
30745
8188
6713
6287
5662
3546
1256
1080
247
111
40614
5
236
1376
246
1358
1259
1250
4823
1059
904
661
628
587
529
520
357
350
337
300
4701
5377
4890
39421
954
946
914
757
146501
541
53318
7155
5135
5984
3707
3176
64969
63131
59725
45720
1153
1172
1197
1209
2202
2182
2178
2109
1957
1942
1935
1572
1283
1281
1273
1272
1260
1232
1211
8533
6942
6863
106918
5449
3676
106473
44191
3703
107649
68954
65514
8636
6953
6281
5812
5481
134853
5349
55247
8369
2942
70286
1088
1028
4322
78499
77455
60072
47099
40148
6016
1
117533
2361
1900
94777
78349
54290
135518
118997
3301
8861
7373
5507
5219
4069
3882
3809
3300
104283
3275
3257
2641
2359
1061
80551
2082
8928
27904
34405
37733
5971
5618
3030
44555
7361
6985
47640
46970
71057
69712
69526
68319
66934
63992
60684
104841
69640
8972
4911
2968
1199
111624
107999
8623
2174
150
100365
45950
37729
35957
34162
32892
7478
1955
4467
5909
7458
47465
5445
608
52319
121231
109487
260
27255
6986
6683
4612
4189
48711
64957
1131
4388
82461
132046
115617
232
3948
2424
2068
1265
1210
1176
318
50
6754
35836
32025
31221
7376
4721
122886
1721
4018
4973
5299
7161
109374
109249
2730
97938
95441
93040
72998
68358
56367
46578
34321
27611
26662
26614
8464
33794
31878
26585
2924
2019
1274
924
741
78209
76251
61024
55820
52973
8528
2502
1103
104
36401
8865
2571
2997
26554
3265
8961
8874
8795
7844
7153
7090
7022
6857
6539
6350
5952
5902
5782
4993
3996
106696
599
2747
97921
97673
97304
96832
96811
96728
96610
96588
96417
95761
95558
95449
95135
94969
94959
94931
91077
90866
97752
97923
71464
98154
106100
105504
105355
105197
103688
103624
103449
103372
103107
102469
102194
101895
101525
101285
99149
99114
98961
90531
90439
90376
90057
81562
80489
80463
79242
78653
78574
78039
74545
74324
73023
72741
72720
72395
72226
72176
72131
72011
81591
81786
2857
88129
89804
89759
89492
89470
89260
88810
88235
87304
81932
86833
86320
85394
83976
82463
82459
82313
106766
106916
106920
131796
143385
142488
141749
140725
140715
140174
139642
139385
137337
134881
134859
134130
133771
133645
132800
132549
132547
144172
146656
148482
164977
111931
111384
82152
66203
47044
138610
164979
163949
148626
163056
161582
161336
160954
158783
156387
155064
132458
128606
107141
128512
114342
114254
113064
112852
112556
112552
112550
112515
112290
112183
112070
111622
111505
111251
111249
110871
107636
114459
114662
115139
123695
128360
128235
127212
127206
127144
127114
127108
123663
115569
122882
118880
118700
117176
116797
116161
115713
71745
81845
71108
6983
25805
8767
8766
8765
8751
8645
8584
8494
8236
8207
8195
8154
8128
8125
7926
7792
7438
7335
7243
25927
26150
26151
41997
47629
47423
47274
46723
70293
45210
45028
42217
41863
26366
41585
40819
40629
39183
38304
37741
34517
31770
7195
6981
48696
6874
3947
3811
3789
3742
3679
3671
3634
3632
3629
3539
3498
3415
3384
3111
3089
3022
2936
2927
2920
4103
4262
4326
5791
6830
6783
6643
6515
6433
6229
5956
5795
5747
4327
5464
5289
5198
5169
4928
4763
4712
4437
48516
46664
55069
55276
55253
55118
55063
55052
54881
54513
54286
54272
53953
61357
61240
53894
53123
53000
52967
55269
55280
52281
55363
60766
60069
58879
58191
57669
61323
56805
56788
56782
56607
56286
56152
56015
55946
55442
52579
61236
52241
64614
69481
67665
67429
67255
67087
66665
48738
64839
51540
48774
64622
64620
64701
63876
50068
49917
49824
63082
1732
1079
79132
2542
68157
4995
1089
74458
66097
1704
62849
1729
778
48780
1997
2529
1219
48394
27773
130682
6218
1258
4226
27592
5608
5064
1291
2288
88125
745
296
339
3994
1036
2959
3949
4011
44199
3916
3175
2329
2600
2985
2989
780
3160
494
434
1617
153
3499
2273
4023
4223
4638
5602
7347
8781
47
