47
318
1200
593
4121
858
1610
1042
1120
296
2959
3361
2288
88125
5608
27773
27592
4226
1258
111384
121231
130682
778
1729
48394
1219
2529
1061
1997
4011
3949
48780
1089
62849
1704
68157
66097
74458
2542
4995
1079
79132
1732
350
357
1639
1635
1517
1801
337
300
377
1358
520
1376
628
1259
529
1250
1242
1059
904
661
246
587
135518
236
40614
134853
118997
115617
109374
109249
106696
97938
95441
93040
72998
68358
56367
46578
34321
27611
54290
111
215
247
186
5
67997
58559
52885
31658
30745
8188
6713
1956
6287
5662
3546
1256
1080
1954
3785
2004
47099
2942
1088
1028
4322
78499
77455
60072
40148
6942
6016
1
117533
2361
1900
94777
78349
6863
8533
8369
53318
757
146501
588
541
364
319
306
39421
45720
7155
5984
3707
3176
64969
63131
59725
70286
106918
2012
3751
4351
4306
4041
4016
3978
3893
26614
3260
4641
3114
3113
2700
2692
2396
2369
2085
4369
4701
55247
65514
5449
3676
106473
44191
3703
107649
68954
8636
4823
6281
5812
5481
5377
5349
5135
4890
26662
50
8464
5219
37733
34405
27904
8928
8861
7373
5507
4069
63992
3882
3809
3301
3300
3275
3257
2641
60684
66934
7161
3030
8865
6754
132046
104283
82461
5971
5618
44555
68319
7361
6985
47640
46970
71057
69712
69526
2359
80551
2082
150
4467
2968
1199
111624
107999
8623
2174
100365
104841
45950
37729
35957
34162
32892
7478
1955
4911
5909
47465
4388
69640
8972
7458
608
52319
109487
260
27255
6986
6683
4612
4189
48711
64957
1131
36401
104
1103
7022
31878
26585
26554
8961
8874
7844
7090
6857
2571
6539
6350
5902
5782
3996
3265
2997
33794
1721
122886
4721
5299
4973
4018
3948
2424
2068
1265
1210
1176
232
946
35836
32025
31221
7376
2924
1274
2502
434
2273
1617
1291
1036
780
745
494
293
924
153
78209
76251
61024
55820
52973
8528
2329
2600
2985
2989
741
44199
8781
7347
6218
5602
5064
4638
4223
4023
3994
3916
3499
3175
3160
914
599
954
94969
96728
96610
96588
96417
95761
95558
95449
95135
94959
89492
94931
91077
90866
90531
90439
90376
90057
89804
96811
96832
97304
97673
103688
103624
103449
103372
103107
102469
102194
101895
101525
101285
99149
99114
98961
98154
97923
97921
97752
89759
89470
67087
72176
78039
74545
74324
73023
72741
72720
72395
72226
72131
89260
72011
71745
71464
71108
70293
69481
1153
67429
78574
78653
79242
80463
88810
88235
88129
87304
86833
86320
85394
83976
82463
82459
82313
81932
81845
81786
81591
81562
80489
105197
105355
105504
134859
141749
140725
140715
140174
139642
139385
137337
134881
134130
106100
133771
133645
132800
132549
132547
132458
131796
128606
142488
143385
144172
146656
111931
82152
66203
47044
138610
164979
164977
163949
163056
161582
161336
160954
158783
156387
155064
148626
148482
128512
128360
128235
113064
112556
112552
112550
112515
112290
112183
112070
111622
111505
111251
111249
110871
107636
107141
106920
106916
106766
112852
114254
127212
114342
127206
127144
127114
127108
123695
123663
122882
118880
118700
117176
116797
116161
115713
115569
115139
114662
114459
67255
67665
66665
5169
6229
5956
5795
5791
5747
5464
5289
5198
4928
6515
4763
4712
4437
4327
4326
4262
4103
3947
6433
6643
3789
7926
8584
8494
8236
8207
8195
8154
8128
8125
7792
6783
7438
7335
7243
7195
6983
6981
6874
6830
3811
3742
8751
1281
2178
2109
2028
1957
1942
1935
1572
1283
1273
2202
1272
1260
1245
1232
1211
1209
1197
1172
2182
2330
3679
3246
3671
3634
3632
3629
3539
3498
3415
3384
3111
2677
3089
3022
2936
2927
2920
2857
2747
2730
64839
8645
8765
56286
56015
55946
55442
55363
55280
55276
55269
55253
55118
55069
55063
55052
54881
54513
54286
54272
8766
56152
56607
53123
56782
64701
64622
64620
64614
63876
63082
61357
61323
61240
61236
60766
60069
58879
58191
57669
56805
56788
53894
53953
53000
46664
45210
45028
42217
41997
41863
41585
40819
40629
39183
38304
37741
34517
31770
26366
26151
26150
25927
25805
8767
52967
339
46723
48738
52579
52281
52241
51540
50068
49917
49824
48774
48696
48516
47629
47423
47274
2019
7153
5952
3793
6953
4993
8795
3052
5445
