50
26614
296
45210
47423
48516
48696
48738
48774
49824
49917
46723
104841
45028
41863
47629
293
1729
778
44199
44555
47099
2959
2542
77455
1079
1089
68157
46578
1732
111505
112550
4763
110871
128512
114459
113064
127206
114254
111249
132800
133771
52579
102469
94969
7926
161336
53953
757
101285
122882
134859
118880
118700
112515
67665
2730
55363
2920
3634
81786
117533
80463
79242
78574
81562
81845
74324
80489
81591
74545
78039
81932
82459
67255
82463
78499
52885
246
236
215
186
5
67997
58559
31658
30745
27592
2288
8188
6713
6287
5662
3546
599
54290
1256
1219
4973
5299
7161
8464
26662
34321
56367
68358
93040
95441
106696
109249
109374
115617
118997
134853
337
40614
111
247
1080
300
1635
350
4369
44191
3703
107649
88125
68954
65514
8636
6953
6281
5812
5481
5377
5349
5135
4890
4823
4701
106473
3676
5449
6016
2942
1997
1088
1028
4322
60072
40148
5608
55247
1
2361
1900
94777
78349
8369
106918
4641
4351
357
4306
1801
1639
3948
1517
1376
1358
1259
1250
1242
1059
904
661
628
587
529
520
377
1954
1956
2004
3260
4041
4016
3978
3893
3785
3751
3361
3114
2012
3113
3052
2700
2692
2396
2369
2085
4018
7022
2424
3882
27904
8928
8861
7373
5507
5219
4069
3809
37733
3301
3300
3275
3257
2641
2359
1061
34405
48394
36401
6985
6754
104283
82461
5971
5618
3030
7361
47640
63992
46970
71057
69712
69526
68319
66934
66097
80551
2082
69640
150
2968
1199
130682
111624
107999
8623
2174
100365
8972
45950
37729
35957
34162
32892
7478
1955
4467
4911
5909
47465
7458
5445
608
52319
121231
1258
27255
6986
6683
4612
4189
48711
64957
1131
4388
8865
104
2068
2997
6539
5952
5902
5782
4993
3996
3265
2924
6942
2019
1274
924
741
8781
7347
6218
6857
7090
1103
1721
318
35836
32025
31221
7376
4721
122886
33794
7153
31878
26585
26554
8961
8874
8795
7844
5602
5064
4638
434
1042
1036
858
780
745
593
494
153
4223
78209
76251
61024
55820
52973
8528
2502
1120
1200
1291
1610
4121
4023
3994
3949
3916
3793
3499
3175
3160
2989
2985
2600
2329
2273
1617
6863
339
8533
72395
64701
64839
66665
67087
67429
69481
70293
71108
71464
71745
72011
72131
72176
72226
72720
64620
72741
73023
78653
82313
95761
96417
97673
101895
102194
103107
103372
103449
103624
103688
64622
64614
105355
56152
54286
54513
54881
55052
55063
55069
55118
55253
55269
55276
55280
55442
55946
56015
56286
63876
56607
56782
56788
56805
57669
45720
58879
60069
60766
61236
61240
61323
61357
63082
105197
106100
53894
148626
134130
134881
137337
139385
139642
140174
140715
140725
141749
142488
143385
144172
146656
148482
155064
132549
156387
158783
160954
161582
163056
163949
164977
164979
138610
47044
66203
82152
111384
111931
133645
132547
106766
115139
106916
106920
107141
107636
111251
111622
112070
112183
112290
112552
112556
112852
114342
114662
115569
132458
115713
116161
116797
117176
123663
123695
127108
127114
127144
127212
128235
128360
128606
131796
54272
58191
5791
2330
2182
2178
2109
2028
53123
1957
1942
1935
1572
1283
5795
5956
1281
1273
1272
1260
1245
1232
1211
1209
1197
1172
1153
954
946
914
146501
588
541
2202
2677
319
2747
3111
3246
3384
3415
3498
3539
3629
3632
3671
3679
3742
3789
2936
3811
3947
4103
4262
4326
2927
4327
4437
4712
4928
5169
5198
5289
5464
5747
2857
3022
364
306
40819
8766
8767
25805
25927
3707
26150
26151
26366
31770
34517
37741
38304
39183
40629
41585
8751
41997
42217
3176
46664
64969
63131
47274
50068
51540
59725
52241
52281
52967
53000
53318
8765
7243
7438
6229
39421
6433
6515
6643
6783
6830
6874
6981
6983
7195
5984
7335
3089
7792
8125
8645
8584
8494
8236
8207
8195
8154
8128
7155
74458
260
47
1210
27773
4995
72998
70286
135518
62849
1176
109487
27611
4011
2529
1704
1265
96610
96832
232
6350
105504
48780
132046
96728
95135
98961
98154
97923
101525
94931
94959
95449
96811
95558
97921
96588
99114
97752
97304
99149
4226
60684
2571
79132
97938
89759
89492
91077
90531
90439
90376
90057
89804
83976
85394
86320
86833
87304
88129
88235
88810
89260
89470
90866
