153
4638
3160
3175
3499
2600
3916
2329
2273
1617
4023
2985
4223
5602
780
7347
8781
494
434
2989
44199
1042
1120
858
1610
593
1200
296
4121
520
377
150
1036
3994
745
1291
5064
3793
4011
6218
3949
3114
778
1729
1089
68157
2424
2542
1079
1732
6942
3751
3260
2730
3113
3052
2692
2700
3893
2396
2369
2085
2012
3785
4016
3978
1956
4306
4351
4369
4641
4701
4823
4890
5135
5349
5377
5481
2202
2004
1639
1954
2747
5662
6287
6713
8188
30745
31658
52885
58559
67997
246
300
337
2857
529
1801
587
628
661
904
1059
1242
1250
1259
1358
1376
1517
1635
2178
2182
1957
2109
5812
6953
8636
65514
68954
107649
44191
106473
3676
5449
55247
106918
8369
78349
94777
1900
2361
117533
1
8533
6016
40148
47099
60072
77455
78499
4322
1028
1088
2942
6281
45720
6863
59725
1942
1935
1572
1283
1281
1273
1272
1260
1232
1211
1209
1197
1172
1153
954
946
914
757
146501
541
53318
3546
39421
7155
5984
3707
3176
64969
63131
599
5299
1256
34405
2359
2641
3257
3275
3300
3301
3809
4069
5219
5507
7373
8861
8928
27904
60684
1080
63992
66934
69526
69712
71057
46970
47640
6985
7361
44555
3030
5618
5971
82461
80551
2082
104841
69640
1955
7478
32892
34162
35957
37729
45950
100365
2174
111624
1199
2968
4467
4911
5909
47465
4388
1131
64957
48711
4189
4612
6683
6986
27255
52319
5445
7458
8972
104283
6754
8865
1721
7376
31221
32025
35836
50
232
1176
1265
3948
4018
4973
2927
8464
26614
26662
34321
46578
56367
68358
93040
95441
97938
106696
109374
118997
54290
40614
111
247
4721
33794
36401
31878
104
2502
8528
61024
76251
78209
741
924
1274
2924
2997
3265
3996
4993
5782
5902
5952
6350
6539
6857
7022
7090
7153
7844
8795
8874
8961
26554
26585
2920
339
2936
94969
96728
96610
96588
96417
95761
95558
95449
95135
94959
105355
94931
91077
90866
90531
90439
90376
90057
89804
96811
96832
97304
97673
103688
103624
103449
103372
103107
102469
102194
101895
101525
101285
99149
99114
98961
98154
97923
97921
97752
89759
89492
89470
78653
78039
74545
74324
73023
3022
72720
72395
72226
72176
72131
72011
71745
71464
71108
70293
69481
67665
78574
79242
89260
80463
88810
88235
88129
87304
86833
86320
85394
83976
82463
82459
82313
81932
81845
81786
81591
81562
80489
105197
105504
67255
134859
141749
140725
140715
140174
139642
139385
137337
134881
134130
106100
133771
133645
132800
132549
132547
132458
131796
128606
142488
143385
144172
146656
111931
82152
66203
47044
138610
164979
164977
163949
163056
161582
161336
160954
158783
156387
155064
148626
148482
128512
128360
128235
113064
112556
112552
112550
112515
112290
112183
112070
111622
111505
111251
111249
110871
107636
107141
106920
106916
106766
112852
114254
127212
114342
127206
127144
127114
127108
123695
123663
122882
118880
118700
117176
116797
116161
115713
115569
115139
114662
114459
67429
72741
67087
37741
41863
41585
40819
40629
39183
38304
4928
42217
34517
31770
26366
5169
26151
26150
41997
45028
6830
48696
50068
4712
49917
49824
48774
48738
4763
45210
48516
47629
47423
47274
46723
46664
25927
25805
5198
6433
5956
7926
7792
6229
7438
7335
7243
5289
6515
6643
6783
7195
6983
6981
8125
8128
8154
8195
5795
5791
8207
8236
8494
8584
5747
8645
8751
8765
8766
5464
8767
51540
52241
52281
58879
3629
61236
60766
3632
60069
3634
3671
56805
58191
3679
3742
3789
3811
52579
3539
61240
3498
61323
61357
63082
3415
63876
3384
3111
64614
64620
3089
64622
64701
64839
66665
57669
3947
4103
54272
55069
55063
55052
54881
54513
54286
4327
55253
4437
53953
53894
53123
53000
52967
56788
55118
55269
56286
4262
4326
56782
56607
55276
6874
56152
56015
55946
55442
55363
55280
115617
72998
70286
109249
3703
135518
2571
134853
68319
109487
27611
107999
122886
2068
132046
2019
1210
293
37733
3882
79132
55820
4995
7161
608
74458
66097
1704
62849
2959
260
357
350
1103
186
5
236
8623
4041
52973
48780
1997
1061
2529
1219
48394
130682
121231
111384
1258
4226
27592
27773
5608
88125
2288
3361
215
2028
318
47
2677
3246
364
2330
306
319
588
1245
