2959
4226
608
4993
8795
2692
4973
778
1729
5608
296
2571
2542
52973
1103
350
4041
3882
48780
1079
47
2019
62849
1089
2529
1704
79132
3811
1197
8128
1172
4322
2502
1957
4103
4262
4326
5198
1273
1211
5747
3111
3679
593
858
1042
1120
1200
1610
4121
7153
5952
1219
3809
4995
55820
132046
1732
40148
37733
3361
318
1210
109249
27773
3793
8928
2396
339
5349
1639
1517
50
3948
26614
5377
2174
150
1245
3246
319
588
364
2330
306
2677
94777
1258
26585
46578
27611
68157
4011
109487
111624
109374
70286
135518
3265
7022
4890
2028
215
8874
3114
7155
31878
35836
5299
6016
2359
1250
107649
260
6350
2288
88125
232
5971
56367
112552
27592
64957
34321
1176
118997
111384
122886
121231
1088
67997
39421
130682
107999
48394
115617
1061
6539
34405
66934
1997
6863
3707
2942
68319
3703
66097
1291
80551
115569
529
628
661
904
1059
1242
4911
1259
1358
1376
1635
357
115139
1801
1954
1956
2004
2012
2085
2369
114662
114459
2700
520
115713
3113
6713
247
122882
118880
118700
1256
117176
4388
116797
3546
5662
6287
8188
337
66203
116161
30745
31658
52885
58559
47465
186
5909
236
246
3052
114342
4467
37729
112556
78349
100365
1900
2361
117533
1
112550
112515
112290
45950
112183
54290
35957
34162
112070
47099
60072
111622
77455
78499
32892
7478
1955
8369
106918
5449
3676
3751
3785
4016
114254
4306
4369
4641
4701
2968
1199
5135
113064
112852
5812
6281
6953
8636
65514
68954
82152
111931
99114
44191
111
134853
2082
143385
3030
5618
161336
82461
104283
146656
6754
8865
36401
104
144172
8528
1131
142488
141749
61024
76251
78209
140725
140715
140174
139642
139385
137337
44555
6985
47640
71057
160954
104841
2641
3275
3300
3301
158783
156387
4069
5219
5507
7373
8861
155064
27904
69640
148626
8972
7458
148482
5445
69526
69712
134881
134859
134130
32025
111505
128512
27255
128360
6986
128235
127212
127206
6683
8464
127144
26662
127114
4612
127108
4189
68358
95441
97938
106696
123695
123663
48711
47044
31221
741
7376
1274
133771
133645
2924
52319
3996
132800
132549
161582
163056
6857
163949
7090
132547
7844
132458
164977
8961
131796
164979
33794
138610
4721
128606
99149
1028
56607
58879
58191
57669
56805
56788
56782
56286
55269
56152
56015
55946
55442
55363
55280
60069
60766
61236
61240
61323
61357
63082
63876
64614
64620
64622
64701
64839
66665
67087
67255
67429
55276
55253
41585
47423
49824
48774
48738
48696
48516
47629
47274
55118
46723
46664
45210
45028
42217
41997
49917
51540
52241
52281
52579
52967
53000
53123
53894
53953
54272
54286
54513
54881
55052
55063
55069
67665
69481
70293
90439
94969
94959
94931
91077
90866
90531
90376
71108
90057
89804
89759
89492
89470
89260
95135
95449
95558
95761
96417
96588
96610
96728
96811
96832
97304
97673
97752
97921
97923
98154
98961
88810
88235
88129
78653
71464
71745
72011
72131
72176
72226
72395
72720
72741
73023
74324
74545
78039
78574
79242
87304
80463
80489
81562
81591
81786
81845
81932
82313
82459
82463
83976
85394
86320
86833
41863
50068
5289
3947
3789
3742
103449
3671
3634
3632
3539
3498
3415
3384
103624
103688
3089
2927
2920
103372
103107
6643
102469
6433
6229
5956
5795
5791
101525
5464
101895
5169
4928
4763
4712
4437
4327
102194
2857
2747
2730
105197
107141
1153
946
914
757
146501
107636
110871
111249
111251
53318
5984
3176
45720
8533
106920
1209
106916
1942
105355
2202
2182
2178
2109
105504
1935
1232
1572
1281
106100
1272
1260
106766
6515
599
26151
8494
34517
31770
26366
7335
26150
7438
8645
25927
8236
25805
7792
7926
8767
8766
101285
8765
8751
8154
8195
37741
8207
38304
40629
40819
6783
6830
6874
8584
6981
7195
6983
39183
106473
7243
1283
3629
2936
541
3022
1080
8125
377
954
4351
300
4018
64969
6942
46970
63131
5782
2068
55247
60684
93040
1265
3949
26554
7361
293
7161
924
63992
74458
2997
4823
3893
8623
5
5481
2424
6218
3978
3260
5902
59725
72998
1036
5064
745
44199
1721
587
3257
40614
4638
2600
494
434
780
153
8781
1617
2273
2329
2985
4223
7347
2989
3160
3175
3499
3916
5602
4023
3994
