1
296
78499
134853
778
1729
115617
1089
68157
2959
2542
1079
1732
1242
1358
1259
1376
1250
904
1059
1635
661
628
587
529
520
1517
135518
1639
3052
3893
3785
3751
3361
3260
3114
3113
2700
1801
2692
2396
2369
2085
2012
1956
1954
2004
337
377
40614
2529
2288
1256
1219
1080
247
111
54290
5662
118997
109374
109249
106696
97938
95441
93040
3546
6287
357
5
350
4016
300
246
236
215
186
67997
6713
58559
52885
31658
30745
27773
27592
8188
3978
4369
4041
45720
7155
5984
3707
3176
64969
63131
59725
8533
53318
6942
6863
2942
1997
1088
1028
4322
39421
306
4306
1153
1260
1245
1232
1211
1209
1197
1172
954
319
946
914
757
146501
588
541
364
77455
62849
60072
5377
68954
65514
8636
6953
6281
5812
5481
5349
47099
5135
4890
4823
4701
4641
68358
4351
88125
107649
3703
44191
40148
6016
5608
117533
2361
1900
94777
78349
70286
8369
106918
55247
5449
3676
106473
72998
46578
56367
52319
4069
3882
3809
3301
3300
3275
3257
2641
2359
1061
80551
2082
104841
69640
8972
7458
5445
5219
5507
7373
66934
6985
47640
46970
71057
69712
69526
68319
66097
8861
63992
60684
48394
37733
34405
27904
8928
608
121231
1273
109487
4467
2968
1199
130682
111624
107999
8623
2174
150
100365
45950
37729
35957
34162
32892
7478
1955
4911
5909
47465
27255
79132
48780
4995
4226
1704
1258
260
6986
4388
6683
4612
4189
48711
74458
64957
1131
7361
44555
3030
5618
32025
31221
7376
4721
122886
1721
33794
31878
26585
26554
8961
8874
8795
7844
7153
7090
7022
35836
47
50
4973
34321
27611
26662
26614
8464
7161
5299
4018
232
3948
2424
2068
1265
1210
1176
318
6857
6539
6350
1103
78209
76251
61024
55820
52973
8528
2502
104
858
36401
8865
6754
132046
104283
82461
5971
593
1042
5952
2571
5902
5782
4993
3996
3265
2997
2924
2019
1120
1274
924
741
4121
3793
1610
1200
1272
599
1281
97921
97673
97304
96832
96811
96728
96610
96588
96417
95761
95558
95449
95135
94969
94959
94931
91077
90866
97752
97923
71464
98154
106100
105504
105355
105197
103688
103624
103449
103372
103107
102469
102194
101895
101525
101285
99149
99114
98961
90531
90439
90376
90057
81562
80489
80463
79242
1283
78574
78039
74545
74324
73023
72741
72720
72395
72226
72176
72131
72011
81591
81786
81845
88129
89804
89759
89492
89470
89260
88810
88235
87304
81932
86833
86320
85394
83976
82463
82459
82313
106766
106916
106920
131796
143385
142488
141749
140725
140715
140174
139642
139385
137337
134881
134859
134130
133771
133645
132800
132549
132547
144172
146656
148482
164977
111931
111384
82152
66203
47044
138610
164979
163949
148626
163056
161582
161336
160954
158783
156387
155064
132458
128606
107141
128512
114342
114254
113064
112852
112556
112552
112550
112515
112290
112183
112070
111622
111505
111251
111249
110871
107636
114459
114662
115139
123695
128360
128235
127212
127206
127144
127114
127108
123663
115569
122882
118880
118700
117176
116797
116161
115713
71745
78653
71108
5791
8207
8195
8154
8128
8125
7926
7792
7438
7335
7243
7195
6983
6981
6874
6830
6783
6643
6515
6433
6229
5956
8236
8494
8584
34517
42217
41997
41863
41585
40819
40629
39183
38304
37741
31770
8645
26366
26151
26150
25927
25805
8767
8766
8765
8751
5795
5747
70293
5464
3246
3111
3089
3022
2936
2927
2920
2857
2747
2730
2677
2330
2202
2182
2178
2109
2028
1957
1942
1935
1572
3384
3415
3498
4262
5289
5198
5169
4928
4763
4712
4437
4327
4326
4103
3539
3947
3811
3789
3742
3679
3671
3634
3632
3629
45028
45210
46664
46723
56782
56607
56286
56152
56015
55946
55442
55363
55280
55276
55269
55253
55118
55069
55063
55052
54881
54513
54286
54272
53953
56788
56805
57669
64620
69481
67665
67429
67255
67087
66665
64839
64701
64622
64614
58191
63876
63082
61357
61323
61240
61236
60766
60069
58879
53894
53123
53000
51540
47274
47423
47629
48516
48696
48738
48774
49824
49917
52967
50068
339
52579
52281
52241
293
6218
3949
4011
5064
1291
745
3994
1036
44199
7347
494
780
8781
153
434
4023
5602
1617
2273
2329
2600
2985
4638
3160
3175
3499
4223
3916
2989
