319
306
1245
364
3246
2330
2677
588
2028
215
293
1517
1954
1801
1639
1635
1259
1376
1358
2004
1250
1242
1059
904
661
628
587
1956
135518
2012
3260
4041
4016
3978
3893
3785
3751
3361
3114
2085
3113
3052
2700
2692
2396
520
2369
529
300
377
5662
2529
2288
1729
1256
1219
1089
1080
1079
247
111
40614
54290
134853
118997
115617
3546
6287
357
6713
350
337
4351
246
236
186
5
67997
58559
52885
31658
30745
27773
27592
8188
4306
4890
4369
6942
3707
3176
64969
63131
59725
45720
8533
6863
60072
2942
1997
1088
1028
4322
78499
77455
5984
7155
39421
53318
1273
1272
1260
1232
1211
1209
1197
1172
1153
954
946
914
757
146501
541
62849
47099
4641
6281
3703
107649
88125
68954
65514
8636
6953
5812
40148
5481
5377
5349
5135
109249
4823
4701
44191
106473
3676
5449
6016
5608
2959
2542
778
1
117533
2361
1900
94777
78349
70286
8369
106918
55247
109374
106696
1283
121231
3809
3301
3300
3275
3257
2641
2359
1732
1061
80551
2082
104841
69640
8972
7458
5445
608
3882
4069
5219
63992
71057
69712
69526
68319
68157
66934
66097
60684
5507
48394
37733
34405
27904
8928
8861
7373
52319
109487
47640
79132
4467
2968
1199
130682
111624
107999
8623
2174
150
100365
45950
37729
35957
34162
32892
7478
1955
4911
5909
47465
6986
48780
4995
4226
1704
1258
260
27255
6683
296
4612
4189
48711
74458
64957
1131
4388
46970
6985
97938
8795
1176
318
232
50
47
35836
32025
31221
7376
4721
122886
1721
33794
31878
26585
26554
8961
1210
1265
2068
27611
95441
93040
72998
68358
56367
46578
34321
26662
2424
26614
8464
7161
5299
4973
4018
3948
8874
7844
7361
7153
61024
55820
52973
8528
2502
1103
104
36401
8865
6754
132046
104283
82461
5971
5618
3030
44555
76251
78209
741
5782
7090
7022
6857
6539
6350
5952
5902
4993
924
3996
3265
2997
2924
2571
2019
1274
1281
599
1572
106920
97921
97752
97673
97304
96832
96811
96728
96610
96588
96417
95761
95558
95449
95135
94969
94959
94931
97923
98154
98961
103449
106766
106100
105504
105355
105197
103688
103624
103372
99114
103107
102469
102194
101895
101525
101285
99149
91077
90866
90531
78574
81786
81591
81562
80489
80463
79242
78653
78039
81932
74545
74324
73023
72741
72720
72395
72226
1935
82313
90439
88810
90376
90057
89804
89759
89492
89470
89260
88235
82459
88129
87304
86833
86320
85394
83976
82463
106916
107141
72131
107636
143385
142488
141749
140725
140715
140174
139642
139385
137337
134881
134859
134130
133771
133645
132800
132549
132547
144172
146656
148482
164977
111931
111384
82152
66203
47044
138610
164979
163949
148626
163056
161582
161336
160954
158783
156387
155064
132458
131796
128606
112515
114342
114254
113064
112852
112556
112552
112550
112290
114662
112183
112070
111622
111505
111251
111249
110871
114459
115139
128512
123695
128360
128235
127212
127206
127144
127114
127108
123663
115569
122882
118880
118700
117176
116797
116161
115713
72176
81845
72011
25805
8766
8765
8751
8645
8584
8494
8236
8207
8195
8154
8128
8125
7926
7792
7438
7335
7243
7195
6983
6981
6874
8767
25927
6783
26150
48516
47629
47423
47274
46723
46664
45210
45028
42217
41997
41863
41585
40819
40629
39183
38304
37741
34517
31770
26366
26151
6830
6643
71745
3671
3632
3629
3539
3498
3415
3384
3111
3089
3022
2936
2927
2920
2857
2747
2730
2202
2182
2178
2109
1957
1942
3634
3679
6515
3742
6433
6229
5956
5795
5791
5747
5464
5289
5198
5169
4928
4763
4712
4437
4327
4326
4262
4103
3947
3811
3789
48696
48738
48774
58191
56805
56788
56782
56607
56286
56152
56015
55946
55442
55363
55280
55276
55269
55253
55118
55069
55063
55052
54881
54513
54286
57669
58879
49824
60069
71464
71108
70293
69481
67665
67429
67255
67087
66665
64839
64701
64622
64620
64614
63876
63082
61357
61323
61240
61236
60766
54272
53953
53894
53000
52967
52579
52281
52241
51540
49917
50068
53123
6218
3949
4011
1291
5064
745
339
3994
1036
44199
4023
2273
153
8781
434
494
7347
780
5602
1617
3175
2329
3160
4223
3916
3499
4638
2989
2985
2600
3793
858
4121
593
1042
1120
1200
1610
