7361
608
1732
2997
2502
1265
318
3809
5782
1103
52973
4041
350
26554
4973
93040
1957
1197
1211
1273
3111
3679
3176
5747
5198
4326
4262
4103
3811
8128
1172
1079
55820
46578
109374
3361
37733
3882
8928
109249
2361
5299
5971
6218
111384
53318
121231
1258
79132
111624
60684
1729
778
1061
55247
34321
8874
2068
118997
111
35836
31878
63131
7161
115617
6539
6942
46970
94777
27773
56367
64969
6350
6863
66934
3260
1517
1242
1250
1358
3113
3785
1376
3114
2700
3052
2396
1635
1801
1954
1956
2004
2012
2085
2369
1059
246
904
661
1080
1256
2288
3546
5662
6287
6713
8188
27592
30745
31658
52885
58559
67997
5
186
215
236
3978
300
337
1199
357
377
529
587
628
3893
27255
4016
1028
45720
8533
2942
1997
1088
35957
4322
34162
78499
77455
60072
47099
40148
6016
59725
3707
1
7478
1955
946
914
757
146501
588
541
5984
364
319
306
32892
39421
7155
37729
117533
130682
5135
8636
6953
6281
5812
5481
5377
4890
68954
4823
4701
4641
4369
4351
4306
65514
88125
45950
8369
100365
150
2174
1900
78349
70286
106918
107649
8623
5449
107999
3676
106473
44191
5349
68358
247
8865
1131
8528
64957
48711
104
36401
6754
6985
132046
104283
82461
5618
3030
44555
61024
76251
78209
153
293
434
494
593
745
780
858
1036
1042
1120
1200
1291
1610
4189
47640
2273
104841
3257
2641
2359
6683
80551
2082
69640
71057
8972
7458
5445
6986
52319
109487
3275
3300
3301
4612
4069
5219
5507
7373
8861
27904
34405
48394
63992
66097
68319
69526
69712
1617
2329
40614
4721
954
232
50
32025
31221
7376
122886
7153
1721
33794
26585
5909
8961
8795
1210
4911
2424
3948
4467
8464
26614
26662
27611
260
72998
2968
95441
97938
106696
134853
54290
7844
7090
2600
3994
5602
5064
4638
4223
4121
4023
3916
7022
3793
3499
3175
3160
2989
2985
7347
8781
44199
741
924
1274
2019
2571
2924
4388
3265
3996
4993
47465
5902
5952
6857
135518
599
1153
94969
96728
96610
96588
96417
95761
95558
95449
95135
94959
105355
94931
91077
90866
90531
90439
90376
90057
89804
96811
96832
97304
97673
103688
103624
103449
103372
103107
102469
102194
101895
101525
101285
99149
99114
98961
98154
97923
97921
97752
89759
89492
89470
78653
78039
74545
74324
73023
72741
72720
72395
72226
72176
72131
72011
71745
71464
71108
70293
1209
69481
78574
79242
89260
80463
88810
88235
88129
87304
86833
86320
85394
83976
82463
82459
82313
81932
81845
81786
81591
81562
80489
105197
105504
67429
134859
141749
140725
140715
140174
139642
139385
137337
134881
134130
106100
133771
133645
132800
132549
132547
132458
131796
128606
142488
143385
144172
146656
111931
82152
66203
47044
138610
164979
164977
163949
163056
161582
161336
160954
158783
156387
155064
148626
148482
128512
128360
128235
113064
112556
112552
112550
112515
112290
112183
112070
111622
111505
111251
111249
110871
107636
107141
106920
106916
106766
112852
114254
127212
114342
127206
127144
127114
127108
123695
123663
122882
118880
118700
117176
116797
116161
115713
115569
115139
114662
114459
67665
339
25927
7926
8494
8236
8207
8195
8154
8125
2178
7792
6783
7438
7335
7243
7195
6983
6981
6874
8584
8645
8751
2109
40629
39183
38304
37741
34517
31770
26366
26151
2028
26150
67255
25805
8767
8766
8765
6830
6643
2936
3629
2330
3634
3632
2677
2730
2747
2857
3539
6515
2920
3498
3415
3384
3246
3089
2927
2202
3671
3742
3789
6433
6229
2182
5956
5795
5791
5464
5289
5169
4928
4763
4712
4437
4327
3947
1942
40819
41585
55946
56805
56788
56782
56607
56286
56152
56015
55442
41863
55363
55280
55276
55269
1245
1260
55253
57669
58191
58879
60069
67087
66665
64839
64701
1232
64622
64620
64614
63876
63082
61357
61323
61240
61236
60766
55118
55069
1272
55063
48774
48738
48696
48516
1572
47629
47423
47274
46723
46664
45210
45028
42217
1935
41997
49824
49917
50068
53123
55052
54881
54513
54286
54272
53953
53894
1281
53000
1283
52967
52579
52281
52241
51540
3022
2959
1176
74458
62849
4011
2529
47
3949
1219
4995
48780
2692
5608
520
1259
296
1704
4226
2542
68157
4018
3703
1639
1089
3751
