7153
5952
8795
4993
2019
3978
5902
3260
260
4306
924
296
318
47
2288
88125
1089
68157
27592
3361
1210
130682
132046
48394
2571
1997
2068
111384
6539
121231
66097
122886
27611
1061
107999
135518
109487
70286
69640
72998
68319
134853
3703
109249
115617
5299
105504
106696
34321
8874
118997
35836
31878
63131
1028
1265
7161
4973
46970
94777
56367
64969
6350
4018
6863
66934
4041
37729
3893
35957
4016
80551
4369
4641
4701
4823
4890
5135
5349
5377
5481
5812
6281
6953
8636
65514
4351
3751
3785
1635
377
520
529
587
628
661
904
1059
1242
1250
1259
1358
1376
1517
1639
45950
1801
1954
1956
2004
2012
2085
2369
2396
2692
2700
3052
3113
3114
100365
68954
106473
34162
1211
306
319
364
541
588
146501
757
914
946
954
1153
1172
1197
1209
1232
39421
1245
1260
1272
1273
1281
1283
1572
1935
1942
1957
2028
2109
2178
2182
53318
7155
107649
6016
32892
44191
350
3676
5449
55247
106918
8369
7478
78349
1900
2361
117533
1
40148
5984
47099
60072
77455
78499
4322
1088
1955
2942
6942
8533
45720
59725
3176
3707
357
58559
337
61024
5971
82461
104283
608
6754
8865
36401
104
1103
2502
8528
52973
55820
76251
3030
78209
741
52319
1274
27255
6986
2924
2997
3265
3996
6683
5782
4612
5618
44555
48711
8928
2359
2641
3257
3275
3300
3301
3809
3882
4069
5219
5507
7373
8861
27904
7361
34405
37733
104841
60684
63992
8972
7458
5445
69526
69712
71057
47640
6985
4189
6857
300
5662
97938
2330
109374
111624
54290
40614
111
247
1080
8623
1256
2174
3546
6287
93040
6713
8188
150
30745
31658
52885
2082
67997
5
186
215
236
246
95441
1199
7022
32025
7090
64957
7844
1131
8961
26554
26585
33794
1721
4388
4721
7376
31221
47465
68358
50
232
5909
1176
4911
4467
2424
3948
8464
26614
26662
2968
46578
2202
599
2677
90439
97673
97304
96832
96811
96728
96610
96588
96417
95761
95558
95449
95135
94969
94959
94931
91077
90866
97752
97921
97923
103107
106100
105355
105197
103688
103624
103449
103372
102469
98154
102194
101895
101525
101285
99149
99114
98961
90531
90376
71464
90057
81562
80489
80463
79242
78653
78574
78039
74545
74324
73023
72741
72720
72395
72226
72176
72131
72011
81591
81786
81845
88129
89804
89759
89492
89470
89260
88810
88235
87304
2730
86833
86320
85394
83976
82463
82459
82313
106766
106916
106920
107141
142488
141749
140725
140715
140174
139642
139385
137337
134881
134859
134130
133771
133645
132800
132549
132547
132458
143385
144172
146656
163949
111931
82152
66203
47044
138610
164979
164977
163056
148482
161582
161336
160954
158783
156387
155064
148626
131796
128606
128512
112290
114254
113064
112852
112556
112552
112550
112515
112183
114459
112070
111622
111505
111251
111249
110871
107636
114342
114662
128360
123663
128235
127212
127206
127144
127114
127108
123695
122882
115139
118880
118700
117176
116797
116161
115713
115569
71745
81932
71108
8767
8765
8751
8645
8584
8494
8236
8207
8195
8154
8128
8125
7926
7792
7438
7335
7243
7195
6983
6981
8766
25805
70293
25927
47274
46723
46664
45210
45028
42217
41997
41863
41585
40819
40629
39183
38304
37741
34517
31770
26366
26151
26150
6874
6830
6783
6643
3742
3679
3671
3634
3632
3629
3539
3498
3415
3384
3246
3111
3089
3022
2936
2927
2920
2857
2747
3789
3811
3947
5289
6515
6433
6229
5956
5795
5791
5747
5464
5198
4103
5169
4928
4763
4712
4437
4327
4326
4262
47423
339
53953
54286
53894
53123
53000
52967
56805
52579
52281
52241
51540
50068
56788
49824
48774
48738
48696
54272
54513
47629
54881
56607
56286
56152
56015
55946
55442
55363
55280
55276
55269
55253
55118
55069
55063
55052
48516
49917
57669
63876
69481
67665
67429
67255
67087
66665
58191
64701
64622
64620
64614
64839
60069
61357
58879
63082
60766
61236
61240
61323
56782
1258
27773
79132
1732
4995
74458
1079
1704
62849
2542
48780
2529
1219
3793
4226
1729
778
5608
1200
1120
1042
4121
593
1610
858
293
6218
2959
1291
5064
3949
745
3994
1036
4011
44199
2273
2329
153
434
2985
494
780
2600
3175
2989
3160
3499
3916
4023
4223
4638
5602
7347
8781
1617
