91077
89470
83976
85394
86320
86833
87304
88235
88810
89260
88129
89492
90866
89804
89759
90057
90376
90439
90531
81786
55052
56805
56788
56782
56607
55276
55269
55253
55118
56152
54881
53123
51540
52241
52967
53000
56286
54513
53894
54272
54286
318
78653
71464
73023
72720
72395
72131
72011
71745
72226
71108
67087
69481
70293
66665
55442
55069
1704
47099
67665
55820
3361
47423
41863
45028
45210
46723
47629
48696
48738
48774
49824
49917
48516
4995
67997
56367
5608
55247
70286
44199
111384
121231
44555
80489
80463
79242
78574
78039
74545
74324
81845
81932
81591
81562
82459
67255
82463
1061
2959
68157
1219
3949
79132
1176
4226
78499
27773
77455
46578
47
74458
1258
1089
1080
1079
247
71057
1256
1729
2288
2529
3546
5662
6287
6713
8188
27592
30745
31658
111
109374
40614
4973
3948
2424
2068
1265
1210
35957
232
50
35836
32025
31221
7376
4721
122886
1721
33794
31878
4018
5299
54290
7161
134853
118997
115617
58559
109249
106696
97938
95441
93040
72998
68358
34162
34321
27611
26662
26614
8464
52885
377
32892
4041
4823
4701
4641
4369
4351
4306
4016
5135
3978
3893
3785
3751
7478
3260
4890
5349
3113
68954
3676
106473
44191
3703
107649
88125
65514
5377
8636
6953
1955
6281
5812
5481
3114
3052
5
26554
904
661
628
587
529
520
357
1242
350
337
300
246
236
186
1059
1250
2700
1956
2692
2396
2369
2085
2012
2004
1954
1259
1801
1639
1635
1517
1376
1358
26585
5902
8961
48394
7373
8861
8928
27904
34405
37733
60684
5219
63992
66097
66934
68319
69526
2600
5507
4069
2273
2641
104841
2082
80551
1732
3160
2359
3257
3882
2989
3275
3300
3301
2985
3809
2329
1617
8874
104283
1103
104
36401
8865
6754
132046
82461
8528
5971
5618
3030
7361
6985
47640
2502
52973
1610
780
1291
1200
1120
1042
1036
858
745
69712
593
494
434
153
78209
76251
69640
8972
7458
3996
107999
111624
130682
1199
2968
4467
4911
2174
5909
3265
2997
47465
296
4388
8623
4993
3175
6539
8795
7844
7153
7090
7022
6857
6350
150
37729
5952
46970
45950
100365
5782
1131
2924
64957
4023
6218
5602
5064
4638
4223
4121
4011
48711
3994
3916
3793
3499
608
5445
7347
8781
52319
109487
48780
5449
741
924
1274
2019
260
27255
6986
6683
2571
4612
4189
135518
599
106918
101525
103449
103372
103107
102469
102194
101895
101285
97673
99149
99114
98961
98154
97923
97921
103624
103688
105197
105355
105504
106100
106766
106916
106920
107141
107636
110871
111249
111251
111505
111622
112070
97752
97304
112290
8369
55363
55280
53953
52579
52281
50068
46664
96832
42217
41997
41585
40819
40629
39183
55946
56015
72176
72741
82313
94931
94959
94969
95135
95449
95558
95761
96417
96588
96610
96728
96811
112183
112515
37741
140715
146656
144172
143385
142488
141749
140725
140174
133645
139642
139385
137337
134881
134859
134130
148482
148626
155064
156387
158783
160954
161336
161582
163056
163949
164977
164979
138610
47044
66203
82152
111931
133771
132800
112550
114662
117176
116797
116161
115713
115569
115139
114459
132549
114342
114254
113064
112852
112556
112552
118700
118880
122882
123663
123695
127108
127114
127144
127206
127212
128235
128360
128512
128606
131796
132458
132547
38304
47274
34517
1283
2182
2178
2109
1942
1935
1572
1281
2730
1272
1260
1232
1209
1153
954
2202
2747
3947
3498
3742
3671
3634
3632
31770
3539
3415
2857
3384
3089
3022
2936
2927
2920
946
914
757
2542
1028
4322
62849
60072
40148
6016
778
146501
1
117533
2361
1900
94777
78349
1088
1997
2942
6863
6942
8533
45720
59725
63131
64969
3176
3707
5984
7155
39421
53318
541
3789
3629
339
6433
6643
6783
8766
6830
6874
6981
6983
7195
7243
7335
7438
8751
7792
8645
8584
7926
8125
8494
8154
8195
8207
6515
8765
8236
26151
4327
4437
4712
4763
4928
5169
25927
5289
26150
25805
5464
8767
5791
5795
5956
26366
6229
293
2028
61024
588
306
319
364
2330
2677
1245
3246
61240
61236
55063
57669
58191
58879
60069
60766
64701
64622
61323
61357
63082
63876
64614
64620
64839
67429
215
4103
8128
1172
3811
1211
1273
1957
5747
3111
5198
3679
4326
4262
1197
