1610
4121
593
858
1042
1120
1200
3793
4638
8781
7347
5602
153
434
780
494
3916
4023
2273
2329
2600
2985
2989
3160
3175
3499
4223
1617
2028
296
2692
1219
8195
25805
4103
3679
3742
3811
3415
8128
5747
4262
4326
924
6981
5198
6433
6643
3111
26150
6783
1197
1358
1211
1232
26151
1273
1572
50
1957
904
1172
26614
42217
608
293
1283
7243
3629
260
1103
350
52973
4041
3949
44199
3978
3260
5902
541
8125
3022
954
1036
5608
6985
2677
364
1245
319
2330
588
3246
306
3994
2959
4226
745
33794
41997
52281
5064
1291
2936
4011
1089
7153
5952
3809
1079
55820
1729
778
37733
3882
6218
215
48394
4973
109249
68157
1704
1732
8928
2542
46578
109374
47
48780
94777
1258
2019
2068
134853
115617
2968
1199
4467
2288
377
2109
2178
41585
2182
47274
1209
1272
1260
26366
1153
914
3176
111
56015
31770
6830
6515
8154
6229
5289
5169
4928
4712
7195
4437
7335
7792
4327
3947
3789
3671
8207
8236
8751
8765
115139
8766
8767
3498
3384
2857
26585
3634
2730
599
4911
47465
25927
46664
7022
3265
5782
2361
44191
88125
130682
2529
1997
62849
66097
74458
4995
109487
52319
27255
121231
5445
4016
7458
4306
8972
69640
104841
2082
3893
3785
95441
80551
1061
44555
7361
47640
46970
71057
69712
69526
66934
63992
8861
5507
5219
4069
3361
3301
3300
3275
3257
2359
6683
3751
6986
64957
4351
4612
5812
6281
6953
8636
65514
68954
107649
106473
3676
5449
55247
106918
8369
78349
35957
34162
32892
7478
1955
5481
37729
5377
4641
4189
48711
3114
1131
4388
5909
4369
111624
4701
5349
8623
2174
150
100365
45950
4823
4890
5135
3030
6754
5971
337
58559
67997
5
186
2424
1265
236
246
300
1176
31658
357
318
520
529
587
232
628
661
35836
52885
30745
82461
8464
106696
93040
68358
118997
56367
54290
40614
34321
26662
1080
8188
7161
5299
1256
4018
3948
3546
5662
6287
6713
32025
31221
1059
61024
2085
2997
2924
1274
2369
741
2396
78209
76251
8528
7376
2502
104
36401
2700
3052
8865
3113
97938
104283
2004
3996
4993
6350
1242
1259
4721
1517
1635
1639
1721
31878
26554
8961
8874
8795
7844
7090
1801
1954
1956
6857
6539
1900
339
117533
102194
101525
101285
99149
99114
98961
98154
97923
97921
97752
97673
97304
96832
96811
96728
96610
101895
102469
79242
103107
111249
110871
107636
107141
106920
106916
106766
106100
105504
105355
105197
103688
103624
103449
103372
96588
96417
95761
95558
88129
87304
86833
86320
85394
83976
82463
82459
82313
81932
81845
1
81591
81562
80489
88235
88810
89260
90866
95449
95135
94969
94959
94931
91077
90531
89470
90439
90376
90057
89804
89759
89492
111251
111505
111622
132800
146656
144172
143385
142488
141749
140725
140715
140174
139642
139385
137337
134881
134859
134130
133771
148482
148626
155064
164979
111931
111384
82152
66203
47044
138610
164977
156387
163949
163056
161582
161336
160954
158783
133645
132549
112070
132547
116161
115713
115569
114662
114459
114342
114254
113064
112852
112556
112552
112550
112515
112290
112183
116797
117176
118700
127212
132458
131796
128606
128512
128360
128235
127206
118880
127144
127114
127108
123695
123663
122882
80463
81786
78653
53000
39183
38304
37741
34517
8645
8584
8494
7926
7438
6983
6874
5956
5795
5791
5464
40629
40819
41863
48774
52579
52241
51540
50068
78574
49824
48738
45028
48696
48516
47629
47423
46723
45210
4763
3632
3539
1028
45720
8533
6942
6863
2942
1088
4322
63131
78499
77455
60072
47099
40148
6016
59725
64969
3089
1281
2927
2920
2747
2202
1942
1935
946
3707
757
146501
53318
39421
7155
5984
52967
49917
60766
56607
56788
72176
56805
57669
58191
58879
60069
53123
72131
61236
61240
72011
61323
61357
71745
63082
63876
64614
64620
64622
64701
64839
66665
67087
67255
67429
71464
67665
69481
56782
56286
71108
55069
53894
53953
78039
54272
74545
74324
54286
73023
54513
54881
55052
55063
72741
55118
72720
55253
55269
72395
55276
55280
55363
55442
72226
55946
56152
70293
3703
107999
122886
34405
135518
7373
68319
27773
72998
27611
79132
70286
1250
60684
5618
27904
132046
27592
1210
1376
2641
2012
2571
247
