608
350
4041
1103
52973
1200
593
1042
858
1610
4121
1120
2028
7243
3629
1283
3022
541
954
8125
2109
47274
1272
2178
3384
4712
26366
3498
3671
8207
3947
7792
4437
6229
4928
111
47
914
1209
4327
8154
3789
2857
1199
1704
260
296
2936
1258
599
2361
2730
3634
1259
904
1358
2174
3052
2997
3679
4262
3111
4326
3811
5198
4103
1197
1957
1273
1211
1172
8128
5747
3114
4467
3793
5782
2959
55820
1732
2968
1079
3882
37733
5608
41997
52281
4995
7361
26554
4226
588
3246
306
319
364
2330
1245
2677
93040
48394
106473
1210
2529
1997
44191
2019
1089
2571
1219
778
1729
318
1061
109249
2288
68157
26614
1956
587
2502
50
1639
1256
924
1080
2359
132046
3809
27773
107649
48780
7153
5952
215
88125
8928
27592
26585
46578
74458
4911
47465
112552
130682
5956
132547
103688
103449
8494
96417
95761
8795
4993
3260
5902
3978
3265
7022
79132
1176
60684
27611
1088
33794
111384
67997
96832
96610
111251
70286
150
72998
135518
122886
109374
1131
4973
3703
107999
109487
8861
53318
1250
3361
6863
2542
66097
62849
68319
117533
78349
121231
2692
34405
111622
107141
3546
112515
112290
106916
106920
95441
97938
112183
68358
107636
54290
110871
40614
111249
111505
112070
247
64701
112550
31221
7090
116797
7844
116161
8961
115713
115569
115139
4721
7376
32025
112556
114662
114459
232
114342
114254
113064
3948
8464
112852
26662
5662
31658
6287
4016
1635
102194
64622
2004
2085
2396
101525
101285
99149
99114
98961
6713
4306
4351
4369
4641
4701
4823
4890
5135
5349
5377
102469
103107
1242
103372
8188
106766
106100
30745
6857
52885
58559
105504
5
186
105355
236
246
300
337
105197
357
520
529
103624
628
117176
3996
118700
8972
161336
160954
158783
156387
155064
148626
148482
52319
146656
5445
7458
69640
140725
104841
2082
80551
144172
143385
142488
2641
3257
3275
3300
3301
27255
6986
6683
4612
7478
32892
34162
35957
37729
45950
100365
111931
82152
8623
66203
47044
138610
164979
164977
5909
163949
163056
4388
64957
161582
48711
4189
141749
4069
118880
128235
133645
132800
61024
76251
78209
132549
132458
131796
128606
128512
128360
127212
5219
741
127206
1274
127144
127114
2924
127108
123695
5812
123663
122882
8528
133771
134130
104
5507
7373
140715
27904
140174
139642
139385
137337
69526
69712
71057
47640
6985
134881
44555
3030
5618
82461
104283
134859
6754
8865
36401
5481
101895
6281
8765
7438
71464
7926
71108
70293
69481
8195
67665
8236
67429
8584
8645
8751
8766
80463
8767
25805
25927
26150
26151
67255
31770
34517
37741
38304
39183
40629
40819
7335
71745
7195
6983
79242
78653
78574
78039
74545
74324
73023
72741
72720
4763
72395
5169
72226
5289
6953
72176
5791
5795
72131
72011
6433
6515
6643
6783
6830
6874
6981
41585
41863
67087
55069
55253
55269
55276
55280
55363
55442
55946
56015
56152
56286
56607
56782
56788
56805
57669
58191
58879
60069
60766
61236
61240
61323
61357
63082
63876
64614
64620
55118
55063
42217
55052
45028
45210
46664
46723
66665
47423
47629
48516
48696
48738
48774
49824
49917
50068
51540
52241
64839
52579
52967
53000
53123
53894
53953
54272
54286
54513
54881
3742
5464
89492
90057
95135
94969
94959
94931
91077
146501
757
90866
946
90531
1153
90439
90376
89804
7155
1232
89759
1260
80489
89470
1281
89260
1572
1935
1942
88810
88235
88129
39421
5984
2182
97304
8636
65514
68954
98154
97923
97921
97752
3676
5449
106918
8369
97673
1900
96811
3707
96728
96588
6016
47099
60072
77455
4322
95558
95449
2942
8533
45720
3176
87304
339
3539
82313
81932
2920
2747
3089
81845
85394
3415
81786
83976
82459
82463
81591
3632
2927
2202
86320
86833
81562
2424
66934
94777
56367
6942
2068
63992
6350
64969
106696
31878
46970
3751
59725
35836
6539
8874
7161
55247
63131
111624
34321
118997
40148
5971
5299
745
293
1028
661
3785
3893
1376
2369
1721
1955
1954
3113
115617
4018
134853
3949
78499
6218
4011
1
2700
2012
377
1801
1517
1059
1265
5064
1036
3994
1291
44199
494
434
153
3916
780
1617
2273
2600
8781
7347
5602
2985
2989
4638
3160
3175
4223
3499
4023
2329
