3793
593
1200
4121
858
1610
1042
1120
778
1729
5608
2959
1219
2542
3949
1732
1704
296
3176
1079
1258
4226
47
2361
1265
53318
111
1250
520
587
628
661
904
3052
377
357
1059
1242
2396
2700
1259
1376
2692
1517
337
1635
1801
1954
1956
2004
2012
2085
2369
1358
135518
300
246
1080
247
40614
54290
134853
115617
97938
95441
93040
72998
68358
56367
34321
27611
26662
1089
1256
2288
52885
236
3113
186
5
67997
58559
31658
3546
30745
27592
8188
6713
6287
5662
215
3978
3114
6863
3707
64969
63131
59725
45720
8533
6942
2942
7155
1997
1088
4322
78499
77455
60072
47099
5984
39421
6016
954
1281
1272
1260
1245
1232
1209
1153
946
306
914
757
146501
588
541
364
319
40148
1
3260
4369
5377
5349
5135
4890
4823
4701
4641
4351
5812
4306
4016
8464
3893
3785
3751
3361
5481
6281
117533
5449
1900
94777
78349
70286
8369
106918
55247
3676
6953
106473
44191
107649
88125
68954
65514
8636
26614
1176
7161
4069
60684
48394
34405
27904
7373
5507
5219
3301
104841
3300
3275
3257
2641
2359
1061
80551
63992
66097
68157
68319
6754
132046
104283
82461
5971
5618
3030
44555
7361
6985
47640
46970
71057
69712
69526
2082
69640
36401
150
2968
1199
130682
111624
107999
8623
2174
100365
8972
45950
37729
35957
34162
32892
7478
1955
4467
4911
5909
47465
7458
5445
52319
121231
109487
260
27255
6986
6683
4612
4189
48711
64957
1131
4388
8865
104
5299
7022
26554
8961
8874
8795
7844
7153
7090
6857
2924
6350
5952
5902
5782
4993
3996
3265
26585
31878
33794
1721
4018
3948
2424
2068
1210
1572
318
232
50
35836
32025
31221
7376
4721
122886
2997
2571
2502
745
2600
2329
2273
1617
1291
1036
780
494
2019
434
293
153
78209
76251
61024
8528
2985
2989
3160
3175
1274
924
741
44199
8781
7347
6218
5602
5064
4638
4223
4023
3994
3916
3499
1283
599
1935
94959
96610
96588
96417
95761
95558
95449
95135
94969
94931
96811
91077
90866
90531
90439
90376
90057
89804
89759
96728
96832
66665
101525
103688
103624
103449
103372
103107
102469
102194
101895
101285
97304
99149
99114
98961
98154
97923
97921
97752
97673
89492
89470
89260
72131
74545
74324
73023
72741
72720
72395
72226
72176
72011
88810
71745
71464
1942
70293
69481
67665
67429
67255
78039
78574
78653
79242
88235
88129
87304
86833
86320
85394
83976
82463
82459
82313
81932
81845
81786
81591
81562
80489
80463
105197
105355
105504
134881
142488
141749
140725
140715
140174
139642
139385
137337
134859
128512
134130
133771
133645
132800
132549
132547
132458
131796
143385
144172
146656
148482
111931
111384
82152
66203
47044
138610
164979
164977
163949
163056
161582
161336
160954
158783
156387
155064
148626
128606
128360
106100
111622
112852
112556
112552
112550
112515
112290
112183
112070
111505
128235
111251
111249
110871
107636
107141
106920
106916
106766
113064
114254
114342
114459
127212
127206
127144
127114
127108
123695
123663
122882
118880
118700
117176
116797
116161
115713
115569
115139
114662
67087
71108
64839
7195
8154
8125
7926
7792
7438
7335
7243
6983
8207
6981
6874
6830
6783
6643
6515
6433
8195
8236
40819
26150
39183
38304
37741
34517
31770
26366
26151
25927
8494
25805
64701
8766
8765
8751
8645
8584
6229
5956
5795
2747
3246
3089
3022
2936
2927
2920
2857
2730
5791
2677
2330
2202
2182
2178
2109
2028
3384
3415
3498
3539
5464
5289
5169
4928
4763
4712
4437
4327
3947
3789
3742
3671
3634
3632
3629
40629
8767
41585
56607
56152
56015
55946
55442
55363
55280
55276
41863
55253
55118
55069
55063
55052
54881
54513
56286
56782
54272
56788
64622
64620
64614
63876
63082
61357
61323
61240
61236
60766
60069
58879
58191
57669
56805
54286
55269
53953
52241
50068
53894
49917
49824
48774
48738
48696
48516
47629
47423
47274
46723
46664
45210
45028
42217
41997
51540
339
53000
53123
52967
52281
52579
109374
3809
46578
79132
109249
27773
8928
66934
4995
4973
74458
6539
62849
48780
118997
4011
3882
37733
55820
106696
3703
1103
4041
52973
350
608
8861
1639
2529
1172
1957
1273
1211
1197
3679
4326
4262
5747
1028
3111
8128
4103
5198
529
3811
