1954
2529
4226
2571
79132
4011
48780
1036
26614
5349
8636
50
5445
1610
858
593
1120
1042
4121
1200
132046
26585
7243
1283
3629
2959
1265
8861
62849
7022
3265
5602
2273
2600
2985
2989
8781
7347
3160
3175
4638
4223
3499
4023
2329
3916
1617
153
780
494
434
74458
3703
954
541
8125
3022
2692
2028
293
4995
27611
2936
3949
27773
44199
47
5608
135518
1089
70286
3994
745
60684
72998
55247
5064
1291
2068
1219
63131
1210
7161
109487
46970
1704
94777
64969
4018
6863
260
1258
1721
587
59725
2424
2288
88125
63992
68157
27592
66097
6218
78209
6953
4890
5135
4189
5377
5481
5812
6281
48711
4701
65514
107649
1131
44191
106473
3676
5449
4388
106918
8369
47465
78349
4823
4351
4641
4369
1635
1639
1801
6683
1956
2004
2012
2085
2369
2396
4612
2700
3052
3113
3114
3260
3361
3751
3785
3893
3978
4016
1900
5909
2361
4911
53318
146501
757
914
946
37729
1153
1172
1197
1209
1211
1232
35957
1260
1273
1281
34162
1572
1935
1942
32892
7478
1957
1955
45950
39421
1358
7155
117533
4467
2968
1199
6016
40148
47099
60072
107999
77455
4322
1028
1088
2942
8623
8533
45720
2174
150
100365
3176
3707
5984
1376
1059
1259
5507
5219
3996
4993
5902
5952
6857
4069
7090
7153
7844
8795
8961
3301
33794
3300
122886
4721
7376
31221
32025
3275
3257
232
2924
2019
1250
1274
61024
8528
2502
104
36401
8865
6754
104283
82461
5618
3030
44555
6985
47640
71057
69712
69526
68319
34405
27904
7373
741
924
318
1176
2641
2359
6713
8188
27255
30745
31658
52885
58559
67997
5
186
236
246
300
337
357
520
529
6986
628
661
904
76251
1242
6287
5662
3546
8972
1061
2202
3948
80551
2082
8464
104841
26662
69640
68358
95441
121231
97938
106696
54290
40614
111
247
1080
7458
52319
1256
2182
599
339
82459
82313
127212
81932
81845
81786
81591
81562
80489
80463
79242
78653
78574
78039
74545
74324
127206
127144
60069
82463
89804
89759
89492
127108
89470
89260
88810
127114
88235
88129
87304
86833
86320
85394
83976
73023
72741
72720
72395
67255
67087
66665
64839
132549
64701
64622
64620
64614
63876
63082
61357
116161
132800
133645
132547
132458
131796
71464
72226
128235
72176
72131
72011
71745
128360
128606
71108
70293
128512
69481
67665
67429
90057
90376
90439
105197
111622
111505
111251
111249
110871
107636
107141
118880
106920
106916
122882
123663
106766
106100
105504
112070
112183
112290
114342
115569
116797
117176
115139
114662
114459
114254
118700
113064
112852
112556
112552
112550
112515
105355
103688
90531
103624
96811
123695
96728
96610
96588
96417
95761
95558
95449
95135
94969
94959
94931
91077
90866
96832
97304
97673
101525
103449
103372
103107
102469
102194
101895
101285
97752
99149
99114
98961
98154
97923
97921
60766
61323
58879
6830
155064
7335
7195
6983
6981
156387
6783
148482
158783
6643
6515
6433
160954
5956
148626
7926
161336
8765
26150
144172
25927
25805
58191
8766
8751
8128
146656
8584
8494
8236
8195
8154
5795
5747
31770
3111
3632
3539
47044
66203
3415
82152
3089
138610
2927
2920
111384
111931
2857
2747
3634
3679
161582
164977
5289
5198
5169
163056
4763
163949
4327
3742
4326
4262
4103
164979
3811
3789
26151
8767
34517
54286
55118
139385
55063
55052
54881
54513
54272
52241
139642
53953
53123
53000
52967
52579
55253
55269
55276
137337
134881
134859
134130
133771
55946
56015
56152
56286
56607
56782
56788
56805
57669
140174
53894
51540
47423
46723
140715
45210
141749
142488
45028
42217
143385
41863
41585
40819
40629
39183
38304
37741
140725
46664
48738
48516
49917
49824
48774
48696
115713
47629
296
215
6942
130682
6539
66934
2542
35836
588
319
3246
306
2677
1245
2330
364
118997
34321
64957
56367
5971
1729
778
6350
5299
2730
31878
134853
3793
48394
115617
3671
26366
8207
7792
6229
4928
4712
3947
4437
47274
1272
2178
2109
3384
3498
1997
377
1517
8874
109374
68954
111624
1732
3882
37733
46578
41997
52281
5782
55820
78499
8928
7361
26554
4306
1
109249
61240
61236
55442
55069
1079
55363
93040
3809
350
4041
52973
1103
5791
5464
8645
7438
55280
2997
50068
6874
608
4973
