50
26614
293
296
246
318
60072
778
1729
3361
1089
306
3246
2677
2330
364
588
1245
319
68157
2959
1617
434
494
780
8781
7347
5602
4638
2985
4223
4023
2329
3916
3499
2600
3175
3160
2989
2273
153
111384
2542
121231
1079
2028
1061
44199
215
1036
3994
745
27773
1291
5064
4011
1732
3949
6218
350
1256
236
8188
1080
5
247
111
40614
54290
67997
118997
109374
109249
106696
27592
58559
97938
52885
31658
95441
1219
2288
520
6713
628
661
904
1059
1242
1250
1259
1358
1376
1517
1635
1639
1801
30745
337
6287
5662
3546
2529
1954
3113
1956
6863
1997
1088
1028
4322
77455
62849
47099
40148
6016
5608
117533
2361
1900
94777
78349
70286
8369
2942
6942
2004
8533
1153
954
946
914
757
146501
541
53318
39421
7155
5984
3707
3176
64969
63131
59725
45720
106918
55247
5449
3676
4351
4306
4041
4016
3978
3893
3785
3751
3260
72998
3052
2700
2692
2396
2369
2085
2012
4369
4641
4701
8636
106473
44191
3703
107649
88125
68954
65514
6953
4823
6281
5812
5481
5377
5349
5135
4890
93040
135518
68358
3882
3301
3300
3275
3257
2641
2359
80551
2082
104841
69640
8972
7458
5445
608
52319
3809
4069
46970
5219
69712
69526
68319
66934
66097
63992
60684
48394
37733
34405
27904
8928
8861
7373
5507
109487
79132
48780
4995
2968
1199
130682
111624
107999
8623
2174
100365
45950
37729
35957
34162
32892
7478
1955
4467
4911
5909
6683
4226
1704
1258
260
27255
6986
4612
47465
4189
48711
74458
64957
1131
4388
71057
47640
56367
35836
31221
7376
4721
122886
1721
33794
31878
26585
26554
8961
8874
8795
7844
7153
7090
32025
47
6985
1197
46578
34321
27611
26662
8464
7161
5299
4973
4018
3948
2068
1265
1210
1176
232
7022
6857
6539
6350
8528
2502
1103
104
36401
8865
6754
132046
104283
82461
5971
5618
3030
44555
7361
52973
55820
61024
2997
5952
5902
5782
4993
3996
3265
2924
76251
2571
2019
1274
924
741
78209
1172
599
1209
94959
96610
96588
96417
95761
95558
95449
95135
94969
94931
89470
91077
90866
90531
90439
90376
90057
89804
89759
96728
96811
96832
97304
103624
103449
103372
103107
102469
102194
101895
101525
101285
99149
99114
98961
98154
97923
97921
97752
97673
89492
89260
105197
72131
74545
74324
73023
72741
72720
72395
72226
72176
72011
88810
71745
71464
71108
70293
69481
1211
67429
67255
78039
78574
78653
79242
88235
88129
87304
86833
86320
85394
83976
82463
82459
82313
81932
81845
81786
81591
81562
80489
80463
103688
105355
66665
134859
141749
140725
140715
140174
139642
139385
137337
134881
134130
128360
133771
133645
132800
132549
132547
132458
131796
128606
142488
143385
144172
146656
111931
82152
66203
47044
138610
164979
164977
163949
163056
161582
161336
160954
158783
156387
155064
148626
148482
128512
128235
105504
111505
112556
112552
112550
112515
112290
112183
112070
111622
111251
127212
111249
110871
107636
107141
106920
106916
106766
106100
112852
113064
114254
114342
127206
127144
127114
127108
123695
123663
122882
118880
118700
117176
116797
116161
115713
115569
115139
114662
114459
67087
67665
64839
6433
7195
6983
6981
6874
6830
6783
6643
6515
6229
7335
5956
5795
5791
5747
5464
5289
5198
5169
7243
7438
4763
8645
26151
26150
25927
25805
8767
8766
8765
8751
8584
7792
8494
8236
8207
8195
8154
8128
8125
7926
4928
4712
31770
1957
2920
2857
2747
2730
2202
2182
2178
2109
1942
2936
1935
1572
1283
1281
1273
1272
1260
1232
2927
3022
4437
3679
4327
4326
4262
4103
3947
3811
3789
3742
3671
3089
3634
3632
3629
3539
3498
3415
3384
3111
64701
26366
34517
55069
55946
55442
55363
55280
55276
55269
55253
55118
55063
52967
55052
54881
54513
54286
54272
53953
53894
37741
56015
56152
56286
56607
64622
64620
64614
63876
63082
61357
61323
61240
61236
60766
60069
58879
58191
57669
56805
56788
56782
53000
53123
52579
48696
47274
46723
46664
45210
45028
42217
41997
48516
41863
41585
40819
48738
47629
40629
48774
49824
49917
39183
38304
50068
51540
52241
52281
47423
2424
115617
134853
3114
3793
78499
150
1
300
357
377
858
1610
529
1200
1120
4121
1042
593
587
186
339
