529
318
3361
494
3160
8781
7347
5602
4638
4223
4023
3916
3175
3499
2989
2273
434
153
2985
1617
780
2329
2600
111384
44199
121231
1036
1061
3994
3246
300
1
339
306
588
364
319
2330
2677
1245
150
745
293
5064
1291
4011
78499
3949
27773
6218
2028
215
3114
134853
115617
2424
1242
46578
628
109374
1259
109249
1250
56367
106696
661
68358
95441
1059
93040
904
72998
97938
1219
118997
58559
2288
2529
3546
1080
5662
247
6287
6713
8188
27592
30745
31658
52885
111
1256
1358
5
186
236
246
337
350
357
377
520
587
40614
54290
67997
1956
1376
77455
60072
47099
40148
6016
5608
117533
2361
1900
94777
78349
70286
8369
106918
55247
5449
3676
106473
62849
4322
3703
1028
541
53318
39421
7155
5984
3707
3176
64969
63131
59725
45720
8533
6942
6863
2942
1997
1088
44191
107649
1517
3978
3785
3751
3260
3113
3052
2700
2692
2396
2369
2085
2012
2004
27611
1954
1801
1639
1635
3893
4016
88125
4041
68954
65514
8636
6953
6281
5812
5481
5377
5349
5135
4890
4823
4701
4641
4369
4351
4306
34321
32025
26662
2359
3882
3809
3301
3300
3275
3257
2641
80551
6985
2082
104841
69640
8972
7458
5445
608
4069
5219
5507
7373
46970
71057
69712
69526
68319
66934
66097
63992
60684
48394
37733
34405
27904
8928
8861
52319
109487
79132
4911
2968
1199
130682
111624
107999
8623
2174
100365
45950
37729
35957
34162
32892
7478
1955
4467
5909
48780
47465
4995
4226
1704
1258
260
27255
6986
6683
4612
4189
48711
74458
64957
1131
4388
47640
7361
26614
8795
1721
33794
31878
26585
26554
8961
8874
7844
44555
7153
7090
7022
6857
6539
6350
5952
122886
4721
7376
31221
8464
7161
5299
4973
4018
3948
2068
1265
1210
1176
232
50
47
35836
757
5902
5782
4993
76251
55820
52973
8528
2502
1103
104
36401
8865
6754
132046
104283
82461
5971
5618
3030
61024
78209
3996
593
3265
2997
2924
2571
2019
1274
924
741
4121
3793
1610
1200
1120
1042
858
146501
135518
914
94959
96610
96588
96417
95761
95558
95449
95135
94969
94931
89470
91077
90866
90531
90439
90376
90057
89804
89759
96728
96811
96832
97304
103624
103449
103372
103107
102469
102194
101895
101525
101285
99149
99114
98961
98154
97923
97921
97752
97673
89492
89260
105197
72131
74545
74324
73023
72741
72720
72395
72226
72176
72011
88810
71745
71464
71108
70293
69481
67665
67429
67255
78039
78574
78653
79242
88235
88129
87304
86833
86320
85394
83976
82463
82459
82313
81932
81845
81786
81591
81562
80489
80463
103688
105355
66665
134859
141749
140725
140715
140174
139642
139385
137337
134881
134130
128360
133771
133645
132800
132549
132547
132458
131796
128606
142488
143385
144172
146656
111931
82152
66203
47044
138610
164979
164977
163949
163056
161582
161336
160954
158783
156387
155064
148626
148482
128512
128235
105504
111505
112556
112552
112550
112515
112290
112183
112070
111622
111251
127212
111249
110871
107636
107141
106920
106916
106766
106100
112852
113064
114254
114342
127206
127144
127114
127108
123695
123663
122882
118880
118700
117176
116797
116161
115713
115569
115139
114662
114459
946
67087
64839
6515
6229
5956
5795
5791
5747
5464
5289
5198
5169
4928
4763
4712
4437
4327
4326
4262
4103
6433
6643
3811
6783
64701
8236
8207
8195
8154
8128
8125
7926
7792
7438
7335
7243
7195
6983
6981
6874
6830
3947
3789
8645
2182
2109
1957
1942
1935
1572
1283
1281
1273
1272
1260
1232
1211
1209
1197
1172
1153
954
2178
2202
3742
2730
3679
3671
3634
3632
3629
3539
3498
3415
3384
3111
3089
3022
2936
2927
2920
2857
2747
8584
8494
8751
56152
55946
55442
55363
55280
55276
55269
55253
55118
55069
55063
55052
54881
54513
54286
54272
53953
8765
56015
56286
53123
56607
64622
64620
64614
63876
63082
61357
61323
61240
61236
60766
60069
58879
58191
57669
56805
56788
56782
53894
599
53000
52967
45028
42217
41997
41863
41585
40819
40629
39183
38304
37741
34517
31770
26366
26151
26150
25927
25805
8767
8766
45210
46664
46723
50068
52579
47423
47629
48516
48696
48738
48774
52241
52281
51540
47274
49824
49917
1732
1079
2542
2959
68157
1089
778
1729
296
