5952
7153
4993
8795
2019
5902
3260
3978
2571
4306
924
293
593
1610
1200
1120
1042
858
4121
2959
1
6539
5608
4023
5602
4638
4223
7347
2600
3916
3499
3175
3160
2989
2985
2329
2273
1617
780
494
434
8781
153
1729
778
78499
3949
132046
1291
745
69640
319
3246
2677
2330
306
1245
588
364
44199
79132
60072
1219
26614
50
4226
3994
1079
134853
3793
27611
5064
4041
4016
350
8961
52973
1103
3114
608
135518
215
115617
2542
1732
1704
55820
150
109487
3882
37733
1258
105504
106696
4973
2068
106473
63131
6350
1028
2529
7161
260
3809
48780
109249
46970
4011
64969
5971
74458
4018
6863
8928
46578
109374
64957
6218
5349
3785
3751
4388
1131
3676
5449
55247
3113
106918
3052
2700
2692
8369
2396
78349
2369
2085
2012
44191
3703
5377
3893
5135
4890
5481
5812
6281
6953
8636
107649
4823
4701
4641
4369
4351
4467
4911
5909
47465
8528
47099
1900
1942
1209
1211
1232
34162
1260
1272
1273
1281
1572
1935
1957
1172
2109
2178
2182
2202
32892
7478
2730
1955
2747
2857
1197
1153
2361
8533
117533
2968
1199
107999
8623
1956
2174
77455
4322
1088
45720
946
3176
5984
53318
100365
45950
37729
35957
146501
757
914
2004
587
1954
4069
3300
3275
3257
2641
80551
2082
741
104841
1274
8972
7458
52319
6857
27255
33794
122886
4721
7376
31221
32025
6986
3301
5219
1176
5507
61024
76251
78209
2502
104
36401
8865
6754
104283
82461
5618
44555
6985
47640
71057
69712
69526
68319
60684
27904
7373
232
3948
1801
58559
186
236
246
300
337
357
377
520
529
628
661
904
1059
1242
1250
1259
1358
1376
1517
1635
1639
5
52885
8464
31658
6683
26662
2927
68358
95441
97938
4612
54290
40614
111
247
4189
1080
48711
1256
3546
5662
6287
6713
8188
30745
2920
599
78039
97304
96811
96728
96610
96588
96417
95761
95558
95449
95135
94969
94959
94931
91077
90866
90531
90439
90376
96832
97673
89804
97752
105197
103688
103624
103449
103372
103107
102469
102194
101895
101525
101285
99149
99114
98961
98154
97923
97921
90057
89759
67429
80463
78653
78574
74545
74324
73023
72741
72720
72395
72226
72176
72131
72011
71745
71464
71108
70293
69481
79242
80489
89492
81562
89470
89260
88810
88235
88129
87304
86833
86320
85394
83976
82463
82459
82313
81932
81845
81786
81591
105355
106100
106766
143385
141749
140725
140715
140174
139642
139385
137337
134881
134859
134130
133771
133645
132800
132549
132547
132458
131796
142488
144172
106916
146656
111931
82152
66203
47044
138610
164979
164977
163949
163056
161582
161336
160954
158783
156387
155064
148626
148482
128606
128512
128360
128235
113064
112852
112556
112552
112550
112515
112290
112183
112070
111622
111505
111251
111249
110871
107636
107141
106920
114254
114342
114459
122882
127212
127206
127144
127114
127108
123695
123663
118880
114662
118700
117176
116797
116161
115713
115569
115139
67665
339
67255
51540
31770
26366
26151
26150
25927
25805
8767
8766
8765
8751
8584
8494
8236
8207
8195
8154
8128
34517
38304
39183
47274
49824
48774
48738
48696
48516
47629
47423
46723
40629
46664
45210
45028
42217
41863
41585
40819
7926
7792
7335
3671
4262
4103
3947
3811
3789
3742
3679
3634
4327
3632
3539
3498
3415
3384
3111
3089
4326
4437
7195
6229
6983
6981
6830
6783
6643
6515
6433
5956
4712
5795
5747
5289
5198
5169
4928
4763
49917
37741
58879
55118
64622
64620
55253
55276
56805
64614
63876
61323
55946
56788
56015
56782
61357
60069
56152
52241
63082
56607
56286
60766
55269
64701
55052
52967
53000
53123
53894
53953
54272
54286
54513
52579
54881
67087
66665
57669
64839
58191
55063
2424
27773
118997
34321
66097
66934
1997
1061
5299
130682
47
1210
121231
1265
111384
63992
27592
56367
111624
72998
70286
88125
2288
3361
2942
1089
3707
39421
67997
59725
35836
68157
62849
1036
4995
1721
2028
94777
2359
318
5445
6016
8861
7155
40148
3030
296
7243
3629
1283
26585
8874
93040
6942
7361
26554
2936
3022
541
954
8125
48394
2997
34405
68954
5782
65514
31878
52281
41997
61236
61240
3265
7022
55069
55442
55363
7090
7844
3996
2924
55280
8645
7438
6874
5791
5464
50068
