44199
47629
48774
48516
47423
48696
46723
49917
49824
41863
48738
45028
45210
46578
608
68157
1610
1200
1120
593
1042
4121
858
44555
55820
6942
47099
2359
494
780
434
153
4638
5602
7347
8781
4023
3160
3499
1617
2273
2329
2600
2985
2989
4223
3175
3916
296
1704
1732
350
1103
52973
4041
50
26614
2959
1089
5608
4011
3949
1036
67997
4226
293
904
3811
1273
3679
7361
3111
4306
4262
4103
1197
4326
58559
1172
1957
5198
5747
8128
1211
318
47
55063
57669
63082
61357
61323
63876
64614
64620
64622
64701
64839
67429
58879
58191
60069
60766
3809
1291
1265
61240
61236
3793
260
48394
4995
5782
4973
6218
745
41997
52281
1219
55069
55442
79132
2997
56367
7243
3629
1283
1258
5064
68954
2529
37733
3882
1079
53894
55052
56788
54286
54881
55276
54513
54272
56782
56805
56286
53123
56607
51540
56152
52241
55118
52967
55253
55269
53000
47274
4928
26366
1272
68358
7792
4437
3498
6229
3384
2502
236
3671
8207
4712
2109
2178
3947
44191
150
111624
7155
26585
2424
62849
55247
88125
109374
2730
109249
8645
6874
7438
50068
55280
5791
5464
8928
27773
26554
61024
6016
93040
3361
7022
3265
3994
60684
52319
2542
55363
48780
3022
541
954
8125
1721
7458
60072
70286
2361
3114
1199
5971
2936
74458
59725
1176
2019
73023
72011
72720
71745
71464
71108
72395
72131
70293
69481
78653
72226
67087
66665
111384
53318
121231
2692
39421
2028
67665
778
1729
2288
1061
69712
64957
35836
66097
3707
5299
8795
4993
27592
111
2942
132046
8874
109487
122886
130682
31878
115617
63992
1997
78349
27611
135518
2571
66934
7161
1256
80551
2082
104841
3113
8972
5445
2700
27255
3785
6986
3893
4016
3052
3257
4612
3275
2396
2369
2085
2004
1956
3300
1954
3301
4069
1801
5219
6683
4189
1635
100365
1955
7478
32892
65514
8636
35957
37729
6281
5812
45950
5135
4890
8623
48711
2968
4467
4911
4823
5909
47465
4388
4701
4641
4369
4351
1131
1639
5507
1517
52885
186
1274
5
2924
3996
6857
7090
7844
33794
4721
7376
31221
32025
1080
31658
30745
8464
26662
95441
97938
54290
247
8188
6713
5662
3546
741
78209
246
76251
8861
1376
27904
1358
1259
1059
71057
47640
6985
3030
661
628
587
5618
529
520
377
357
104283
6754
8865
36401
337
8528
300
107649
599
86320
101285
103372
103107
102469
102194
101895
101525
99149
97304
99114
98961
98154
97923
97921
97752
103449
103624
103688
105197
105355
106100
106766
106916
106920
107141
107636
110871
111249
111251
111505
111622
112070
97673
96832
82313
88235
89804
89759
89492
89470
89260
88810
88129
96811
87304
86833
106473
85394
83976
82463
90057
90376
90439
90531
90866
91077
94931
94959
94969
95135
95449
95558
95761
96417
96588
96610
96728
112183
112290
112515
140715
146656
144172
143385
142488
141749
140725
140174
112550
139642
139385
137337
134881
134859
134130
148482
148626
155064
156387
158783
160954
161336
161582
163056
163949
164977
164979
138610
47044
66203
82152
111931
133771
133645
132800
118880
112556
112852
113064
114254
114342
114459
114662
115139
115569
115713
116161
116797
117176
118700
122882
132549
123663
123695
127108
127114
127144
127206
127212
128235
128360
128512
128606
131796
132458
132547
82459
339
81932
8236
2920
2927
3089
3415
3539
3632
3634
3742
3789
4327
4763
5289
5795
5956
6433
6515
6643
6783
6830
6981
6983
7195
7335
7926
8154
2857
2747
2202
5984
3676
106918
8369
1900
117533
40148
77455
4322
8533
45720
3176
146501
2182
757
914
946
1153
1209
1232
1260
1281
1572
1935
1942
8195
5169
8494
41585
46664
52579
53953
55946
56015
67255
34517
72176
72741
74324
74545
78039
31770
26151
26150
78574
25927
8584
81845
81786
81591
81562
8751
8765
8766
80489
8767
80463
25805
79242
42217
34405
232
1250
78499
38304
37741
104
39183
6953
8961
6287
34162
40629
5377
40819
5349
5449
1
118997
134853
34321
1028
6350
64969
2068
1088
106696
94777
105504
46970
72998
112552
7153
5952
2174
63131
924
1210
215
3260
5902
3978
40614
2012
1242
69640
3246
306
2677
319
364
588
1245
2330
107999
7373
69526
2641
82461
6539
5481
3948
6863
3703
4018
3751
68319
