3246
319
2330
1245
306
2677
364
588
1
150
78499
2028
215
293
3114
134853
4023
529
3916
8781
4121
246
1617
4638
3499
5602
7347
4223
377
3175
3160
2989
2985
2329
2273
153
434
494
593
780
858
1042
1120
1200
2600
1610
318
115617
2424
44199
3793
1036
3994
745
5064
1291
4011
3949
3361
6218
111384
121231
1061
27773
2288
1219
1729
1256
52885
1089
1080
1079
2529
111
40614
54290
118997
109374
109249
106696
97938
247
6287
3546
1059
67997
5
31658
236
30745
300
337
520
587
628
661
904
1242
5662
1250
1259
1358
1376
1517
1635
1639
1801
27592
8188
6713
58559
135518
1956
1954
93040
62849
60072
47099
40148
6016
5608
2959
2542
778
117533
2361
1900
94777
78349
70286
8369
106918
77455
4322
1028
64969
541
53318
39421
7155
5984
3707
3176
63131
1088
59725
45720
8533
6942
6863
2942
1997
55247
5449
3676
3113
4306
4016
3978
3893
3785
3751
3260
3052
4369
2700
2692
2396
2369
2085
2012
2004
4351
4641
106473
6953
44191
3703
107649
88125
68954
65514
8636
6281
4701
5812
5481
5377
5349
5135
4890
4823
95441
50
72998
3809
3300
3275
3257
2641
2359
1732
80551
2082
104841
69640
8972
7458
5445
52319
109487
3301
4069
68358
5219
69712
69526
68319
68157
66934
66097
63992
60684
48394
34405
27904
8928
8861
7373
5507
79132
48780
4995
4226
2968
1199
130682
111624
107999
8623
2174
100365
45950
37729
35957
34162
32892
7478
1955
4467
4911
5909
4612
1704
1258
260
27255
6986
6683
4189
47465
48711
74458
64957
1131
4388
296
71057
46970
47640
7153
47
35836
32025
31221
7376
4721
122886
1721
33794
31878
26585
26554
8961
8874
8795
757
232
1176
8464
56367
46578
34321
27611
26662
26614
7161
1210
5299
4973
4018
3948
2068
1265
7844
7090
6985
7022
61024
8528
2502
104
36401
8865
6754
132046
104283
82461
5971
5618
3030
44555
7361
76251
78209
741
4993
6857
6539
6350
5952
5902
5782
3996
924
3265
2997
2924
2571
2019
1274
146501
599
914
94969
96728
96610
96588
96417
95761
95558
95449
95135
94959
89492
94931
91077
90866
90531
90439
90376
90057
89804
96811
96832
97304
97673
103688
103624
103449
103372
103107
102469
102194
101895
101525
101285
99149
99114
98961
98154
97923
97921
97752
89759
89470
67087
72176
78039
74545
74324
73023
72741
72720
72395
72226
72131
89260
72011
71745
71464
71108
70293
69481
946
67429
78574
78653
79242
80463
88810
88235
88129
87304
86833
86320
85394
83976
82463
82459
82313
81932
81845
81786
81591
81562
80489
105197
105355
105504
134859
141749
140725
140715
140174
139642
139385
137337
134881
134130
106100
133771
133645
132800
132549
132547
132458
131796
128606
142488
143385
144172
146656
111931
82152
66203
47044
138610
164979
164977
163949
163056
161582
161336
160954
158783
156387
155064
148626
148482
128512
128360
128235
113064
112556
112552
112550
112515
112290
112183
112070
111622
111505
111251
111249
110871
107636
107141
106920
106916
106766
112852
114254
127212
114342
127206
127144
127114
127108
123695
123663
122882
118880
118700
117176
116797
116161
115713
115569
115139
114662
114459
67255
67665
66665
5289
6515
6433
6229
5956
5795
5791
5747
5464
5198
3947
5169
4928
4763
4712
4437
4327
4326
4262
6643
6783
6830
6874
8645
8584
8494
8236
8207
8195
8154
8128
8125
7926
7792
7438
7335
7243
7195
6983
6981
4103
3811
8765
1273
2178
2109
1957
1942
1935
1572
1283
1281
1272
3789
1260
1232
1211
1209
1197
1172
1153
954
2182
2202
2730
2747
3742
3679
3671
3634
3632
3629
3539
3498
3415
3384
3111
3089
3022
2936
2927
2920
2857
64839
8751
8766
8767
55946
55442
55363
55280
55276
55269
55253
55118
55069
55063
55052
54881
54513
54286
54272
53953
53894
53123
53000
56015
56152
56286
61240
64701
64622
64620
64614
63876
63082
61357
61323
61236
56607
60766
60069
58879
58191
57669
56805
56788
56782
52967
52579
52281
45210
41997
41863
41585
40819
40629
39183
38304
37741
34517
31770
26366
26151
26150
25927
25805
45028
42217
48516
47629
52241
51540
50068
49917
49824
48774
48738
48696
339
47423
47274
46723
46664
3882
37733
55820
608
350
4041
52973
1103
357
186
