339
186
529
520
377
357
337
300
246
215
67997
2700
58559
52885
31658
30745
27773
27592
8188
6713
587
628
661
904
2396
2369
2085
2012
2004
1956
1954
1801
1639
1635
1517
1376
1358
1259
1250
1242
1059
6287
5662
3546
93040
68358
56367
46578
34321
27611
26662
26614
8464
5299
4973
4018
3948
2068
1265
1210
1176
318
72998
95441
2529
97938
2288
1729
1256
1219
1089
1080
1079
247
111
40614
54290
134853
118997
115617
109374
109249
106696
2692
3052
1172
77455
6942
6863
2942
1997
1088
1028
4322
78499
62849
3113
60072
47099
40148
6016
5608
2959
2542
778
8533
45720
59725
63131
954
946
914
757
146501
588
541
364
319
306
53318
39421
7155
5984
3707
3176
64969
1
117533
2361
5481
5349
5135
4890
4823
4701
4641
4369
4351
4306
4016
3978
3893
3785
3751
3361
3260
3114
5377
5812
1900
6281
94777
78349
70286
8369
106918
55247
5449
3676
106473
44191
3703
107649
88125
68954
65514
8636
6953
232
50
47
3257
7373
5507
5219
4069
3809
3301
3300
3275
2641
35836
2359
1732
1061
80551
2082
104841
69640
8972
8861
8928
27904
34405
5618
3030
44555
7361
6985
47640
46970
71057
69712
69526
68319
68157
66934
66097
63992
60684
48394
7458
5445
52319
47465
4911
4467
2968
1199
130682
111624
107999
2174
150
100365
45950
37729
35957
34162
32892
7478
1955
5909
296
121231
4388
109487
79132
48780
4995
4226
1704
1258
260
27255
6986
6683
4612
4189
48711
74458
64957
1131
5971
82461
104283
6350
5902
5782
4993
3996
3265
2997
2924
2571
2019
1274
924
741
44199
8781
7347
6218
5602
5952
6539
4638
6857
32025
31221
7376
4721
122886
1721
33794
31878
26585
26554
8961
8874
8795
7844
7153
7090
7022
5064
4223
132046
1042
858
780
745
593
494
434
293
153
78209
76251
61024
8528
2502
104
36401
8865
6754
1036
1120
4121
1200
4023
4011
3994
3949
3916
3793
3499
3175
3160
2989
2985
2600
2329
2273
1617
1610
1291
1153
135518
1197
94969
96728
96610
96588
96417
95761
95558
95449
95135
94959
89492
94931
91077
90866
90531
90439
90376
90057
89804
96811
96832
97304
97673
103688
103624
103449
103372
103107
102469
102194
101895
101525
101285
99149
99114
98961
98154
97923
97921
97752
89759
89470
105355
72176
78039
74545
74324
73023
72741
72720
72395
72226
72131
89260
72011
71745
71464
71108
70293
69481
1209
67429
78574
78653
79242
80463
88810
88235
88129
87304
86833
86320
85394
83976
82463
82459
82313
81932
81845
81786
81591
81562
80489
105197
105504
67087
134881
142488
141749
140725
140715
140174
139642
139385
137337
134859
128512
134130
133771
133645
132800
132549
132547
132458
131796
143385
144172
146656
148482
111931
111384
82152
66203
47044
138610
164979
164977
163949
163056
161582
161336
160954
158783
156387
155064
148626
128606
128360
106100
111622
112852
112556
112552
112550
112515
112290
112183
112070
111505
128235
111251
111249
110871
107636
107141
106920
106916
106766
113064
114254
114342
114459
127212
127206
127144
127114
127108
123695
123663
122882
118880
118700
117176
116797
116161
115713
115569
115139
114662
67255
67665
66665
5289
6515
6433
6229
5956
5795
5791
5747
5464
5198
6783
5169
4928
4763
4712
4437
4327
4326
4262
6643
6830
8766
8128
64839
8645
8584
8494
8236
8207
8195
8154
8125
6874
7926
7792
7438
7335
7243
7195
6983
6981
4103
3947
3811
1935
2330
2202
2182
2178
2109
2028
1957
1942
1572
3789
1283
1281
1273
1272
1260
1245
1232
1211
2677
2730
2747
2857
3742
3679
3671
3634
3632
3629
3539
3498
3415
3384
3246
3111
3089
3022
2936
2927
2920
8765
8751
8767
55069
55946
55442
55363
55280
55276
55269
55253
55118
55063
56152
55052
54881
54513
54286
54272
53953
53894
53123
56015
56286
52967
61240
64701
64622
64620
64614
63876
63082
61357
61323
61236
56607
60766
60069
58879
58191
57669
56805
56788
56782
25805
53000
52579
39183
52281
42217
41997
41863
41585
40819
40629
38304
46664
37741
34517
31770
26366
26151
26150
25927
45210
45028
46723
48738
52241
51540
50068
49917
47274
48774
49824
48696
48516
47423
47629
599
2424
7161
5
8623
236
3882
37733
55820
608
350
52973
4041
1103
