7153
5952
4993
8795
2424
2677
1245
3246
588
319
306
2330
364
1721
3114
2019
1059
47
1210
1028
1088
1200
593
377
4369
858
587
4306
628
1042
1
1610
1120
4121
215
4973
5299
3978
5902
3260
78499
115617
150
3793
924
59725
293
745
7161
236
134853
2942
608
2028
106473
63992
6942
1250
46578
118997
8874
88125
2288
106696
2959
5608
31878
132046
6539
27592
109249
34321
4226
70286
72998
94777
122886
2174
35836
6863
112552
6350
1079
130682
56367
107999
27773
260
1219
2529
34405
1997
93040
27611
4823
52973
5449
350
1103
104
6287
4041
8928
48780
109487
68319
62849
1704
2571
135518
3703
66097
2068
74458
4995
63131
64957
55820
46970
3882
37733
64969
3949
4018
4011
111624
3676
5812
6281
4189
106918
6953
8636
65514
6986
68954
8369
6683
107649
78349
44191
4612
27255
5377
5481
3361
2004
2012
2085
2369
2396
2692
2700
3052
3113
69640
8972
3751
117533
3785
3893
7458
5445
52319
4351
121231
4641
4701
4890
5135
1900
1274
48711
778
100365
45950
37729
146501
757
914
946
1153
35957
1209
1232
34162
1260
1272
1281
1572
1935
1942
32892
7478
1955
8623
53318
39421
4322
2542
1954
6016
40148
47099
60072
1131
77455
296
47465
7155
5909
4911
4467
2968
1199
8533
45720
3707
5984
1956
1376
1801
7361
104283
82461
50
232
318
1176
5618
3030
3948
44555
6985
1639
8464
26614
26662
47640
71057
2178
68358
69712
69526
95441
32025
31221
7376
4721
2924
2997
3265
3996
5782
78209
76251
61024
6857
7022
7090
7844
8528
2502
8961
26554
26585
36401
33794
8865
6754
97938
68157
27904
186
3257
246
300
337
2641
357
2359
520
529
1061
80551
661
904
2082
1242
104841
1259
1358
741
1517
1635
3275
5
8861
67997
54290
40614
247
7373
1080
1089
5507
1256
1729
5219
4069
3546
5662
6713
8188
3301
3300
30745
31658
52885
58559
2109
599
2182
97673
96832
96811
96728
96610
96588
96417
95761
95558
95449
95135
94969
94959
94931
91077
90866
90531
90439
97304
97752
106100
97921
105355
105197
103688
103624
103449
103372
103107
102469
102194
101895
101525
101285
99149
99114
98961
98154
97923
90376
90057
89804
89759
80463
2202
78653
78574
78039
74545
74324
73023
72741
72720
72395
72226
72176
72131
72011
71745
71464
80489
81562
81591
86833
89492
89470
89260
88810
88235
88129
87304
86320
81786
85394
83976
82463
82459
82313
81932
81845
105504
106766
70293
144172
142488
141749
140725
140715
140174
139642
139385
137337
134881
134859
134130
133771
133645
132800
132549
132547
132458
143385
146656
106916
148482
111931
111384
82152
66203
47044
138610
164979
164977
163949
163056
161582
161336
160954
158783
156387
155064
148626
131796
128606
128512
128360
114254
113064
112852
112556
112550
112515
112290
112183
112070
111622
111505
111251
111249
110871
107636
107141
106920
114342
114459
114662
123663
128235
127212
127206
127144
127114
127108
123695
122882
115139
118880
118700
117176
116797
116161
115713
115569
71108
79242
69481
25927
8767
8766
8765
8751
8645
8584
8494
8236
8207
8195
8154
7926
7792
7438
7335
25805
26150
47423
26151
46723
46664
45210
45028
42217
41863
41585
40819
40629
39183
38304
37741
34517
31770
26366
7195
6983
6981
6874
3789
3742
3671
3634
3632
3539
3498
3415
3384
3089
2927
2920
2857
2747
2730
3947
4327
4437
5956
6830
6783
6643
6515
6433
6229
5795
4712
5791
5464
5289
5169
4928
4763
47274
339
55253
57669
56286
51540
52241
58191
52579
52967
53000
53123
53894
53953
54272
54286
54513
54881
56805
49917
56788
55052
55063
55069
55118
56782
56607
55269
55276
55280
55363
55442
55946
56015
58879
50068
49824
63876
67665
67429
67255
67087
66665
64839
64701
64622
47629
48516
64620
48774
48696
64614
56152
63082
61357
61323
48738
60069
61240
61236
60766
48394
109374
5064
1291
6218
3994
1036
3809
44199
5971
79132
1732
55247
60684
3916
3499
4638
3175
3160
2989
2985
2600
2329
2273
1617
4023
780
494
434
4223
153
5602
7347
8781
2936
52281
41997
1258
954
3022
8125
541
3629
1283
7243
8128
1273
1197
5747
1957
1211
3111
4326
1172
5198
4262
5349
3679
3811
4103
3176
66934
1265
2361
4016
4388
111
