1
78499
64622
58191
4993
8795
58559
55063
67429
57669
64839
64701
58879
64620
63082
60069
64614
61323
61357
60766
63876
318
134853
7153
5952
61240
61236
2019
88125
115617
61024
1209
2857
3789
4306
8154
914
4327
1259
7361
3361
3634
48394
599
2997
74324
79242
78574
78039
74545
80489
81562
81591
81845
81932
82459
82463
67255
80463
111384
121231
66097
5782
1061
26554
93040
77455
186
7155
350
337
300
30745
3707
246
31658
5
5984
215
52885
53318
67997
39421
236
306
60072
8188
109249
1273
1272
1260
1245
1232
1211
1197
1172
1153
954
946
757
146501
588
377
541
364
54290
40614
111
247
1080
1256
319
3546
5662
6287
6713
357
529
520
5349
8636
6953
6281
5812
5481
5377
5135
4351
1088
4890
4823
4701
4641
2942
1028
65514
68954
107649
3703
44191
3676
4322
5449
106918
8369
78349
1900
2361
117533
6016
40148
4369
8533
47099
1358
1954
1801
1639
1635
1517
1376
3176
4041
1250
1242
1059
904
661
628
1956
2004
2012
2085
2369
2396
2692
59725
3052
3113
3260
45720
3751
3785
3893
3978
4016
2700
26662
106696
4069
27904
8928
8861
7373
5507
5219
3882
37733
3301
3300
3275
3257
2641
2359
34405
63992
97938
5618
104
36401
8865
6754
104283
82461
3030
68319
44555
6985
47640
71057
69712
69526
80551
2082
104841
100365
4467
2968
1199
107999
8623
2174
45950
69640
37729
35957
34162
32892
7478
1955
4911
5909
47465
4388
1131
64957
48711
4189
4612
6683
6986
27255
52319
608
5445
7458
8972
1103
2502
8528
5902
26585
8961
7844
7090
7022
6857
3996
7347
3265
2924
1274
924
741
44199
33794
1721
122886
4721
7376
31221
32025
50
232
1176
3948
8464
26614
1283
46578
68358
95441
8781
5602
52973
780
1291
1200
1120
1042
1036
858
593
5064
494
434
293
153
78209
76251
1610
1617
2273
2329
2600
2985
2989
3160
3175
3499
3793
3916
3994
4023
4121
4223
4638
1281
339
1572
81786
72131
123663
122882
118880
1935
72176
72226
72395
72720
118700
117176
72741
73023
78653
82313
127108
83976
85394
116797
86320
86833
87304
116161
88129
88235
88810
89260
89470
89492
115713
123695
127114
139642
131796
113064
134881
55280
55363
134859
134130
133771
133645
132800
55946
56015
132549
132547
132458
128606
72011
128512
128360
66665
67087
67665
69481
128235
70293
127212
71108
127206
127144
71464
71745
89759
89804
90057
107636
103107
103372
103449
103624
103688
105197
114662
105355
105504
106100
106766
106916
106920
107141
114459
90376
110871
111249
111251
111505
111622
112070
112183
112290
114342
112515
112550
114254
112552
112556
102469
102194
101895
101525
90439
90531
90866
91077
94931
94959
94969
95135
95449
95558
95761
96417
96588
96610
96728
96811
96832
115569
97304
115139
97673
97752
97921
97923
98154
98961
99114
99149
101285
139385
137337
112852
5169
164979
164977
2330
163949
5289
5464
5747
5791
2202
163056
5795
161582
5956
6229
161336
6433
2182
6515
160954
6643
6783
6830
6874
6981
6983
2178
7195
7243
7335
5198
4928
7792
4763
2920
2927
2936
3022
3089
3111
3246
3384
3415
3498
3539
3629
3632
3671
111931
82152
3679
3742
3811
66203
2677
3947
47044
4103
4262
4326
4437
4712
138610
7438
7926
2730
8125
46723
47274
47423
47629
48516
48696
48738
48774
49824
49917
156387
50068
155064
148626
52281
52579
2028
148482
1957
146656
144172
143385
53953
1942
142488
141749
140725
140715
140174
46664
45210
45028
42217
8128
8195
8207
8236
8494
8584
8645
8751
8765
8766
8767
25805
25927
26150
26151
26366
158783
31770
34517
37741
38304
39183
40629
2109
40819
41585
41863
41997
2747
1732
260
1079
2542
66934
68157
74458
1089
109487
6863
4018
6350
1210
64969
778
1729
4995
94777
55820
46970
6942
6539
72998
7161
70286
109374
27773
1704
62849
63131
31878
35836
135518
56367
48780
118997
2068
55442
55069
3949
4011
1997
8874
34321
2529
1219
27611
60684
111624
130682
2424
55247
6218
52967
53000
53123
53894
54272
54286
52241
54513
51540
54881
55052
55253
55118
55276
56805
56788
56782
56286
56152
56607
55269
296
106473
1258
4226
5971
27592
4973
5299
3809
5608
132046
150
2288
2959
745
79132
3114
2571
587
47
1265
