7153
5952
8795
4993
3679
5198
1211
1273
1957
3111
1197
3811
4103
4262
4326
1172
8128
5747
2019
2959
2542
2028
4226
7022
3265
3978
3260
5902
1245
319
588
306
364
3246
2330
2677
778
1729
3114
260
1265
6539
1210
2571
3703
62849
3996
7844
2924
7090
2502
40148
2529
26585
79132
8125
954
3022
541
7243
1283
3629
3793
150
4011
1610
1200
1120
1042
4121
858
593
1250
924
48780
293
5608
1732
215
2936
132046
1028
31878
5782
1089
1954
2359
1059
8961
337
246
5349
69640
2968
26614
50
65514
6218
106473
74458
1079
296
4911
47465
4995
1219
2068
3751
27611
107999
70286
27773
67997
60072
135518
72998
106696
5299
111624
118997
41997
52281
6942
2692
4018
1258
4467
94777
34321
63131
745
2424
5971
109487
1036
47
122886
1704
300
661
1259
339
318
46970
8874
8861
48394
64969
2361
55247
6350
105504
7161
53318
4973
56367
115617
66934
6863
34405
111
60684
35836
1199
3361
111384
121231
1061
4823
1256
112290
54290
40614
102194
247
112183
112070
111622
2288
111505
112515
111251
3546
5662
6713
8188
27592
111249
30745
31658
52885
68954
95441
97938
114254
115713
115569
232
8369
115139
114662
106918
114459
114342
3948
3676
110871
113064
101525
101895
8464
112852
26662
112556
88125
68358
112550
58559
107636
5
3113
1801
105197
1956
2004
2085
2369
103688
2700
3052
5377
103624
186
103449
103372
102469
3785
3893
81845
4016
4351
5135
4641
1639
1635
1517
1376
4701
236
107141
106920
106916
357
520
529
587
628
32025
106766
6953
6281
904
5812
106100
1242
5481
105355
1358
81932
117176
31221
163056
161336
160954
158783
156387
155064
148626
52319
7458
8972
148482
104841
2082
80551
146656
144172
3257
3275
3300
3301
4069
5219
5507
27904
66097
68157
161582
27255
7376
6986
1955
7478
32892
34162
35957
37729
45950
100365
111931
8623
82152
66203
47044
138610
5909
164979
164977
4388
1131
64957
163949
48711
4189
4612
6683
69526
69712
71057
47640
132549
741
132547
1274
132458
131796
128606
128512
128360
128235
127212
127206
127144
127114
6857
127108
123695
123663
122882
118880
118700
78349
116797
116161
4721
132800
133645
133771
141749
6985
44555
3030
5618
143385
82461
104283
142488
6754
8865
36401
8528
134130
61024
76251
78209
140725
140715
140174
139642
139385
137337
134881
134859
101285
103107
99149
49824
41863
82459
42217
45028
45210
46664
46723
47423
47629
48516
48696
48738
48774
49917
40819
50068
51540
52241
82313
52579
52967
53000
53123
53894
53953
54272
54286
54513
41585
40629
55052
8494
6874
6981
6983
7195
85394
7335
7438
7926
83976
82463
8154
8195
8236
8584
39183
8645
8751
8765
1900
8767
25805
25927
26150
26151
31770
34517
37741
38304
54881
55063
6783
72395
67087
67255
67429
67665
69481
70293
71108
71464
71745
72011
72131
72176
72226
72720
64839
72741
73023
74324
74545
78039
78574
78653
79242
80463
80489
81562
81591
81786
66665
64701
55069
56788
55118
55253
55269
55276
55280
55363
55442
55946
56015
56152
56286
56607
56782
56805
64622
57669
58191
58879
60069
60766
61236
61240
61323
61357
63082
63876
64614
64620
6830
8766
6643
2182
1209
94969
1232
94959
1260
94931
1281
91077
1572
1935
1942
90866
90531
2202
95449
90439
90376
2747
2857
2920
2927
90057
89804
3089
89759
89492
3415
3539
95135
1153
3632
96832
117533
99114
98961
98154
97923
6016
97921
47099
97752
97673
77455
4322
97304
8533
95558
45720
96811
3176
5984
96728
96610
96588
96417
95761
146501
757
914
946
89470
599
86833
5791
86320
5169
5464
4763
3789
5289
89260
88810
3742
4327
5795
88235
5956
88129
6433
3634
87304
6515
1291
109374
134853
1176
112552
3949
63992
93040
7361
26554
107649
109249
3809
44191
2997
46578
68319
8928
3707
78499
2174
33794
377
1721
1
8636
59725
39421
7155
37733
3882
4890
55820
130682
1088
2641
5064
3994
5445
4306
2396
44199
52973
1103
350
4041
2730
608
2012
8207
3498
47274
6229
3384
7792
26366
2942
4369
2178
2109
3671
3947
4928
1272
4437
4712
4023
494
434
8781
153
1617
2273
2329
2600
4223
780
2989
3160
3175
3499
7347
3916
5602
4638
2985
5449
104
6287
1997
7373
1080
