306
2677
319
364
588
2330
3246
1245
2028
2396
1042
4121
858
593
1610
1120
2997
1200
3629
1283
7243
215
5782
26554
7361
954
8125
541
3022
3793
293
93040
4890
52281
41997
2936
48394
4018
1265
1176
3751
5299
134853
118997
79132
2068
6218
3809
63131
4973
34321
5971
7161
1704
46970
35836
111624
60684
64969
115617
3703
55247
6539
6350
8874
109249
6863
31878
109374
6942
56367
66934
2529
3546
40148
5662
6016
6287
6713
8188
27592
5608
2959
27773
30745
2542
31658
52885
58559
778
67997
5
186
1
236
246
300
337
117533
2361
47099
60072
5481
2288
7155
5984
95441
97938
106696
3707
3176
59725
45720
8533
2942
1997
1088
1028
4322
78499
77455
54290
40614
111
62849
247
1079
1080
1219
1256
1729
350
357
377
520
107649
88125
3052
72998
3114
3260
68954
3361
65514
3785
3893
3978
4016
4041
4306
8636
4351
4369
4641
6953
4701
4823
6281
5812
5135
5349
5377
2369
44191
2085
1376
1900
529
587
628
661
904
78349
1059
1242
1250
1259
1358
1517
2012
1635
1639
70286
1801
8369
106918
5449
1954
3676
1956
2004
106473
3113
135518
68358
3257
5507
5219
4069
3882
3301
3300
3275
2641
8861
2359
1732
1061
80551
2082
104841
69640
7373
8928
46578
71057
104283
82461
5618
3030
44555
6985
47640
69712
27904
69526
68319
68157
66097
63992
37733
34405
8972
7458
5445
150
4467
2968
1199
130682
107999
8623
2174
100365
608
45950
37729
35957
34162
32892
7478
1955
4911
5909
47465
296
52319
121231
4995
1258
260
27255
6986
6683
4612
4189
48711
74458
64957
1131
4388
132046
6754
8865
5952
8961
8795
7844
7153
7090
7022
6857
5902
741
4993
3996
3265
2924
2571
2019
1274
26585
33794
1721
122886
27611
26662
26614
8464
3948
2424
1210
39421
232
50
47
32025
31221
7376
4721
924
44199
36401
78209
1291
1036
780
745
494
434
153
76251
8781
61024
55820
52973
8528
2502
1103
104
1617
2273
2329
2600
7347
5602
5064
4638
4223
4023
4011
3994
3949
3916
3499
3175
3160
2989
2985
318
599
53318
97673
96832
96811
96728
96610
96588
96417
95761
95558
95449
95135
94969
94959
94931
91077
90866
90531
90439
97304
97752
90057
97921
105355
105197
103688
103624
103449
103372
103107
102469
102194
101895
101525
101285
99149
99114
98961
98154
97923
90376
89804
106100
80489
79242
78653
78574
78039
74545
74324
73023
72741
72720
72395
72226
72176
72131
72011
71745
71464
71108
80463
81562
89759
81591
89492
89470
89260
88810
88235
88129
87304
86833
86320
85394
83976
82463
82459
82313
81932
81845
81786
105504
106766
69481
144172
142488
141749
140725
140715
140174
139642
139385
137337
134881
134859
134130
133771
133645
132800
132549
132547
132458
143385
146656
128606
148482
111931
111384
82152
66203
47044
138610
164979
164977
163949
163056
161582
161336
160954
158783
156387
155064
148626
131796
128512
106916
114342
113064
112852
112556
112552
112550
112515
112290
112183
112070
111622
111505
111251
111249
110871
107636
107141
106920
114254
114459
128360
114662
128235
127212
127206
127144
127114
127108
123695
123663
122882
118880
118700
117176
116797
116161
115713
115569
115139
146501
70293
67665
6643
6433
6229
5956
5795
5791
5747
5464
5289
5198
5169
4928
4763
4712
4437
4327
4326
4262
6515
6783
8766
6830
8751
67429
8584
8494
8236
8207
8195
8154
8128
7926
7792
7438
7335
7195
6983
6981
6874
4103
3947
3811
3789
1957
1942
1935
1572
1281
1273
1272
1260
1232
1211
1209
1197
1172
1153
946
914
757
2109
2178
2182
3415
3742
3679
3671
3634
3632
3539
3498
3384
2202
3111
3089
2927
2920
2857
2747
2730
8765
8645
8767
56805
56782
56607
56286
56152
56015
55946
55442
55363
55280
55276
55269
55253
55118
55069
55063
55052
54881
56788
57669
54286
58191
67255
67087
66665
64839
64701
64622
64620
64614
63876
63082
61357
61323
61240
61236
60766
60069
58879
25805
54513
47423
40629
46723
46664
45210
45028
42217
41863
41585
40819
39183
54272
38304
37741
34517
31770
26366
26151
26150
25927
47274
339
47629
51540
53953
53894
53123
53000
52967
48516
52241
52579
50068
49917
49824
48774
48738
48696
109487
1089
48780
94777
4226
2692
2700
