72011
69481
70293
67087
66665
71108
71464
71745
72131
72226
72395
72720
73023
78653
67665
53123
53000
52967
52241
53894
56152
54272
54286
54513
54881
55052
55118
55253
55269
55276
56805
56788
56782
56607
51540
56286
55069
55442
46578
5971
52885
3260
3978
6857
5902
2997
1274
741
104283
67997
66097
5782
5952
7153
5618
924
26554
7361
55820
68157
93040
4973
55247
107999
70286
55280
8645
7438
5464
5791
50068
6874
26662
44555
46723
45210
45028
48516
48696
48738
47423
48774
49824
41863
49917
47629
106473
55363
6350
1900
296
5135
608
3809
6985
5299
1732
1079
47099
7161
118997
109249
8928
88125
778
1729
109374
115617
1089
2542
1265
56367
64957
1801
1572
1260
1997
1639
1517
63131
1232
2942
1197
1172
1209
1153
946
914
757
1635
146501
1211
1376
53318
1028
1358
1272
1273
39421
7155
3707
3176
64969
59725
45720
8533
1281
5984
60072
1954
4890
5377
5481
5812
6281
6953
8636
3703
44191
3676
5449
106918
8369
78349
94777
2361
117533
1
5608
40148
5349
4823
1956
4701
2004
2012
2085
2396
2692
2700
3052
3113
3114
3361
3751
3785
3893
4016
4041
4351
4322
4369
4641
2369
599
1259
104841
80551
1061
2359
2641
3257
3275
3300
3301
3882
4069
5219
5507
7373
8861
34405
37733
63992
68319
69526
69712
71057
46970
47640
3030
82461
6754
8865
36401
104
2082
69640
1250
8972
1955
7478
32892
34162
35957
37729
45950
100365
150
8623
130682
1199
2968
4467
4911
5909
47465
4388
1131
48711
4189
4612
6683
6986
1258
121231
52319
5445
7458
1103
2502
8528
52973
1219
1256
2288
3546
5662
6287
6713
8188
27592
30745
31658
58559
1942
5
186
236
246
300
337
350
357
520
529
587
628
661
904
1059
1242
1080
111
40614
32025
76251
78209
2019
4993
8795
8961
26585
33794
1721
122886
4721
7376
31221
50
54290
232
318
2068
2424
3948
4018
8464
26614
68358
95441
97938
106696
134853
1935
339
1957
101895
103624
103449
103372
103107
102469
102194
101525
97752
101285
99149
99114
98961
98154
97923
103688
105197
105355
105504
106100
106766
106916
106920
107141
107636
110871
111249
111251
111505
111622
112070
112183
97921
97673
81786
88810
90057
89804
89759
89492
89470
89260
88235
97304
88129
87304
86833
86320
85394
83976
90376
90439
90531
90866
91077
94931
94959
94969
95135
95449
95558
96417
96588
96610
96728
96811
96832
112290
112515
112550
140725
148482
146656
144172
143385
142488
141749
140715
112556
140174
139642
139385
137337
134881
134859
148626
155064
156387
158783
160954
161336
161582
163056
163949
164977
164979
138610
47044
66203
82152
111384
111931
134130
133771
133645
122882
112852
113064
114254
114342
114459
114662
115139
115569
115713
116161
116797
117176
118700
118880
123663
132800
123695
127108
127114
127144
127206
127212
128235
128360
128512
128606
131796
132458
132547
132549
82313
95761
41585
47274
3671
8767
6643
3634
25805
25927
26150
26151
26366
31770
7195
3632
34517
6783
37741
38304
39183
40629
40819
6830
42217
3679
8766
8765
4712
5956
5795
5747
6433
5289
5198
5169
4928
4763
4437
8751
4327
4326
4262
4103
3947
3811
6515
3789
3742
46664
6229
2747
8584
8236
3111
8494
3089
2927
2920
6983
3384
2857
2730
72741
2202
72176
2182
2109
8207
3415
55946
7335
52579
53953
6981
7792
7926
3498
8128
8154
56015
3539
8195
2178
66934
6539
35836
34321
8874
47
111624
27773
1088
6863
2959
4995
260
112552
77455
62849
6942
107649
78499
1176
2529
1704
68954
74458
1210
65514
31878
61240
61236
79242
78574
80489
81562
81845
81932
78039
82459
82463
74545
81591
74324
67255
80463
109487
48780
72998
3265
7022
6218
61024
247
4226
60684
135518
2924
3996
7090
7844
6016
2174
27611
44199
3949
5064
1291
745
3994
1036
4011
3793
48394
132046
57669
67429
64839
64701
64622
55063
58191
64614
58879
60069
61323
64620
61357
63082
63876
60766
52281
41997
2936
27904
8781
1042
7347
2989
1120
1200
1610
593
494
5602
434
1617
2273
2329
2600
858
153
2985
3160
3916
4638
4223
4023
4121
3499
3175
780
79132
2571
293
8125
541
3022
954
215
1283
7243
3629
4306
27255
588
364
306
2677
2330
1245
3246
319
377
2028
