101525
95558
99149
99114
98961
98154
97923
97921
97752
97304
96811
96588
96728
95135
94959
94931
95449
54881
53894
56286
56152
55276
52967
53000
55269
54286
54272
55253
54513
55118
56782
55052
56607
53123
51540
52241
56788
56805
96832
96610
97938
56367
4103
1273
1259
1172
1197
1211
8128
1957
4262
5747
5198
3679
3811
4326
3111
296
68157
55820
55247
1704
1089
4995
52319
88125
8533
2920
1028
7458
1729
778
2959
8874
3089
2927
3632
2202
6983
1942
1935
946
47
31878
232
1281
161336
94969
101285
102469
52579
757
128512
127206
112550
53953
111249
110871
4763
7926
111505
132800
113064
114254
114459
133771
46664
25927
4973
105504
69712
2936
6350
111624
118880
112515
118700
5608
2542
134859
122882
2730
66097
3634
106696
66934
1176
118997
1219
318
106918
6539
34321
55442
55069
115569
114662
114342
112852
112556
112290
112183
111622
116161
116797
117176
35836
1079
111251
2529
3361
2288
62849
5971
111384
121231
130682
1061
1997
64957
6281
5812
5135
4890
5481
5377
2359
5349
4823
78209
4701
4641
1954
1956
2004
2012
2085
2369
2396
2700
3052
3113
3260
3275
3257
3751
3785
3893
3978
4016
2641
4041
4306
8636
4369
4351
8972
80551
35957
1199
6016
40148
60072
4322
107999
8623
150
45950
37729
34162
65514
45720
59725
3176
32892
3707
7478
5984
7155
1955
39421
2968
4467
4911
5909
2082
107649
69640
5445
3703
44191
3676
27255
5449
6986
6683
4612
4189
8369
78349
1900
1
48711
1131
4388
47465
1801
904
1639
1635
31221
32025
1103
50
104
36401
8865
2424
3948
6754
26614
26662
541
104283
68358
95441
82461
3030
134853
54290
40614
7376
4721
122886
52973
924
1274
2924
2997
3265
3996
5782
5902
76251
6857
1721
7022
7090
7844
8528
8961
26554
26585
2502
33794
7361
6985
1256
529
186
236
246
300
337
350
357
377
520
587
58559
628
661
741
1059
1242
1250
1358
1376
1517
5
52885
47640
6713
71057
69526
68319
63992
37733
34405
3546
5662
6287
8861
31658
7373
5507
5219
8188
4069
3882
3301
30745
3300
599
339
140715
137337
41585
139642
140174
140725
34517
31770
26366
26151
26150
25805
8767
8766
8765
8751
141749
8584
8494
142488
8236
8207
8195
143385
8154
8125
7792
144172
7335
7195
6981
139385
42217
6830
134881
72741
95761
146501
72176
96417
103449
103688
107636
112070
115139
115713
123663
123695
127108
127114
127144
56015
55946
127212
128235
128360
128606
131796
132458
132547
132549
133645
134130
47274
146656
82313
6783
1572
3384
163056
3022
2857
2747
163949
2182
164977
2178
2109
164979
138610
3415
1272
6643
47044
1232
1209
1153
954
914
66203
82152
111931
161582
1260
160954
5956
5169
155064
148626
148482
4928
4712
156387
4437
4327
5795
3789
3947
5289
3671
6515
3498
3539
6433
3742
6229
158783
115617
5299
260
93040
77455
109249
1210
72998
112552
74458
8928
27773
2174
27611
135518
4018
64969
97673
103372
105197
103107
105355
102194
106100
106766
103624
106916
106920
107141
101895
46970
78499
6863
117533
608
5618
53318
132046
2942
63131
1080
104841
27904
27592
48780
2571
2068
109487
3809
61024
81562
80489
81591
74545
82459
82463
80463
81845
79242
78574
78039
81932
74324
67255
7161
100365
109374
6942
1265
4226
7243
1283
3629
60684
1258
588
319
1245
2330
2677
3246
364
306
70286
106473
94777
293
6953
1088
67997
4011
2028
5064
1291
81786
3793
3994
79132
3114
1036
2019
60069
55063
57669
58191
58879
61323
67429
61357
60766
64839
64701
64622
64620
64614
63876
63082
68954
5952
7153
247
215
2361
46578
44555
90376
87304
86833
86320
85394
83976
91077
90866
90531
90439
89470
90057
88810
89804
89759
89492
88129
89260
88235
3949
47099
4993
1200
4121
1610
1120
593
8464
8795
1042
858
2692
1732
48394
40819
39183
40629
37741
38304
111
8781
780
7347
5602
494
434
153
1617
2273
2329
2600
2985
3160
3175
3499
3916
4023
4223
4638
2989
67665
6218
55363
745
52281
41997
45028
48774
49917
41863
48738
45210
47423
47629
48516
48696
46723
49824
72131
71464
71745
72011
73023
72395
72720
78653
70293
71108
72226
69481
67087
66665
61240
61236
5464
5791
6874
8645
55280
50068
7438
44199
