55363
55442
55069
50068
7438
8645
6874
55280
5791
5464
1610
858
1042
1120
1200
4121
593
41997
52281
48394
2959
4226
3793
1079
61236
61240
68954
74458
2997
68157
4973
778
1729
34405
47
5782
608
296
48780
7243
3629
1283
2730
112550
113064
114254
111505
1080
111249
110871
3022
102469
101285
4763
94969
7926
114459
8125
127206
954
133771
53953
128512
541
52579
132800
161336
757
2174
51540
55269
56805
56788
56607
53894
55118
56286
55253
56152
56782
54272
54286
53123
54513
53000
52967
54881
55052
52241
55276
5608
2529
1219
1258
3546
3703
67665
93040
2692
79132
2936
1089
7361
26554
1210
81786
122882
134859
112515
118700
118880
88125
109249
2920
3809
1732
3634
1997
55820
2542
70286
1291
60072
72998
3676
5349
5445
1199
46578
48516
47423
45210
47629
8207
49824
45028
48774
49917
41863
48738
26366
48696
47274
3947
4928
1272
2109
2178
3384
3498
3671
6229
7792
4437
4712
46723
40614
26614
50
1704
62849
8861
8928
4041
350
52973
1103
4467
8874
94777
4995
3030
107649
77455
4011
52319
78349
7458
26585
3949
44555
2968
47099
2361
56367
109374
112552
60684
107999
44191
64957
67997
293
3265
7022
27592
2028
66097
72720
69481
71464
72395
78653
73023
72226
72131
66665
67087
72011
71745
70293
71108
130682
27773
1088
132046
111624
2571
109487
1250
55247
68319
3882
37733
69712
111
6863
27611
53318
3994
135518
1176
5971
122886
6350
31878
3257
3275
5449
3300
3301
4069
5219
5507
7373
27904
69526
6713
2641
6985
65514
8636
6953
5618
6281
5812
82461
5481
104283
6754
5377
8865
47640
2359
4890
106918
8533
1955
7478
2942
32892
34162
35957
4322
37729
45950
4911
5909
47465
1131
6016
48711
4189
4612
6683
6986
1900
27255
8972
104841
2082
80551
8369
5135
4701
36401
246
1358
31221
32025
1059
904
232
661
628
529
520
357
337
26662
1639
236
186
95441
52885
31658
30745
54290
3176
247
1256
8188
5662
1635
7376
4823
3996
6287
4641
4369
104
8528
78209
741
4351
1274
4016
2924
3893
3785
4721
3113
2700
6857
2396
2369
2085
7090
2004
1956
1954
7844
1801
45720
339
3707
143385
148482
87304
146656
88129
88235
88810
89260
144172
89470
89492
86320
89759
89804
90057
90376
142488
90439
141749
90531
90866
86833
85394
140725
40629
26150
26151
31770
34517
156387
37741
155064
38304
39183
40819
83976
41585
42217
46664
55946
56015
72176
117176
148626
82313
91077
140715
25805
112070
106100
106766
123695
106916
106920
107141
107636
123663
111622
112183
105197
112290
112556
112852
114342
114662
115139
115569
115713
116161
105355
103624
140174
131796
139642
139385
137337
134881
134130
133645
132549
132458
97673
128606
127108
128360
128235
127212
127144
127114
101895
102194
103107
103372
25927
72741
5169
4327
2857
2927
3089
164977
3415
3539
3632
3742
3789
8767
6981
5289
163949
5795
163056
161582
6433
6515
6643
6783
2747
2202
2182
1942
5984
7155
39421
111931
82152
66203
47044
146501
914
946
1153
1209
1232
138610
164979
1260
1281
1572
1935
6830
116797
8751
7335
158783
8584
8765
8195
8236
7195
6983
8154
8766
160954
1061
121231
111384
100365
3361
40148
318
8464
2502
4306
3052
68358
300
71057
1259
1376
1517
76251
1957
1197
3111
1273
5198
3679
1172
5747
4326
4103
3811
8128
1211
4262
44199
35836
34321
64969
1036
46970
4018
105504
3751
5299
63131
78039
74545
81845
81591
74324
78574
79242
80463
67255
80489
82463
82459
81562
81932
106473
61024
1028
2068
150
6218
63992
2288
117533
5064
6942
1265
106696
97938
260
59725
118997
115617
2424
3114
587
377
3948
2012
55063
57669
64839
63876
60069
63082
61357
61323
64614
64701
67429
64620
58191
58879
60766
64622
134853
69640
745
215
8781
7347
5602
4223
4638
153
3499
4023
3916
434
494
780
1617
2273
3160
2329
2600
2985
2989
3175
4388
6539
8961
1721
33794
599
111251
588
306
2677
2330
1245
319
364
3246
78499
1
97752
97304
101525
99149
99114
94931
94959
95135
95449
95558
97921
96588
96728
96811
98961
98154
97923
3260
3978
5902
924
58559
8494
5956
103688
103449
95761
96417
132547
2019
66934
1242
96610
96832
7161
8795
4993
7153
5952
5
8623
