3246
2330
1245
588
364
319
306
2677
4306
6539
7153
5952
4993
8795
2028
215
69640
104
1
5449
6287
3114
260
3978
3260
5902
2019
78499
293
745
924
150
134853
115617
106473
2424
3916
8781
7347
3499
3175
3160
2989
5602
4023
8961
2985
2600
780
494
434
5349
58559
153
4638
1617
2273
2329
4223
3793
318
105504
106696
44199
1028
1200
1120
1042
1610
593
4121
858
1036
2068
3994
5064
1291
4011
3949
3361
5299
111384
121231
34321
109249
8874
118997
1061
35836
31878
63131
7161
46970
27773
56367
64969
6350
4018
6863
66934
132046
122886
107999
27611
109487
68319
2571
135518
3703
78209
4351
3052
3113
48711
74458
64957
3751
3785
3893
1131
4016
4041
4388
4369
68954
4641
4701
4823
4890
5135
296
5377
5481
5812
6281
6953
2700
2692
2396
2369
300
337
350
357
377
520
529
587
628
661
904
1059
1242
1259
1358
1376
1517
1635
1639
1801
1954
1956
2004
2012
2085
65514
88125
236
107649
130682
8533
45720
59725
8623
2174
100365
45950
3176
3707
37729
5984
7155
39421
53318
35957
34162
32892
541
7478
1955
146501
757
914
946
2942
1997
1088
778
44191
47465
3676
5909
106918
8369
78349
1900
2361
117533
4911
2542
1199
2959
5608
6016
40148
47099
60072
62849
77455
4467
2968
4322
246
4189
76251
8928
8861
7373
2924
2997
3265
3996
5507
5782
5219
4069
3882
3301
6857
7022
7090
3300
7844
3275
3257
2641
26554
26585
2359
33794
1721
1274
741
4721
27904
61024
55820
52973
8528
2502
1103
36401
8865
6754
104283
82461
5618
3030
44555
7361
6985
47640
71057
69712
69526
68157
66097
63992
48394
37733
1732
7376
186
1258
54290
40614
111
247
1079
1080
1089
1219
1256
1729
2288
2529
3546
5662
6986
6713
8188
27592
6683
30745
31658
52885
4612
67997
5
27255
1704
31221
4226
32025
1153
47
50
232
80551
1176
2082
104841
3948
8972
7458
5445
8464
26614
26662
608
52319
46578
48780
68358
93040
95441
97938
4995
954
599
1172
94931
96588
96417
95761
95558
95449
95135
94969
94959
91077
89260
90866
90531
90439
90376
90057
89804
89759
89492
96610
96728
96811
96832
103449
103372
103107
102469
102194
101895
101525
101285
99149
99114
98961
98154
97923
97921
97752
97673
97304
89470
88810
103688
72011
74324
73023
72741
72720
72395
72226
72176
72131
71745
88235
71464
71108
70293
69481
67665
67429
1197
67087
74545
78039
78574
78653
88129
87304
86833
86320
85394
83976
82463
82459
82313
81932
81845
81786
81591
81562
80489
80463
79242
103624
105197
64839
134859
141749
140725
140715
140174
139642
139385
137337
134881
134130
128360
133771
133645
132800
132549
132547
132458
131796
128606
142488
143385
144172
146656
111931
82152
66203
47044
138610
164979
164977
163949
163056
161582
161336
160954
158783
156387
155064
148626
148482
128512
128235
105355
111505
112556
112552
112550
112515
112290
112183
112070
111622
111251
127212
111249
110871
107636
107141
106920
106916
106766
106100
112852
113064
114254
114342
127206
127144
127114
127108
123695
123663
122882
118880
118700
117176
116797
116161
115713
115569
115139
114662
114459
66665
67255
64701
6830
6643
6515
6433
6229
5956
5795
5791
5747
5464
5289
5198
5169
4928
4763
4712
4437
4327
6783
6874
8767
6981
8765
8751
8645
8494
8236
8207
8195
8154
8128
8125
7926
7792
7438
7335
7243
7195
6983
4326
4262
4103
3947
2730
2202
2182
2178
2109
1957
1942
1935
1572
1283
1281
1273
1272
1260
1232
1211
1209
2747
2857
2920
3629
3811
3789
3742
3679
3671
3634
3632
3539
2927
3498
3415
3384
3111
3089
3022
2936
8766
8584
25805
55069
55946
55442
55363
55280
55276
55269
55253
55118
55063
53000
55052
54881
54513
54286
54272
25927
53953
53894
56015
56152
56286
56607
64622
64620
64614
63876
63082
61357
61323
61240
61236
60766
60069
58879
58191
57669
56805
56788
56782
53123
339
52967
45210
47423
47274
34517
46723
46664
37741
45028
40629
42217
38304
41997
41863
41585
40819
31770
47629
48516
26150
52579
52281
52241
51540
50068
48696
39183
49917
26151
26366
49824
48774
48738
94777
72998
6218
70286
34405
6942
109374
4973
1250
55247
60684
111624
79132
5971
3809
1210
8636
1265
