2330
588
364
319
3246
306
1245
2677
1210
260
1291
293
1259
50
26614
296
2529
1265
2028
215
2273
2329
153
5602
4638
434
4223
4023
494
3916
7347
3499
3175
3160
2989
2985
780
2600
8781
1617
4011
2959
79132
132046
3703
44199
6218
2571
8861
1036
778
1729
3994
1250
745
48780
5064
70286
62849
1089
122886
72998
4226
3809
3949
27611
74458
2068
5299
68157
107999
4973
5971
2396
8125
3022
954
541
94777
4995
109487
135518
2542
27773
68319
2936
111624
60684
1079
3629
1283
7243
47
55247
34321
34405
8874
115617
118997
2019
4890
35836
31878
63131
109374
7161
6539
6942
46970
1732
56367
64969
6350
4018
134853
109249
66934
3113
3052
3114
2700
520
3260
3361
4911
2692
300
246
3785
3893
3978
4016
3751
2004
5909
1517
587
628
661
904
1059
1242
4388
47465
377
1358
1376
1635
337
1639
1801
357
4306
1954
350
1956
529
2012
2085
2369
4041
5377
4351
2942
8623
40148
47099
60072
150
77455
100365
45950
78499
4322
1028
1997
37729
8533
4369
45720
59725
3176
35957
3707
5984
7155
39421
53318
34162
32892
7478
1955
6016
5608
130682
1199
4641
4701
4823
5135
5349
1131
5481
5812
6281
6953
8636
65514
68954
88125
4467
44191
106473
3676
5449
106918
8369
2968
78349
1900
2361
117533
1
236
71057
186
104841
5219
4069
3882
3301
3300
3275
3257
2641
2359
1061
80551
2082
69640
7373
8972
7458
5445
741
924
1274
608
2924
2997
3265
3996
4993
5507
8928
5902
36401
47640
6985
7361
44555
3030
5618
69712
82461
104283
69526
6754
8865
104
27904
1103
2502
8528
52973
55820
61024
76251
78209
66097
63992
48394
37733
5782
5952
5
1256
4612
93040
95441
97938
106696
54290
40614
111
247
1080
4189
1219
48711
46578
2288
64957
3546
6287
6713
8188
27592
30745
31658
52885
58559
67997
68358
6683
6857
7376
7022
7090
7153
7844
8795
8961
26554
26585
33794
1721
52319
4721
31221
26662
32025
121231
232
318
1176
1704
2424
3948
1258
27255
8464
6986
5662
599
146501
97304
96811
96728
96610
96588
96417
95761
95558
95449
95135
94969
94959
94931
91077
90866
90531
90439
90376
96832
97673
89804
97752
105197
103688
103624
103449
103372
103107
102469
102194
101895
101525
101285
99149
99114
98961
98154
97923
97921
90057
89759
105504
80463
78653
78574
78039
74545
74324
73023
72741
72720
72395
72226
72176
72131
72011
757
71464
71108
70293
79242
80489
89492
81562
89470
89260
88810
88235
88129
87304
86833
86320
85394
83976
82463
82459
82313
81932
81845
81786
81591
105355
106100
67665
144172
142488
141749
140725
140715
140174
139642
139385
137337
134881
134859
134130
133771
133645
132800
132549
132547
132458
143385
146656
128606
148482
111931
111384
82152
66203
47044
138610
164979
164977
163949
163056
161582
161336
160954
158783
156387
155064
148626
131796
128512
106766
114342
113064
112852
112556
112550
112515
112290
112183
112070
111622
111505
111251
111249
110871
107636
107141
106920
106916
114254
114459
128360
114662
128235
127212
127206
127144
127114
127108
123695
123663
122882
118880
118700
117176
116797
116161
115713
115569
115139
69481
71745
67429
5791
6830
6783
6643
6515
6433
6229
5956
5795
5747
4326
5464
5289
5198
5169
4928
4763
4712
4437
6874
6981
6983
7195
67255
8767
8766
8765
8751
8645
8584
8494
8236
8207
8195
8154
8128
7926
7792
7438
7335
4327
4262
26150
1272
2178
2109
1957
1942
1935
1572
1281
1273
1260
4103
1232
1211
1209
1197
1172
1153
946
914
2182
2202
2730
2747
3947
3811
3789
3742
3679
3671
3634
3632
3539
3498
3415
3384
3111
3089
2927
2920
2857
25927
25805
26151
55269
56286
56152
56015
55946
55442
55363
55280
55276
55253
56782
55118
55069
55063
55052
54881
54513
54286
54272
56607
56788
53894
63082
67087
66665
64839
64701
64622
64620
64614
63876
61357
56805
61323
61240
61236
60766
60069
58879
58191
57669
26366
53953
47423
53123
46723
46664
45210
45028
42217
41997
41863
41585
40819
40629
39183
38304
37741
34517
31770
47274
339
48774
48696
51540
50068
49917
49824
52281
48738
52579
48516
52967
47629
53000
52241
6863
1088
112552
107649
3793
2174
1200
1120
593
1610
858
1042
4121
