4226
48780
79132
2959
924
109487
4995
74458
1258
2529
296
33794
68157
5608
1704
47423
47629
41863
45028
46723
48696
45210
48738
48774
49824
48516
49917
1610
4121
1200
1120
1042
593
858
318
62849
1089
47
5902
3260
3978
7153
5952
128360
134881
148626
146656
143385
128606
141749
140174
139385
137337
115713
142488
133645
134130
127114
2692
2571
44555
132046
80489
82463
81932
81845
81591
81562
82459
67255
79242
78574
78039
74545
80463
74324
27773
260
1729
778
134859
122882
1219
50
26614
58559
127108
96811
96588
97304
99149
96728
97752
97921
97923
98154
98961
99114
95558
95135
101525
94959
94931
95449
47099
70286
2361
27611
77455
60684
78349
96832
96610
2542
1210
135518
4011
3361
8795
4993
52319
7458
46578
112515
118700
118880
2019
72998
122886
1732
68319
3793
2288
67665
111
55247
104841
114662
112290
114342
112852
112556
115569
116161
116797
117176
112183
111622
67997
72395
66665
69481
70293
71108
71464
71745
72011
72226
72131
72720
73023
78653
67087
27592
111384
121231
6985
53318
1176
133771
132800
127206
757
53953
128512
52579
161336
101285
94969
110871
114254
113064
112550
111505
4763
111249
102469
114459
7926
94777
111251
1061
69712
1079
117533
2730
55363
2920
3634
1265
56152
56286
56805
51540
52241
56788
52967
53000
53123
53894
54272
54286
54513
54881
55052
55118
56782
55269
55276
56607
55253
106918
107999
55069
55442
97938
3703
55820
2068
78209
2004
1376
1517
1635
1639
1801
1954
1956
2085
2012
1259
1131
2369
2396
4388
2700
3052
1358
1250
47465
1242
186
4189
236
246
48711
300
337
350
357
377
520
529
587
628
661
904
1059
3113
3114
4612
5909
6281
6953
111624
8623
150
100365
65514
45950
37729
68954
35957
34162
32892
88125
7478
1955
107649
130682
5812
1199
4351
4911
3751
3785
3893
4467
4016
4041
4369
2968
4641
4701
4823
4890
5135
5377
5481
5
6683
44191
52885
3030
6857
7022
7090
7361
7844
47640
26554
26585
71057
1721
69526
4721
66097
7376
31221
32025
5618
5782
5971
8865
61024
52973
8528
2502
1103
104
36401
741
3996
6754
1274
104283
82461
2924
2997
3265
63992
37733
34405
5662
2641
2359
1256
80551
2082
8972
3546
5445
3257
6287
6713
8188
27255
6986
30745
31658
1080
247
27904
5219
8861
7373
2424
3948
8464
5507
26662
4069
3275
68358
3882
95441
3301
54290
40614
3300
76251
599
106473
5795
25927
26150
3676
26366
31770
34517
37741
38304
39183
40629
40819
41585
42217
46664
47274
50068
55063
55280
55946
56015
57669
58191
58879
25805
8767
8766
7335
6229
6433
6515
6643
6783
6830
6874
6981
6983
7195
7438
8765
7792
8128
8154
8195
8207
8236
8494
8584
8645
8751
60069
60766
61236
158783
132458
132547
132549
139642
140715
140725
144172
148482
155064
156387
160954
128235
161582
163056
163949
164977
164979
138610
47044
66203
82152
111931
131796
127212
61240
72176
61323
61357
63082
63876
64614
64620
64622
64701
64839
67429
72741
127144
82313
95761
96417
103449
103688
107636
112070
115139
123663
123695
5956
26151
1935
1197
1211
1232
1260
1272
1273
1281
1572
5791
1942
1957
2109
2178
2182
2202
2747
2857
2927
3089
3111
1209
1172
3415
1153
5449
8369
1900
40148
60072
4322
1997
2942
8533
45720
59725
3176
3707
5984
7155
39421
146501
914
946
3384
339
3498
5198
3811
3947
4103
4262
4326
4327
4437
3679
4712
3671
4928
5169
3742
3789
5289
3632
3539
5747
5464
66934
56367
1088
4018
232
64969
2174
46970
48394
215
7161
1028
63131
31878
6863
35836
6942
118997
6350
112552
64957
8874
2936
34321
106696
41997
52281
1245
364
319
2677
2330
588
3246
306
541
3022
8125
954
109249
5299
134853
1283
7243
3629
8928
105504
102194
105197
105355
106766
103624
103372
103107
106100
101895
106916
106920
107141
97673
6016
2028
3949
4973
115617
608
69640
78499
293
93040
6539
44199
6218
3809
81786
1
1291
5064
90439
88235
91077
83976
90376
86320
90866
86833
90531
88129
85394
87304
90057
89260
89470
89492
89759
89804
88810
745
3994
1036
109374
8961
8636
4306
5349
7347
494
8781
434
780
3160
5602
4638
4223
4023
1617
2273
3916
2989
3499
3175
2600
2985
153
2329
