1210
1704
1258
4226
2571
5608
5445
1517
4995
132046
79132
2959
1219
3949
1250
2361
70286
47
1259
5377
8125
541
3022
954
27611
72998
48780
135518
2936
7243
3629
1283
260
122886
2692
109487
2028
2288
107999
111
74458
34405
78349
1176
94777
1732
27592
53318
68319
1089
232
27773
62849
4011
2369
2396
52319
2700
3052
3113
3114
4041
3260
3751
3785
3893
3978
4016
4306
88125
4351
4369
4641
4701
4823
4890
5135
111624
5481
5812
6281
6953
8636
65514
2085
2012
2004
215
357
350
337
300
246
236
186
1956
5
67997
58559
52885
31658
30745
377
520
529
587
628
661
904
1059
2968
1199
1358
1376
130682
1635
1639
1801
1954
68954
2359
44191
319
757
146501
588
34162
364
35957
306
608
6683
39421
7155
5984
3707
3176
914
946
32892
7478
1955
1153
1172
1197
1209
1211
1232
1245
1260
1272
1273
6986
1281
64969
63131
59725
778
3676
5449
55247
48711
106918
8369
8623
4189
150
4612
1900
100365
117533
1
2542
45720
45950
37729
6016
40148
47099
60072
77455
78499
4322
1028
1997
2942
6942
8533
106473
8188
2641
8528
593
78209
76251
61024
55820
52973
2502
6713
1103
104
36401
8865
6754
64957
858
1042
1120
1200
1610
3793
1131
4121
741
924
1274
2019
4388
2924
2997
3265
3996
104283
82461
5971
48394
3257
3275
3300
3301
3809
3882
4069
5219
5507
7373
8928
27904
80551
37733
60684
5618
63992
66097
66934
68157
2082
69526
69712
71057
46970
47640
6985
7361
44555
3030
4993
5782
5902
115617
26614
26662
5909
34321
46578
56367
1572
4911
93040
95441
97938
106696
109249
109374
118997
7161
134853
54290
8972
247
1079
1080
27255
4467
1256
1729
7458
3546
5662
6287
8464
5299
5952
1721
6350
6539
6857
7022
7090
7153
7844
8795
8874
8961
26554
26585
31878
33794
104841
4973
4721
7376
31221
32025
35836
296
50
69640
47465
1265
2068
2424
3948
4018
68358
599
1935
90376
97304
96832
96811
96728
96610
96588
96417
95761
95558
95449
95135
94969
94959
94931
91077
90866
90531
97673
97752
97921
102469
105355
105197
103688
103624
103449
103372
103107
102194
97923
101895
101525
101285
99149
99114
98961
98154
90439
90057
106100
89804
80489
1942
79242
78653
78574
78039
74545
74324
73023
72741
72720
72395
72226
72176
72131
72011
71745
81562
81591
81786
87304
89759
89492
89470
89260
88810
88235
88129
86833
81845
86320
85394
83976
82463
82459
82313
81932
105504
106766
71108
128606
142488
141749
140725
140715
140174
139642
139385
137337
134881
134859
134130
133771
133645
132800
132549
132547
132458
143385
144172
146656
163949
111931
82152
66203
47044
138610
164979
164977
163056
148482
161582
161336
160954
158783
156387
155064
148626
131796
128512
106916
128360
114254
113064
112852
112556
112550
112515
112290
112183
112070
111622
111505
111251
111249
110871
107636
107141
106920
114342
114459
114662
123663
128235
127212
127206
127144
127114
127108
123695
122882
115139
118880
118700
117176
116797
116161
115713
115569
71464
80463
70293
8765
8645
8584
8494
8236
8207
8195
8154
8128
7926
7792
7438
7335
7195
6983
6981
6874
6830
6783
6643
8751
8766
6433
8767
46664
45210
69481
42217
41997
41863
41585
40819
40629
39183
38304
37741
34517
31770
26366
26151
26150
25927
25805
6515
6229
47274
3634
3539
3498
3415
3384
3246
3111
3089
2927
2920
2857
2747
2730
2677
2330
2202
2182
2178
2109
1957
3632
3671
5956
3679
5795
5791
5747
5464
5289
5198
5169
4928
4763
4712
4437
4327
4326
4262
4103
3947
3811
3789
3742
46723
45028
54272
55269
56607
56286
56152
56015
55946
55442
55363
55280
55276
55253
56788
55118
55069
55063
55052
54881
54513
54286
53953
53894
56782
56805
53000
64614
67665
67429
67255
67087
66665
64839
64701
64622
64620
63876
57669
63082
61357
61323
61240
61236
60766
60069
58879
58191
53123
339
52967
50068
47423
47629
48516
48696
48738
52579
49824
49917
48774
52281
52241
51540
1061
293
6218
121231
111384
5064
1291
745
1036
3361
44199
3703
2985
780
434
153
1617
2273
2329
2600
7347
2989
494
4223
3160
3175
3499
5602
3916
4638
4023
8781
40614
1088
6863
318
3994
5349
112552
107649
8861
2529
2174
1242
