318
4306
104841
4121
1610
1200
1120
1042
8623
858
593
5
3793
31658
2677
588
2330
364
319
306
5349
1245
3246
3361
7161
6539
69640
2028
215
111384
121231
1061
27773
4326
1957
4103
4262
8128
88125
3679
1211
5747
3811
1172
1197
3111
5198
1273
293
105504
106696
8874
26662
31878
1028
48394
40614
47
56367
3546
48780
66097
1258
2529
2959
72998
78349
66934
62849
4226
4995
3785
3052
3113
2700
4351
3114
4041
3978
3260
3751
4016
3893
1376
2692
1242
246
300
337
350
357
377
520
529
587
628
661
904
1059
1250
2396
1259
1358
4641
1517
1635
1639
1801
1954
1956
2004
2012
2085
2369
4369
135518
4701
4322
1997
8533
45720
3176
5984
53318
541
146501
757
914
946
954
1153
1209
1232
1260
1272
1281
1283
1572
1935
1942
2109
2178
2182
2202
2730
1088
60072
4823
47099
4890
5135
5377
5481
5812
6281
6953
8636
65514
68954
107649
3703
236
3676
5449
55247
106918
8369
70286
1900
2361
117533
1
778
2542
5608
40148
44191
1080
186
3301
7373
5507
5219
4069
3882
3809
3300
58559
3275
3257
2641
1732
80551
2082
8861
8928
27904
34405
37733
60684
68157
68319
69526
69712
71057
47640
6985
7361
44555
82461
132046
8972
7458
608
4911
1955
7478
32892
34162
35957
37729
45950
100365
150
2174
130682
1199
2968
4467
5909
52319
47465
296
4388
1131
64957
48711
4189
4612
6683
6986
27255
260
1704
109487
6754
8865
36401
134853
232
1176
1210
3948
8464
26614
27611
46578
68358
93040
95441
97938
109249
109374
54290
32025
111
1079
2857
1089
1219
1256
1729
2288
5662
6287
6713
8188
27592
30745
50
31221
104
3996
1103
2502
8528
52973
55820
61024
76251
78209
924
2019
2571
2924
2997
3265
4993
7376
5782
5902
5952
7022
7090
7153
7844
8795
8961
26554
26585
33794
122886
4721
2747
599
2920
97304
99114
98961
98154
97923
97921
97752
97673
96832
70293
96811
96728
96610
96588
96417
95761
95558
99149
101285
101525
101895
107636
107141
106920
106916
106766
106100
105355
105197
103688
103624
103449
103372
103107
102469
102194
95449
95135
94969
86320
85394
83976
82313
81786
78653
73023
72741
72720
72395
72226
72176
72131
72011
71745
71464
2927
86833
94959
87304
94931
91077
90866
90531
90439
90376
90057
89804
89759
89492
89470
89260
88810
88235
88129
110871
111249
111251
146656
143385
142488
141749
140725
140715
140174
139642
139385
137337
134881
134859
134130
133771
133645
132800
144172
148482
132547
148626
111931
82152
66203
47044
138610
164979
164977
163949
163056
161582
161336
160954
158783
156387
155064
132549
132458
111505
115713
115139
114662
114459
114342
114254
113064
112852
112556
112552
112550
112515
112290
112183
112070
111622
115569
116161
131796
116797
128606
128512
128360
128235
127212
127206
127144
127114
127108
123695
123663
122882
118880
118700
117176
71108
339
69481
53953
6830
6874
6981
6983
7195
50068
49917
49824
48774
67665
48738
7243
48696
48516
7335
6783
51540
6643
5289
53123
53000
52967
52579
5169
52281
8154
6515
5791
5795
5956
6229
6433
52241
47629
47423
47274
8765
26151
26150
25927
25805
8767
8766
8751
31770
8645
8584
8494
8236
8207
8195
26366
7926
46723
41585
46664
45210
45028
42217
41997
41863
40819
34517
40629
7438
39183
7792
38304
37741
53894
5464
54272
3634
3742
63876
3789
3947
63082
4327
4437
61357
61323
61240
61236
54286
4712
4763
60766
3671
3632
58879
3629
67429
2936
67087
66665
3022
64839
64701
64622
3089
64620
3384
3415
3498
3539
64614
60069
8125
58191
55442
55280
55276
55946
56015
55269
56152
55253
56286
56607
56782
55118
55069
55063
56788
4928
55052
54881
54513
56805
57669
55363
63992
74458
2424
2942
3707
39421
79132
67997
115617
59725
6350
118997
34321
1721
2359
6863
4018
6016
3949
64969
4011
4973
77455
35836
7155
94777
3994
1291
5064
5299
46970
78499
745
106473
1036
63131
44199
107999
2068
1265
80489
82463
82459
81932
81845
81591
81562
80463
79242
78574
78039
74545
74324
67255
5445
247
7347
8781
5602
3160
3175
494
780
1617
2273
2329
2600
2985
2989
153
434
3499
3916
4023
4223
4638
3030
111624
6857
1274
741
52885
104283
5971
6942
5618
6218
