2028
318
780
5602
8781
4638
4223
4023
434
3916
494
3499
3175
7347
3160
2989
2985
2600
2329
2273
1617
153
3629
7243
1283
8125
954
541
3022
44199
588
3246
319
306
1245
2330
2677
364
52281
41997
1036
3994
745
293
2936
2571
1291
5064
4011
3949
3361
215
48394
6218
121231
132046
111384
79132
27611
135518
27773
70286
72998
109487
1061
260
1956
2004
2012
1954
2085
3113
2369
2396
2692
1801
2700
1639
3052
4069
3260
3114
1517
4911
3751
3785
3893
4467
3978
4016
4041
4306
2968
4351
4369
4641
1635
1358
1376
31658
186
5
67997
296
58559
52885
30745
236
27592
8188
6713
6287
5662
3546
47465
246
4823
628
1259
1242
1059
5909
904
661
587
300
529
520
377
357
350
337
4701
5349
4890
150
8533
100365
6942
6863
2942
1997
2174
62849
1088
1028
4322
78499
77455
8623
45720
59725
63131
45950
64969
3176
3707
5984
37729
7155
39421
53318
35957
34162
32892
7478
1955
111624
60072
5135
65514
3676
106473
44191
107649
88125
68954
8636
130682
6953
6281
5812
5481
5377
2288
5449
55247
106918
8369
78349
1900
2361
117533
1
778
2542
2959
1199
5608
6016
40148
47099
2529
1219
1729
2641
69640
104841
2082
80551
1732
2359
3257
52973
3275
3300
3301
78209
76251
61024
8972
7458
5445
608
52319
48780
4995
4226
1704
1258
27255
6986
6683
4612
4189
48711
741
55820
8528
1274
60684
69712
69526
68157
66934
66097
63992
3882
2502
37733
27904
8928
8861
7373
5507
71057
46970
47640
6985
7361
44555
3030
5618
5971
82461
104283
3809
6754
8865
36401
104
1103
924
2019
1256
26614
68358
56367
46578
34321
4388
26662
8464
1265
7161
5299
4973
4018
146501
2424
93040
95441
97938
106696
109249
109374
115617
118997
134853
54290
40614
111
247
1079
1080
1089
5219
2068
1176
74458
5952
7153
7090
7022
6857
6539
6350
5902
64957
5782
4993
3996
3265
2997
2924
7844
8795
8874
8961
26554
26585
31878
33794
1721
4721
7376
31221
32025
35836
47
50
232
3948
599
757
97673
96832
96811
96728
96610
96588
96417
95761
95558
95449
95135
94969
94959
94931
91077
90866
90531
90439
97304
97752
90057
97921
105355
105197
103688
103624
103449
103372
103107
102469
102194
101895
101525
101285
99149
99114
98961
98154
97923
90376
89804
69481
80489
79242
78653
78574
78039
74545
74324
73023
72741
72720
72395
72226
72176
914
72011
71745
71464
71108
80463
81562
89759
81591
89492
89470
89260
88810
88235
88129
87304
86833
86320
85394
83976
82463
82459
82313
81932
81845
81786
105504
106100
106766
143385
141749
140725
140715
140174
139642
139385
137337
134881
134859
134130
133771
133645
132800
132549
132547
132458
131796
142488
144172
106916
146656
111931
82152
66203
47044
138610
164979
164977
163949
163056
161582
161336
160954
158783
156387
155064
148626
148482
128606
128512
128360
128235
113064
112852
112556
112552
112550
112515
112290
112183
112070
111622
111505
111251
111249
110871
107636
107141
106920
114254
114342
114459
122882
127212
127206
127144
127114
127108
123695
123663
118880
114662
118700
117176
116797
116161
115713
115569
115139
70293
72131
25927
5795
6874
6830
6783
6643
6515
6433
6229
5956
5791
6983
5747
5464
5289
5198
5169
4928
4763
4712
6981
7195
26366
8584
26150
67665
25805
8767
8766
8765
8751
8645
8494
7335
8236
8207
8195
8154
8128
7926
7792
7438
4437
4327
4326
1273
2182
2178
2109
1957
1942
1935
1572
1281
1272
4262
1260
1232
1211
1209
1197
1172
1153
946
2202
2730
2747
2857
4103
3947
3811
3789
3742
3679
3671
3634
3632
3539
3498
3415
3384
3111
3089
2927
2920
26151
339
31770
55280
56782
56607
56286
56152
56015
55946
55442
55363
55276
56805
55269
55253
55118
55069
55063
55052
54881
54513
56788
57669
54272
64614
67429
67255
67087
66665
64839
64701
64622
64620
63876
58191
63082
61357
61323
61240
61236
60766
60069
58879
34517
54286
53953
48738
45028
45210
46664
46723
47274
41585
47423
40819
40629
39183
47629
38304
41863
48696
48516
48774
37741
53894
53123
53000
49824
52579
52967
52241
51540
50068
49917
42217
3703
68319
94777
34405
107999
122886
1250
1131
1210
593
858
1042
1120
4121
1200
1610
3793
