593
858
1042
1120
1200
4121
1610
3114
1
1219
3793
78499
150
745
5608
134853
106473
2424
3949
115617
4226
1704
904
2012
2028
2959
7243
3629
1283
47
8125
3022
541
954
319
2677
2330
3246
1245
588
306
364
1258
41997
52281
2936
215
48394
293
1376
1358
1517
1259
1635
1639
1250
1801
1242
1059
1954
4995
2085
1956
1199
4016
3978
3893
3785
3751
3361
3260
3113
2004
3052
2700
2692
2396
2369
661
2968
4467
350
628
2288
8188
6713
6287
5662
3546
2529
1256
27773
4911
1080
247
111
40614
54290
27592
30745
587
300
529
520
377
357
4306
337
246
31658
236
186
5
67997
58559
52885
4041
4823
4351
1028
6942
34162
6863
2942
1997
1088
4322
45720
35957
37729
77455
62849
60072
47099
8533
59725
4369
53318
946
914
757
146501
1955
7478
39421
63131
7155
32892
5984
3707
3176
64969
40148
6016
45950
5349
8636
6953
6281
5812
5481
5377
5135
100365
111624
4890
118997
4701
4641
130682
65514
68954
88125
107649
44191
8623
3676
5449
55247
106918
8369
78349
94777
1900
2361
117533
2174
5909
109374
47465
61024
52973
8528
2502
1103
104
36401
8865
6754
104283
82461
5971
5618
3030
44555
7361
55820
76251
47640
78209
2329
2273
1617
48711
1291
4189
4612
6683
1036
6986
780
27255
494
434
153
6985
46970
48780
3301
3275
3257
2641
2359
1061
80551
2082
104841
69640
8972
7458
5445
608
52319
121231
3300
3809
71057
3882
69712
69526
66934
66097
63992
60684
37733
34405
27904
8928
8861
7373
5507
5219
4069
2600
2985
2989
1265
318
232
50
4388
35836
32025
31221
7376
4721
1721
33794
31878
26585
26554
8961
1176
1153
3160
3948
106696
97938
95441
93040
68358
56367
46578
34321
26662
26614
8464
7161
5299
4973
4018
8874
8795
7844
7153
7347
6218
5602
5064
4638
4223
1131
4023
4011
3994
64957
3916
74458
3499
3175
8781
44199
741
5902
7090
7022
6857
6539
6350
5952
5782
924
4993
3996
3265
2997
2924
1274
599
339
1172
95449
96832
96811
96728
96610
96588
96417
95761
95558
95135
67665
94969
94959
94931
91077
90866
90531
90439
90376
97304
97673
97752
97921
105355
105197
103688
103624
103449
103372
103107
102469
102194
101895
101525
101285
99149
99114
98961
98154
97923
90057
89804
89759
80463
78653
78574
78039
74545
74324
73023
72741
72720
72395
72226
72176
72131
72011
1197
71464
71108
70293
79242
80489
89492
81562
89470
89260
88810
88235
88129
87304
86833
86320
85394
83976
82463
82459
82313
81932
81845
81786
81591
105504
106100
106766
144172
142488
141749
140725
140715
140174
139642
139385
137337
134881
134859
134130
133771
133645
132800
132549
132547
132458
143385
146656
128606
148482
111931
111384
82152
66203
47044
138610
164979
164977
163949
163056
161582
161336
160954
158783
156387
155064
148626
131796
128512
106916
114342
113064
112852
112556
112552
112550
112515
112290
112183
112070
111622
111505
111251
111249
110871
107636
107141
106920
114254
114459
128360
114662
128235
127212
127206
127144
127114
127108
123695
123663
122882
118880
118700
117176
116797
116161
115713
115569
115139
69481
71745
31770
38304
1272
7792
7438
7335
7195
6983
6981
6874
6830
6783
6643
6515
6433
6229
5956
5795
5791
7926
8128
8154
8767
34517
1942
26366
26151
26150
25927
25805
8766
8195
8765
8751
8645
8584
8494
8236
8207
5747
5464
5289
1935
3539
3498
3415
3384
3111
3089
2927
2920
3634
2857
2747
2730
2202
2182
2178
2109
3632
3671
5198
4262
5169
4928
4763
4712
4437
4327
4326
1273
1572
1281
4103
3947
3811
3789
3742
3679
37741
1957
39183
56152
57669
56805
56788
56782
56607
56286
1209
1211
55269
56015
1232
55946
1260
40629
55363
55280
58191
58879
60069
60766
67429
67255
67087
66665
64839
64701
64622
64620
64614
63876
63082
61357
61323
61240
61236
55276
55442
55253
52241
49917
49824
48774
48738
48696
48516
47629
47423
47274
46723
46664
45210
45028
42217
41863
41585
40819
51540
50068
54286
55118
55069
52579
55063
52967
53000
53123
53894
53953
54272
55052
54881
54513
79132
72998
70286
109249
3703
2571
135518
68319
109487
27611
107999
1732
122886
2068
132046
2019
1079
1210
2542
68157
1089
778
1729
296
260
