6874
55280
50068
7438
8645
5464
5791
55363
55069
55442
61236
61240
2959
41997
52281
4011
2542
1729
778
48394
47
44191
3499
2985
2329
2989
2273
3160
1617
3175
8781
7347
3916
153
4023
780
494
4223
434
4638
2600
5602
68954
62849
296
1258
4226
40148
48780
1089
1079
44199
2529
858
4121
1120
1200
1610
2502
593
1042
4973
318
3949
5608
74458
1036
3994
745
1732
1199
27773
5064
1291
3793
6218
4995
2288
1219
60684
2361
68157
27592
79132
1704
1358
6953
3361
88125
608
111624
3809
111
1265
109249
8874
78349
5299
111384
121231
5971
53318
31878
2692
130682
1061
1997
93040
8928
34321
6350
56367
118997
46578
109374
35836
66097
115617
6539
64957
6942
66934
1059
1242
350
357
2942
904
377
661
628
587
529
520
30745
337
5
63131
59725
45720
31658
6287
52885
58559
8533
67997
5984
5662
300
186
3176
3707
64969
236
8188
3546
6863
7155
246
6713
3703
1250
3052
3114
3260
55247
3751
5449
3785
3676
3893
3978
4016
4041
4306
4351
4369
4641
4701
4823
4890
5135
5349
5377
5481
5812
106473
6281
8636
65514
3113
2700
1259
106918
1376
1517
1635
1639
1801
1954
1956
2004
2012
2085
2369
2396
107649
1088
1028
4322
78499
77455
60072
47099
6016
1
117533
1900
94777
70286
8369
135518
232
1256
8861
2082
80551
2359
2641
3257
3275
3300
3301
3882
4069
5219
5507
7373
27904
69640
34405
37733
63992
68319
69526
69712
71057
46970
47640
6985
7361
44555
3030
104841
8972
1080
4467
1955
7478
32892
34162
35957
37729
45950
100365
150
2174
8623
107999
2968
4911
7458
5909
47465
4388
1131
48711
4189
4612
6683
6986
27255
260
109487
52319
5618
82461
104283
4018
26585
1721
122886
4721
7376
31221
32025
50
1176
1210
2068
2424
3948
7161
132046
8464
26614
26662
27611
68358
72998
95441
97938
106696
134853
54290
40614
247
26554
8961
8795
7844
6754
8865
36401
104
1103
8528
52973
55820
61024
76251
78209
741
1274
2019
2571
2924
2997
3265
3996
4993
5782
5902
5952
6857
7022
7090
7153
39421
599
69481
97304
96811
96728
96610
96588
96417
95761
95558
95449
95135
94969
94959
94931
91077
90866
90531
90439
90376
96832
97673
89804
97752
105197
103688
103624
103449
103372
103107
102469
102194
101895
101525
101285
99149
99114
98961
98154
97923
97921
90057
89759
105504
80463
78653
78574
78039
74545
74324
73023
72741
72720
72395
72226
72176
72131
72011
71745
71464
71108
70293
79242
80489
89492
81562
89470
89260
88810
88235
88129
87304
86833
86320
85394
83976
82463
82459
82313
81932
81845
81786
81591
105355
106100
67429
143385
141749
140725
140715
140174
139642
139385
137337
134881
134859
134130
133771
133645
132800
132549
132547
132458
131796
142488
144172
128512
146656
111931
82152
66203
47044
138610
164979
164977
163949
163056
161582
161336
160954
158783
156387
155064
148626
148482
128606
128360
106766
114254
112852
112556
112552
112550
112515
112290
112183
112070
111622
111505
111251
111249
110871
107636
107141
106920
106916
113064
114342
128235
114459
127212
127206
127144
127114
127108
123695
123663
122882
118880
118700
117176
116797
116161
115713
115569
115139
114662
67665
339
67255
6830
6643
6515
6433
6229
5956
5795
5289
5169
4928
4763
4712
4437
4327
3947
3789
6783
6981
25927
6983
8767
8766
8765
8751
8584
8494
8236
8207
8195
8125
7926
7792
7335
7243
7195
3742
3671
3634
3632
1935
1572
1283
1281
1272
1260
1232
1209
1153
954
946
914
757
146501
541
1942
2109
2178
3022
3629
3539
3498
3415
3384
3089
2936
2182
2927
2920
2857
2747
2730
2202
25805
8154
26150
55253
56607
56286
56152
56015
55946
55276
55269
55118
53123
55063
55052
26151
54513
54286
54272
53953
56782
56788
56805
57669
67087
66665
64839
64701
64622
64620
64614
63876
63082
61357
61323
60766
60069
58879
58191
53894
54881
46664
39183
41585
40819
45028
45210
46723
40629
47274
47423
47629
48516
48696
48738
48774
41863
42217
52579
34517
38304
49824
37741
49917
51540
52241
26366
31770
52967
53000
1197
1273
8128
1172
1211
4103
1957
3111
3811
4326
3679
5198
5747
4262
293
924
215
33794
2028
2677
1245
3246
319
2330
588
364
306
5445
