593
1120
296
4121
1610
1200
377
1042
858
588
364
3246
306
2330
2677
319
1245
3793
2028
215
778
1729
337
47
2959
1089
68157
2542
1079
88125
2288
5608
1732
27592
4226
1258
130682
27773
293
48394
1219
2529
1997
48780
62849
1704
66097
74458
4995
79132
2012
2692
2396
2369
2085
58559
6287
2004
1956
1954
2700
3361
3052
3113
3260
1639
3751
3785
3893
5662
3546
1256
1080
247
1801
1376
1635
31658
5
186
236
246
300
350
357
52885
520
529
587
30745
6713
8188
628
661
904
1059
1242
1250
1259
1358
67997
1517
135518
5481
3978
4016
64969
63131
59725
45720
8533
6942
6863
2942
1088
1028
4322
78499
77455
60072
47099
3176
3707
5984
954
1232
1211
1209
1197
1172
1153
946
7155
914
757
146501
541
53318
39421
40148
6016
1
4890
6281
5812
40614
5377
5349
5135
4823
8636
4701
4641
4369
4351
4306
4041
6953
65514
117533
106918
2361
1900
94777
78349
70286
8369
55247
68954
5449
3676
106473
44191
3703
107649
111
68358
54290
3809
8928
8861
7373
5507
5219
4069
3882
3301
132046
3300
3275
3257
2641
2359
1061
80551
27904
34405
37733
60684
82461
5971
5618
3030
44555
7361
6985
47640
46970
71057
69712
69526
68319
66934
63992
2082
104841
69640
5909
4467
2968
1199
111624
107999
8623
2174
100365
45950
37729
35957
34162
32892
7478
1955
4911
47465
8972
4388
7458
5445
608
52319
121231
109487
260
27255
6986
6683
4612
4189
48711
64957
1131
104283
6754
134853
318
4973
4018
3948
2068
1265
1210
1176
232
8865
50
35836
32025
31221
7376
4721
122886
5299
7161
8464
26614
118997
115617
109374
109249
106696
97938
95441
93040
72998
1272
56367
46578
34321
27611
26662
1721
33794
31878
2997
2571
2019
1274
924
741
78209
76251
61024
55820
52973
8528
2502
1103
104
36401
2924
3265
26585
3996
26554
8961
8874
8795
7844
7153
7090
7022
6857
6539
6350
5952
5902
5782
4993
1260
599
1273
90531
97752
97673
97304
96832
96811
96728
96610
96588
96417
95761
95558
95449
95135
94969
94959
94931
91077
97921
97923
98154
103372
106100
105504
105355
105197
103688
103624
103449
103107
98961
102469
102194
101895
101525
101285
99149
99114
90866
90439
106916
90376
81591
81562
80489
80463
1281
78653
78574
78039
74545
74324
73023
72741
72720
72395
72226
72176
72131
81786
81845
81932
88235
90057
89804
89759
89492
89470
89260
88810
88129
82313
87304
86833
86320
85394
83976
82463
82459
106766
106920
71745
131796
143385
142488
141749
140725
140715
140174
139642
139385
137337
134881
134859
134130
133771
133645
132800
132549
132547
144172
146656
148482
164977
111931
111384
82152
66203
47044
138610
164979
163949
148626
163056
161582
161336
160954
158783
156387
155064
132458
128606
107141
128512
114342
114254
113064
112852
112556
112552
112550
112515
112290
112183
112070
111622
111505
111251
111249
110871
107636
114459
114662
115139
123695
128360
128235
127212
127206
127144
127114
127108
123663
115569
122882
118880
118700
117176
116797
116161
115713
72011
79242
71464
46723
8494
8236
8207
8195
8154
8128
8125
7926
7792
7438
7335
7243
7195
6983
6981
6874
6830
6783
6643
6515
6433
8584
8645
8751
38304
45210
45028
42217
41997
41863
41585
40819
40629
39183
37741
8765
34517
31770
26366
26151
26150
25927
25805
8767
8766
6229
5956
5795
2747
3415
3384
3111
3089
3022
2936
2927
2920
2857
2730
3539
2202
2182
2178
2109
1957
1942
1935
1572
1283
3498
3629
5791
4327
5747
5464
5289
5198
5169
4928
4763
4712
4437
4326
3632
4262
4103
3947
3811
3789
3742
3679
3671
3634
71108
46664
47274
55280
56788
56782
56607
56286
56152
56015
55946
55442
55363
55276
57669
55269
55253
55118
55069
55063
55052
54881
54513
54286
56805
58191
47423
64622
70293
69481
67665
67429
67255
67087
66665
64839
64701
64620
58879
64614
63876
63082
61357
61323
61240
61236
60766
60069
54272
53953
53894
52281
47629
48516
48696
48738
48774
49824
49917
50068
51540
53123
52241
339
53000
52967
52579
2424
3114
6218
3949
4011
1291
5064
745
150
3994
1036
44199
780
4023
8781
434
153
494
5602
7347
1617
2273
2329
2600
4638
2989
3160
3175
3499
4223
3916
2985
