1617
2600
2273
4638
8781
2985
7347
2989
4223
3160
3175
153
4023
434
494
3499
5602
780
3916
2329
44199
1036
3994
745
4011
1291
5064
3949
4121
1610
1042
1200
1120
593
587
858
377
47
6218
293
3793
2288
88125
5608
27592
4226
1258
130682
27773
48394
1219
2529
1997
48780
62849
1704
66097
74458
4995
79132
1956
1954
1639
1801
135518
1635
247
30745
8188
6713
6287
5662
3546
1256
1080
111
52885
40614
54290
134853
118997
115617
109374
109249
106696
31658
58559
1517
529
1376
1358
1259
1250
1242
1059
904
628
520
67997
357
350
337
246
236
215
186
5
661
2085
2004
60072
6942
6863
2942
1088
1028
4322
78499
77455
47099
2012
40148
6016
1
117533
2361
1900
94777
78349
8533
45720
59725
63131
954
946
914
757
146501
588
541
364
319
306
53318
39421
7155
5984
3707
3176
64969
70286
8369
106918
4641
4351
4306
4041
4016
3978
3893
3785
3751
3361
3260
3113
3052
2700
2692
2396
2369
95441
4369
4701
55247
4823
5449
3676
106473
44191
3703
107649
68954
65514
8636
6953
6281
5812
5481
5377
5349
5135
4890
97938
32025
93040
72998
5507
5219
4069
3882
3809
3301
3300
3275
3257
2641
2359
1061
80551
2082
104841
7373
8861
8928
69712
44555
7361
6985
47640
46970
71057
69526
27904
68319
66934
63992
60684
37733
34405
69640
8972
7458
100365
2968
1199
111624
107999
8623
2174
45950
4911
37729
35957
34162
32892
7478
1955
4467
5909
5445
6986
608
52319
121231
109487
260
27255
6683
47465
4612
4189
48711
64957
1131
4388
3030
5618
5971
4721
232
50
35836
1172
31221
7376
122886
1176
1721
33794
31878
26585
26554
8961
318
1210
8795
26614
68358
56367
46578
34321
27611
26662
8464
1265
7161
5299
4973
4018
3948
2068
8874
7844
82461
2502
78209
76251
61024
55820
52973
8528
1103
924
104
36401
8865
6754
132046
104283
741
1274
7153
5902
7090
7022
6857
6539
6350
5952
5782
2019
4993
3996
3265
2997
2924
2571
1153
599
1197
94931
96588
96417
95761
95558
95449
95135
94969
94959
91077
96728
90866
90531
90439
90376
90057
89804
89759
89492
96610
96811
105197
101285
103624
103449
103372
103107
102469
102194
101895
101525
99149
96832
99114
98961
98154
97923
97921
97752
97673
97304
89470
89260
88810
72011
74324
73023
72741
72720
72395
72226
72176
72131
71745
88235
71464
71108
70293
69481
67665
67429
67255
1209
74545
78039
78574
78653
88129
87304
86833
86320
85394
83976
82463
82459
82313
81932
81845
81786
81591
81562
80489
80463
79242
103688
105355
64839
134859
141749
140725
140715
140174
139642
139385
137337
134881
134130
143385
133771
133645
132800
132549
132547
132458
131796
128606
142488
144172
105504
163949
111931
111384
82152
66203
47044
138610
164979
164977
163056
146656
161582
161336
160954
158783
156387
155064
148626
148482
128512
128360
128235
111505
112556
112552
112550
112515
112290
112183
112070
111622
111251
127212
111249
110871
107636
107141
106920
106916
106766
106100
112852
113064
114254
114342
127206
127144
127114
127108
123695
123663
122882
118880
118700
117176
116797
116161
115713
115569
115139
114662
114459
66665
67087
64701
5198
6433
6229
5956
5795
5791
5747
5464
5289
5169
8751
4928
4763
4712
4437
4327
4326
4262
4103
6515
6643
6783
6830
8584
8494
64622
8207
8195
8154
8128
8125
7926
7792
7438
7335
7243
7195
6983
6981
6874
3947
3811
3789
2677
2202
2182
2178
2109
2028
1957
1942
1935
1572
1283
1281
1273
1272
1260
1245
1232
1211
2330
2730
3742
2747
3679
3671
3634
3632
3629
3539
3498
3415
3384
3246
3111
3089
3022
2936
2927
2920
2857
8645
8236
8765
56015
55442
55363
55280
55276
55269
55253
55118
55069
55063
55052
54881
54513
54286
54272
8766
53894
53123
55946
56152
52967
56286
64620
64614
63876
63082
61357
61323
61240
61236
60766
60069
58879
58191
57669
56805
56788
56782
56607
53000
53953
52579
38304
45028
42217
41997
41863
41585
40819
40629
39183
37741
46723
34517
31770
26366
26151
26150
25927
25805
8767
46664
45210
47274
48774
52281
52241
51540
50068
49917
47423
49824
48516
48696
47629
339
48738
1732
2959
1079
2542
68157
2424
1089
778
1729
3114
150
296
300
