2330
364
1245
3246
306
2677
588
319
2028
215
260
58559
1
78499
4306
8961
318
4226
1283
7243
3629
293
1210
134853
8125
3022
541
954
520
55063
67429
49917
49824
48774
48738
4121
48696
58879
64839
57669
58191
60069
60766
64701
61323
61357
64622
63082
63876
48516
64614
47629
593
46723
45210
45028
41863
1610
1200
1120
1042
64620
47423
858
150
44191
2959
115617
2936
5608
48780
79132
3361
132046
2692
3793
44555
47099
1219
2529
3114
1199
122886
47
27773
107999
111384
2019
62849
1704
61024
121231
1089
70286
2068
1250
27611
74458
72998
60684
1061
109487
68319
4995
2571
135518
3703
46578
1258
109249
34405
94777
5377
4351
4369
4641
4701
4823
4890
5135
5349
27255
741
5481
4041
6281
6986
6953
8636
65514
88125
107649
6683
106473
5812
4016
5449
7458
3257
2641
2359
80551
2082
1954
104841
1956
69640
8972
2004
2012
2085
3978
2369
2396
5445
2700
3052
3113
608
3260
52319
3751
3785
3893
3676
8369
106918
3300
3707
4467
2968
5984
7155
39421
53318
130682
8623
2174
100365
45950
37729
35957
34162
146501
757
914
946
32892
7478
1153
1172
1197
1955
3176
4911
64969
60072
4612
78349
1900
2361
117533
4189
48711
64957
6016
40148
1131
4388
63131
77455
47465
4322
1028
1088
1997
2942
6863
5909
8533
45720
3275
1801
3301
1274
1103
1176
104
36401
3948
4018
7161
8464
26614
26662
8865
68358
6754
93040
95441
97938
106696
109374
104283
82461
54290
40614
111
247
1080
232
50
2502
6857
78209
76251
2924
2997
3265
3996
4993
5782
5902
5952
6350
7022
32025
7090
7153
7844
8795
52973
26554
26585
8528
4721
7376
31221
5971
5618
1256
587
186
5219
236
246
300
337
350
357
4069
3882
529
628
67997
661
904
1059
1242
3809
1259
1358
1376
1517
1635
1639
5
5507
2288
69712
1211
3546
3030
5662
6287
6713
7361
6985
47640
46970
71057
69526
52885
68157
66097
8188
27592
37733
27904
8928
8861
7373
30745
31658
1209
599
1232
97673
99149
99114
98961
98154
97923
97921
97752
97304
74545
96832
96811
96728
96610
96588
96417
95761
101285
101525
101895
102194
107636
107141
106920
106916
106766
106100
105504
105355
105197
103688
103624
103449
103372
103107
102469
95558
95449
95135
1260
85394
83976
82463
82459
82313
81932
81845
81786
81591
81562
80489
80463
79242
78653
78574
86320
87304
94969
88129
94959
94931
91077
90866
90531
90439
90376
90057
89804
89759
89492
89470
89260
88810
88235
110871
111249
111251
146656
143385
142488
141749
140725
140715
140174
139642
139385
137337
134881
134859
134130
133771
133645
132800
144172
148482
132547
148626
111931
82152
66203
47044
138610
164979
164977
163949
163056
161582
161336
160954
158783
156387
155064
132549
132458
111505
115713
115139
114662
114459
114342
114254
113064
112852
112556
112552
112550
112515
112290
112183
112070
111622
115569
116161
131796
116797
128606
128512
128360
128235
127212
127206
127144
127114
127108
123695
123663
122882
118880
118700
117176
78039
86833
74324
7195
8236
8207
8195
8154
8128
7926
7792
7335
6983
8584
6981
6830
6783
6643
6515
6433
6229
5956
8494
8751
52579
37741
46664
42217
73023
41585
40819
40629
39183
38304
34517
8765
31770
26366
26151
26150
25927
25805
8767
8766
5795
5747
5289
2182
3111
3089
2927
2920
2857
2747
2730
2202
2178
5198
2109
1957
1942
1935
1572
1281
1273
1272
3384
3415
3498
3539
5169
4928
4763
4712
4437
4327
4326
4262
4103
3947
3811
3789
3742
3679
3671
3634
3632
47274
339
70293
72176
71464
71745
67087
55946
71108
72011
72131
67665
56015
72226
69481
72395
66665
72720
53953
72741
67255
1732
296
1079
2542
66934
924
55247
778
1729
6539
1265
35836
118997
55820
34321
33794
4973
31878
2424
5299
8874
56782
56152
56286
55276
52241
56607
55253
55118
56788
56805
55269
55052
53000
51540
54513
54286
54272
52967
53894
54881
53123
63992
111624
6942
59725
48394
3949
6218
4011
56367
1721
52281
41997
68954
1291
5064
44199
745
61236
61240
3994
1036
377
55363
55442
55069
5791
8645
7438
55280
5464
6874
50068
8781
2329
780
494
434
153
1617
2273
2985
2600
7347
2989
3160
3175
3499
3916
4223
4638
5602
4023
