2542
1729
778
296
2959
4011
40148
111
1258
608
46578
1079
1732
2692
26614
37741
38304
40629
39183
40819
6016
50
2361
62849
1089
56367
1103
4041
350
52973
48780
3809
293
4226
55820
74458
4306
44199
780
153
3175
3499
3916
434
494
3160
2600
4023
8781
7347
2329
5602
4638
4223
2985
2989
2273
1617
2529
68157
3882
37733
47
8928
109249
111624
2288
109374
55253
55276
55269
56152
56286
52241
55052
55118
56782
54881
54513
54286
54272
53894
53123
53000
56607
52967
56788
56805
51540
27773
46723
45210
45028
41863
47629
48516
48696
48738
48774
49824
49917
47423
78349
55247
1036
3994
4973
27592
745
4995
53318
67997
1291
5064
55069
55442
109487
79132
5608
44555
47099
3949
1219
1704
94777
88125
68954
65514
8636
4641
4701
6953
5349
6281
5812
3546
4823
3703
5481
4890
5135
5377
107649
1250
106473
3676
5984
3176
45720
8533
1997
1088
1028
4322
78499
77455
60072
1
117533
1900
70286
6287
8369
106918
5449
5662
4016
4369
587
661
904
3113
3052
2700
2396
2369
2085
1059
2012
2004
1956
1954
1242
1801
1639
1635
1517
1376
1358
1256
628
529
4351
520
6713
3978
3893
3785
3751
3361
8188
3260
30745
31658
52885
5
186
215
236
246
300
337
3114
357
377
1259
135518
1080
27904
2082
80551
1061
2359
2641
3257
3275
3300
3301
4069
5219
5507
7373
8861
34405
247
48394
63992
66097
68319
69526
69712
71057
47640
6985
7361
3030
5618
5971
82461
104841
69640
8972
7458
1955
7478
32892
34162
35957
37729
45950
100365
150
2174
8623
107999
130682
4911
5909
47465
4388
1131
64957
48711
4189
4612
6683
6986
27255
260
121231
52319
5445
104283
132046
6754
7153
8795
8961
26554
26585
33794
1721
122886
4721
7376
31221
32025
232
318
1176
1210
2424
3948
8464
306
27611
68358
72998
93040
95441
97938
106696
134853
54290
40614
7844
7090
8865
7022
36401
104
2502
8528
61024
76251
78209
593
858
1042
1120
1200
1610
3793
4121
741
924
1274
2019
2571
2924
2997
3265
3996
4993
5782
5902
5952
6857
26662
599
319
90531
97752
97673
97304
96832
96811
96728
96610
96588
96417
95761
95558
95449
95135
94969
94959
94931
91077
97921
97923
98154
103372
106100
105504
105355
105197
103688
103624
103449
103107
98961
102469
102194
101895
101525
101285
99149
99114
90866
90439
106916
90376
81591
81562
80489
80463
79242
78653
78574
78039
74545
74324
73023
72741
72720
72395
72176
72131
72011
81786
81845
81932
88235
90057
89804
89759
89492
89470
89260
88810
88129
82313
87304
86833
86320
85394
83976
82463
82459
106766
106920
71464
131796
143385
142488
141749
140725
140715
140174
139642
139385
137337
134881
134859
134130
133771
133645
132800
132549
132547
144172
146656
148482
164977
111931
111384
82152
66203
47044
138610
164979
163949
148626
163056
161582
161336
160954
158783
156387
155064
132458
128606
107141
128512
114342
114254
113064
112852
112556
112552
112550
112515
112290
112183
112070
111622
111505
111251
111249
110871
107636
114459
114662
115139
123695
128360
128235
127212
127206
127144
127114
127108
123663
115569
122882
118880
118700
117176
116797
116161
115713
71745
72226
71108
3671
4262
4103
3947
3811
3789
3742
3679
3634
4327
3632
3629
3539
3498
3415
3384
3246
4326
4437
3089
5795
6874
6830
6783
6643
6515
6229
5956
5791
4712
5747
5464
5289
5198
5169
4928
4763
3111
3022
6983
1153
1260
1245
1232
1211
1209
1197
1172
954
1273
946
914
757
146501
588
541
364
1272
1281
2936
2202
2927
2920
2857
2747
2730
2677
2330
2182
1283
2178
2109
2028
1957
1942
1935
1572
6981
6433
7195
56015
61236
60766
60069
58879
7243
57669
55946
47274
55363
55280
55063
53953
52579
52281
61240
61323
61357
63082
63876
64614
64620
64622
64701
64839
66665
67087
67255
67429
67665
69481
70293
50068
58191
46664
8767
8765
8751
8645
8584
8494
8236
42217
8195
8154
8128
8125
7926
7792
7438
7335
8766
8207
26366
25927
41997
41585
34517
31770
26151
26150
339
25805
66934
7161
6218
115617
58559
6863
4018
6350
64969
31878
6539
6942
60684
1265
46970
8874
59725
118997
44191
63131
2942
34321
2968
3707
5299
2068
39421
4467
1199
7155
35836
