4993
8795
8128
3811
1028
5198
4306
1172
1197
7844
1211
4326
4262
4103
7090
1273
5747
593
3679
858
1042
1120
1200
1957
1610
4121
2924
3996
3111
904
7153
5952
2019
4226
3265
7022
924
3793
33794
31878
1517
2997
232
2571
65514
79132
5782
26554
7361
106696
2692
93040
2529
2959
4011
132046
62849
1089
5377
4995
27611
118997
97938
135518
6539
70286
72998
48780
66934
1210
109487
64957
5608
260
1219
1704
3949
3052
1059
357
350
337
1635
1259
300
1376
1639
4351
246
661
2700
236
186
1250
377
520
2369
628
3113
3114
3361
3751
3785
3893
2012
2004
1956
1242
4016
1954
4041
587
1801
529
2396
1358
5349
4369
4641
8533
45720
59725
63131
64969
3707
5984
7155
39421
541
146501
757
914
946
954
1153
1209
1232
1260
1281
1283
1572
1935
1942
2182
2202
2747
2857
2920
6942
2942
1997
106473
4701
4823
4890
5135
67997
5481
5812
6281
6953
8636
88125
3703
44191
3676
4322
5449
55247
106918
8369
94777
1900
1
6016
40148
47099
60072
77455
78499
5
68358
58559
6985
69640
104841
2082
80551
1061
2359
2641
3257
3275
3300
3301
3882
4069
5219
5507
7373
8861
27904
34405
37733
60684
63992
66097
68157
68319
69526
69712
71057
46970
8972
7458
5445
1199
1955
7478
32892
34162
35957
37729
45950
100365
150
8623
107999
111624
130682
2968
52319
4467
4911
5909
47465
4388
1131
48711
4189
4612
6683
6986
27255
121231
47640
44555
52885
3030
1176
1265
2068
2424
3948
4018
5299
7161
8464
26614
26662
34321
56367
2936
95441
115617
134853
54290
40614
247
1080
1256
3546
5662
6287
6713
8188
30745
31658
318
50
35836
61024
5618
5971
82461
104283
6754
8865
36401
104
1103
2502
8528
52973
55820
76251
32025
78209
741
1274
6350
6857
8874
8961
26585
1721
122886
4721
7376
31221
2927
339
3022
106100
96728
96588
95558
95449
95135
94969
94959
94931
91077
90866
90531
90439
90376
90057
89804
89759
89492
96811
97304
97673
101895
105355
105197
103624
103372
103107
102469
102194
101525
97752
101285
99149
99114
98961
98154
97923
97921
89470
89260
88810
72176
74545
74324
73023
72741
72720
72395
72226
72131
78574
72011
71745
71464
71108
70293
69481
67665
78039
78653
88235
82459
88129
87304
86833
86320
85394
83976
82463
82313
3089
81932
81845
81786
81591
81562
80489
80463
105504
106766
67255
106916
143385
142488
141749
140725
140715
140174
139642
139385
137337
134881
134859
134130
133771
133645
132800
132549
132458
144172
146656
148482
164977
111931
111384
82152
66203
47044
138610
164979
163949
148626
163056
161582
161336
160954
158783
156387
155064
131796
128606
128512
112183
114254
113064
112852
112556
112550
112515
112290
112070
114459
111622
111505
111249
110871
107636
107141
106920
114342
114662
128360
123663
128235
127212
127206
127144
127114
127108
123695
122882
115139
118880
118700
117176
116797
116161
115713
115569
67429
79242
3742
34517
31770
26151
26150
3634
48696
48738
48774
3632
49824
3629
3539
49917
25927
7195
25805
7243
51540
52241
8767
8766
52579
52967
53000
3789
37741
6643
38304
6515
6433
42217
45028
45210
46664
6830
46723
41863
5795
41585
40819
5289
5169
6981
4763
40629
6983
39183
47423
4327
47629
48516
53123
53894
53953
56805
7335
58879
60069
60766
8236
8195
61323
61357
63082
63876
64614
3415
8154
64620
64622
64701
8125
64839
7926
66665
67087
57669
58191
55276
8751
54272
54286
54513
54881
55052
55063
8765
55118
55253
55269
56788
6783
8584
55946
56015
56152
56286
56607
56782
109374
109249
8928
296
4973
2542
3809
608
46578
1088
1079
6863
1729
778
112552
107649
48394
68954
52281
41997
61236
61240
55442
55069
2730
55363
6218
3384
6874
5464
8207
6229
7792
8645
55280
3498
5791
4437
47274
2085
3947
1272
26366
7438
3671
2109
2174
50068
2178
4712
4928
215
2028
1291
5064
745
293
3994
1036
44199
364
319
306
588
1245
2330
2677
3246
4023
3916
2273
3175
3160
2985
2600
4223
2329
7347
3499
2989
8781
1617
5602
780
494
434
153
4638
3978
5902
3260
27773
117533
47
74458
53318
599
27592
111251
96832
96610
1732
78349
111
2288
103449
103688
8494
5956
3176
95761
96417
132547
2361
1258
