79132
121231
134853
4226
78499
55276
54513
55269
55253
55118
55052
54881
54286
56286
54272
53894
53123
53000
52967
52241
51540
56152
56805
56607
56788
56782
82463
81932
81845
81591
81562
80489
80463
79242
82459
78574
74545
74324
78039
67255
4011
318
293
48780
26662
1265
55442
55069
55247
780
3175
4223
4023
494
3916
3499
3160
5602
8781
2989
2985
2600
434
2329
2273
153
1617
7347
4638
2959
1089
31658
74458
1704
56367
115617
109487
1
296
88125
66097
6942
62849
5618
55820
2529
142488
143385
141749
115713
148626
133645
140174
139385
127114
137337
128360
134881
128606
134130
146656
2542
109374
4995
97673
102194
105355
106100
101895
105197
106916
106920
107141
103372
106766
103624
103107
6218
3882
47
2571
3176
45720
1259
1517
58559
2700
60072
1176
77455
132046
3994
1036
52885
6857
104283
741
1274
2692
127108
109249
2068
745
6350
122882
134859
111624
48394
5064
1291
40148
2677
306
364
588
1245
3246
2330
319
6016
68157
2359
114342
112290
112183
111622
112556
112852
117176
114662
115569
116161
116797
60684
5971
3361
1729
778
27611
1103
52973
4041
350
2028
5608
3809
70286
4018
107999
135518
118997
72998
112515
118700
118880
215
260
1721
67997
105504
1210
106473
608
93040
3030
2424
1219
44199
4973
106918
37733
111251
1079
122886
59725
2288
64957
50068
6874
8645
55280
5464
7438
5791
52281
41997
68954
2997
7361
7243
1283
3629
5782
34162
3022
4016
8125
954
337
541
76251
8528
5952
7153
26554
40614
2936
4993
8795
5902
3978
3260
2019
50
26614
70293
69481
71108
71464
71745
72011
72131
66665
72226
72395
72720
73023
78653
67087
924
34405
8861
3546
1199
78349
44191
52319
7458
68319
130682
69712
1997
3703
6985
3113
3114
1131
3052
82461
4388
47465
3751
47640
68358
48711
3785
2396
2369
4612
6683
6986
71057
27255
2085
2012
2004
1956
4189
5909
3893
4369
5377
5349
6281
1955
5135
78209
4890
4823
7478
2502
4701
32892
4351
6754
4306
36401
35957
37729
45950
150
8623
8865
2968
4467
4911
1801
1954
1635
1639
8972
7376
69640
30745
8188
6713
5662
31221
104841
32025
2082
1256
232
27904
1080
7373
5507
54290
80551
3948
5219
2641
4069
3257
3275
106696
95441
3301
4721
33794
3300
5
69526
1376
2924
1358
3265
1250
1242
3996
1059
904
661
628
587
529
520
377
5445
357
7022
7090
300
246
7844
8961
236
26585
186
5812
339
6953
6229
115139
7792
7335
123663
7195
6983
6981
6830
6783
6643
6515
6433
123695
127144
139642
5795
5289
5169
4928
4712
4437
4327
128235
131796
3947
132458
3789
132549
8154
8195
8207
8236
72741
82313
56015
55946
107636
47274
46664
112070
42217
41585
40819
40629
39183
38304
37741
34517
31770
26366
26151
26150
25927
25805
8767
8766
8765
8751
8584
3742
127212
3671
914
163056
161582
5984
160954
158783
146501
946
1272
1153
156387
155064
1209
148482
1232
8533
163949
164977
164979
1028
4322
138610
47044
66203
1900
82152
8369
111931
3676
107649
65514
8636
1260
72176
144172
2927
3089
2857
2747
140715
3384
3415
3498
2202
2182
2178
3539
1281
2109
140725
3632
1942
1935
1572
55363
94777
7161
66934
8928
8874
31878
67665
3634
2920
2730
5299
6539
64969
114459
4763
7926
133771
94969
53953
52579
757
114254
101285
102469
110871
161336
111249
127206
111505
112550
128512
113064
132800
247
46578
46970
1061
34321
1258
599
8464
100365
2942
111
63131
3707
95761
132547
5956
103449
8494
103688
96417
53318
39421
2361
3793
47099
44555
27592
1088
117533
61024
6863
63992
97938
3949
4326
3811
8128
5747
5198
1172
4262
4103
1197
3679
1211
3111
1957
1273
7155
2174
1042
593
1610
1200
1120
858
4121
111384
48696
49824
48516
47629
48738
49917
47423
46723
45210
45028
41863
48774
61240
61236
1732
27773
60766
64701
58191
61323
61357
63082
63876
64614
64620
64622
57669
64839
55063
67429
60069
58879
4641
96832
96610
98154
94931
97923
97304
97752
94959
95449
95558
96588
96728
96811
95135
101525
97921
99149
99114
98961
35836
112552
81786
5481
6287
104
5449
83976
86320
85394
89804
91077
90866
90531
90439
90376
90057
89492
86833
89470
89260
88810
88235
88129
87304
89759
