5952
7153
4226
5608
79132
2959
319
364
1245
3246
2330
2677
588
306
593
4121
1610
1200
1120
1042
858
924
139385
128606
128360
133645
134130
134881
137337
141749
127114
140174
115713
142488
143385
146656
148626
3949
8795
4993
2028
2019
293
5782
47
3265
7022
215
7361
2997
3978
3260
5902
3996
2924
7090
7844
1210
50
26614
122882
134859
1219
70286
296
1258
1704
2571
33794
260
608
4041
350
1103
52973
8125
954
3022
541
111
127108
1997
3707
48780
3300
5445
2502
3948
904
246
3882
3793
1036
26554
1079
5
8623
26585
1250
72998
71464
72395
66665
67087
78653
73023
69481
70293
71108
72720
71745
72011
72131
72226
2361
1089
778
1729
109487
1732
3629
1283
7243
1955
68358
58559
132046
67997
121231
5377
68157
1176
78574
81845
74545
78039
79242
80463
80489
81562
81591
81932
82459
82463
67255
74324
65514
232
122886
77455
114342
112556
111622
112183
112290
112852
117176
116797
116161
115569
114662
67665
2692
2936
1291
93040
1956
3301
1635
377
1639
300
5662
5135
4322
44199
60684
37733
112515
118880
118700
31878
3994
7155
27611
46723
47423
48696
45210
47629
48738
45028
49917
48516
48774
41863
49824
117533
153
2989
3175
434
494
780
1617
2273
2329
2985
3160
2600
3499
3916
4023
4223
4638
5602
7347
8781
2174
130682
74458
2288
357
8972
520
104841
2529
2359
55820
3809
3785
3113
40614
39421
27592
135518
88125
111251
8464
66097
69640
47099
107649
8928
3030
5064
2182
4701
7195
1259
1153
8636
6830
6515
2700
4369
4641
4351
5289
115139
5169
3052
1260
1954
1517
45950
78209
7335
8751
76251
56015
41585
31770
8767
8766
8236
8765
53318
109249
69526
82461
1265
2942
4327
1209
2857
914
3789
8154
105504
107999
3361
100365
3634
3947
26366
7792
47274
6229
3384
2109
3498
8207
4928
2178
4437
3671
1272
4712
6539
52319
69712
4890
2730
78349
2085
5795
1801
2004
8533
5812
27255
6986
161582
5984
163056
138610
2082
80551
54290
36401
47640
71057
3676
111931
8369
82152
4016
1900
7478
47044
158783
4069
32892
163949
3257
160954
1242
156387
186
7376
32025
4911
337
4612
47465
48711
529
4189
95441
31658
8188
6713
1080
4721
31221
155064
146501
1376
661
6683
1256
144172
8861
1028
106696
68319
94969
110871
111249
113064
4763
114254
114459
757
111505
53953
127206
102469
128512
52579
112550
161336
132800
133771
101285
7926
1131
35957
4823
628
339
40819
40629
39183
38304
37741
26662
5971
2542
94777
745
4011
599
6942
27904
35836
59725
318
63992
4995
106918
6433
42217
3742
3415
6783
1232
26151
6981
1572
6643
25805
8195
26150
112552
52885
1274
741
104283
6857
1061
46664
25927
60072
2396
2641
44191
236
6016
62849
106473
4388
4973
3703
37729
8961
5481
6953
3176
34405
150
44555
1088
27773
132547
5956
103449
103688
96417
95761
8494
78499
111624
2920
3546
109374
64969
2968
54513
55052
53123
56805
56788
56782
54286
56607
53000
56286
52241
51540
55276
55269
55253
55118
52967
54881
56152
53894
54272
247
6983
3089
2927
3632
1942
946
1935
2202
134853
111384
5618
6350
8874
55946
82313
132458
107636
112070
123663
132549
72741
127144
131796
123695
72176
128235
140715
127212
139642
3539
164979
34517
164977
148482
140725
8584
2747
7161
45720
1059
4467
56367
1199
6863
7373
34321
46578
1281
6985
1721
118997
46970
3114
7458
81786
66203
5909
34162
8528
2012
5219
587
3893
30745
1358
4306
2369
5349
6281
5507
8865
63131
64957
55247
2424
89804
89492
89759
89260
90057
90376
90439
90531
90866
91077
89470
88235
88810
88129
87304
86833
86320
85394
83976
97938
2068
40148
1
6218
6754
3275
66934
106916
103624
97673
105197
103372
101895
103107
105355
106100
106766
102194
107141
106920
3751
8128
4326
1172
1197
1211
5747
3679
3111
5198
4103
1957
1273
4262
3811
4018
48394
115617
61024
68954
5299
5449
6287
104
67429
63876
64622
64839
64620
64614
63082
61357
61323
60766
60069
58879
58191
57669
55063
64701
52281
41997
96832
96610
55363
55069
55442
5464
5791
6874
7438
8645
50068
55280
94931
94959
99114
98961
98154
97923
97921
97752
97304
96811
96728
96588
95558
95449
95135
99149
101525
61236
61240
