7153
5952
8795
4993
104
6287
5449
2571
79132
48774
48696
49824
48516
49917
48738
47629
47423
46723
45210
45028
41863
2019
4121
1610
1042
1200
1120
858
593
44199
3978
5902
3260
3793
1210
318
2028
132046
260
296
1283
7243
3629
44555
2012
47099
924
954
3022
8125
541
1291
1704
306
319
364
588
1245
2330
2677
3246
27611
6539
55276
56805
8972
56788
56782
56607
56286
56152
53894
8528
55269
54513
54286
54272
3948
52967
52241
51540
54881
55052
1259
1954
53123
55118
55253
53000
2936
1721
74458
5782
1265
70286
2959
135518
26585
72998
778
1729
80489
74324
74545
78039
82463
82459
78574
81932
81845
79242
81591
80463
81562
67255
52281
41997
1036
109487
60684
4995
3361
55442
55069
215
3265
7022
46578
8874
69640
1250
1176
48780
3301
377
2502
4701
4369
2997
48394
293
56367
122886
2542
55820
59725
3546
68157
121231
2529
107999
111384
77455
78499
4011
1079
27773
6942
55247
5299
26554
7361
62849
31878
4973
68319
93040
1258
63992
1089
34405
78349
94777
1061
8861
34321
47
118997
2068
35836
105504
106696
5608
5971
3809
1028
66934
111624
1219
1732
3949
109249
6218
109374
3703
3499
2985
2989
3160
2600
2329
2273
3175
5602
3916
4023
4223
4638
7347
8781
494
780
1617
434
153
745
5064
1059
112552
247
3893
1080
3785
4911
112550
1256
116161
54290
2288
5909
115713
5662
115569
6713
8188
6683
112515
3113
4016
117176
68358
116797
1199
95441
5135
2968
4823
97938
112183
4641
112290
4467
27255
4306
6986
4041
27592
52885
30745
31658
1639
357
1635
64957
114254
1358
114342
114459
1242
118700
114662
48711
529
587
628
661
904
1801
113064
1956
300
58559
67997
4612
186
115139
4189
246
47465
350
337
2700
112556
4388
2369
2085
112852
81786
7376
118880
8865
71057
47640
6985
163056
3030
5618
82461
104283
161582
6754
36401
69526
161336
1103
160954
158783
52973
156387
61024
76251
78209
155064
69712
163949
26662
3275
52319
111931
7458
82152
104841
66203
80551
2359
2641
3257
3300
66097
47044
3882
4069
138610
5507
7373
27904
37733
164979
164977
148626
148482
146656
31221
7844
128606
128512
8961
128360
33794
128235
127212
4721
5481
32025
144172
50
127206
127144
127114
127108
123695
123663
122882
8464
26614
131796
7090
132458
6857
143385
142488
141749
140725
140715
140174
139642
741
139385
1274
137337
134881
2924
134859
134130
3996
133771
133645
132800
132549
1955
130682
6953
5812
94959
40819
41585
99149
99114
42217
98961
98154
46664
97923
47274
97921
97752
97673
97304
35957
96811
96728
37729
50068
96588
45950
100365
52579
95558
95449
95135
94969
40629
39183
38304
2174
6281
101525
7335
7438
7792
7926
101285
8128
8154
8195
8207
8236
8584
37741
8645
8751
8765
8766
8767
25805
25927
26150
26151
26366
31770
34517
53953
94931
6981
91077
64614
64620
64622
64701
64839
66665
67087
86833
67429
67665
69481
70293
71108
71464
71745
72011
72131
72176
72226
72395
72720
72741
73023
86320
85394
83976
82313
63876
63082
61357
56015
90866
90531
55063
90439
90376
90057
89804
89759
55280
55363
89492
55946
89470
61323
89260
88810
88235
88129
87304
57669
58191
58879
60069
60766
61236
61240
6983
7195
6874
107636
3707
5984
7155
39421
107141
106920
106916
106766
106100
146501
757
914
946
1153
1172
1197
1209
1211
1232
105355
1260
1272
6830
1281
105197
3176
45720
1935
8533
78653
8636
65514
68954
88125
107649
44191
106473
3676
112070
106918
8369
111622
1900
111505
7478
111249
6016
40148
110871
60072
4322
1088
1997
2942
1572
1273
1942
3634
32892
3742
3789
3811
3947
4103
4262
4326
4327
4437
4712
4763
4928
5169
5198
5289
5464
5747
5791
5795
6229
6433
6515
6643
6783
3671
3679
3632
3089
103624
2109
2178
2182
2202
34162
103372
2730
2747
2857
2920
103107
102469
2927
3111
3415
101895
3539
3498
102194
1957
3384
8928
6863
6350
64969
111
46970
608
53318
63131
2361
232
117533
1131
4226
599
111251
3994
96832
96610
115617
40614
5377
95761
4351
8494
5956
132547
1376
1517
1
96417
103688
103449
134853
2692
150
7161
3751
3114
5349
8623
5
5219
236
4890
4018
2082
3052
2004
2424
339
2396
520
5445
