357
377
587
296
47
150
2959
3114
3246
1245
306
319
364
588
2330
2677
778
1729
2288
88125
1089
5608
2424
2028
68157
215
27592
1103
350
52973
4041
4226
1258
2542
130682
27773
608
1079
48394
1219
2529
1997
48780
55820
62849
1704
3882
37733
66097
74458
1732
4995
79132
1956
2012
1801
1954
2085
2004
1639
2369
30745
1080
2396
2692
2700
3052
3113
1517
3260
3361
247
3751
3785
3893
3978
4016
1635
1059
1376
6287
52885
58559
67997
5
186
8188
236
246
337
4306
6713
520
1358
529
5662
628
3546
661
904
31658
1242
1250
1259
1256
135518
65514
4351
8533
3707
3176
64969
63131
59725
45720
6942
60072
6863
2942
1088
1028
4322
78499
5984
7155
39421
53318
541
146501
757
914
946
954
1153
1172
1197
1209
1211
1232
1260
77455
47099
4369
5481
68954
40614
8636
6953
6281
5812
5377
40148
5349
5135
4890
4823
4701
4641
107649
3703
44191
106473
3676
5449
55247
106918
8369
70286
78349
94777
1900
2361
117533
1
6016
111
72998
54290
4069
34405
27904
8928
8861
7373
5507
5219
3809
36401
3301
3300
3275
3257
2641
2359
1061
60684
63992
66934
68319
6754
132046
104283
82461
5971
5618
3030
44555
7361
6985
47640
46970
71057
69712
69526
80551
2082
104841
5909
4467
2968
1199
111624
107999
8623
2174
100365
45950
37729
35957
34162
32892
7478
1955
4911
47465
69640
4388
8972
7458
5445
52319
121231
109487
260
27255
6986
6683
4612
4189
48711
64957
1131
8865
104
134853
232
4018
3948
2068
1265
1210
1176
318
35836
2502
32025
31221
7376
4721
122886
1721
33794
4973
5299
7161
8464
118997
115617
109374
109249
106696
97938
95441
93040
1273
68358
56367
46578
34321
27611
26662
31878
26585
26554
2571
1274
924
741
4121
3793
1610
1200
1120
1042
858
593
78209
76251
61024
8528
2019
2924
8961
2997
8874
8795
7844
7153
7090
7022
6857
6539
6350
5952
5902
5782
4993
3996
3265
1272
599
1281
90531
97752
97673
97304
96832
96811
96728
96610
96588
96417
95761
95558
95449
95135
94969
94959
94931
91077
97921
97923
98154
103372
106100
105504
105355
105197
103688
103624
103449
103107
98961
102469
102194
101895
101525
101285
99149
99114
90866
90439
106916
90376
81591
81562
80489
1283
79242
78653
78574
78039
74545
74324
73023
72741
72720
72395
72226
72176
72131
81786
81845
81932
88235
90057
89804
89759
89492
89470
89260
88810
88129
82313
87304
86833
86320
85394
83976
82463
82459
106766
106920
71745
131796
143385
142488
141749
140725
140715
140174
139642
139385
137337
134881
134859
134130
133771
133645
132800
132549
132547
144172
146656
148482
164977
111931
111384
82152
66203
47044
138610
164979
163949
148626
163056
161582
161336
160954
158783
156387
155064
132458
128606
107141
128512
114342
114254
113064
112852
112556
112552
112550
112515
112290
112183
112070
111622
111505
111251
111249
110871
107636
114459
114662
115139
123695
128360
128235
127212
127206
127144
127114
127108
123663
115569
122882
118880
118700
117176
116797
116161
115713
72011
80463
71464
6433
8645
8584
8494
8236
8207
8195
8154
8128
8125
7926
7792
7438
7335
7243
7195
6983
6981
6874
6830
6783
6643
8751
8765
8766
40629
46723
46664
45210
45028
42217
41997
41863
41585
40819
39183
8767
38304
37741
34517
31770
26366
26151
26150
25927
25805
6515
6229
71108
5956
3539
3498
3415
3384
3111
3089
3022
2936
2927
2920
2857
2747
2730
2202
2182
2178
2109
1957
1942
1935
1572
3629
3632
3634
4712
5795
5791
5747
5464
5289
5198
5169
4928
4763
4437
3671
4327
4326
4262
4103
3947
3811
3789
3742
3679
47274
47423
47629
55363
56805
56788
56782
56607
56286
56152
56015
55946
55442
55280
54272
55276
55269
55253
55118
55069
55063
55052
54881
54513
57669
58191
58879
60069
70293
69481
67665
67429
67255
67087
66665
64839
64701
64622
64620
64614
63876
63082
61357
61323
61240
61236
60766
48516
54286
53953
52579
52281
52241
52967
51540
50068
49917
49824
48774
48738
48696
53000
53123
53894
6218
26614
50
339
300
3949
293
4011
5064
1291
745
3994
1036
44199
5602
494
3916
780
153
7347
8781
434
4638
3499
4223
4023
1617
2273
2329
2600
2989
3160
3175
2985
