2028
2571
3629
7243
1283
47
8125
3022
541
954
26614
50
132046
5952
7153
79132
72998
608
4121
1610
1200
1042
1120
593
858
4973
2936
55442
55069
41997
52281
2997
4993
8795
27611
924
48394
4226
68954
293
55820
61240
61236
1210
7361
70286
5902
3978
3260
58559
350
52973
4041
1103
2677
1245
3246
2330
588
364
319
306
3809
5464
55280
5791
6874
7438
8645
50068
88125
1265
54286
51540
52241
52967
53000
53123
56152
54272
54513
55269
56286
56607
56782
56788
56805
55276
53894
54881
55253
55118
55052
2019
3793
56367
93040
34405
33794
46578
26554
260
2959
1732
55363
135518
296
48780
6985
58879
58191
64839
57669
60069
60766
55063
61323
61357
63082
63876
64614
64622
64701
67429
64620
5608
44555
2529
5445
45950
318
215
109249
1258
70293
71108
78653
71745
72011
72131
67087
72226
66665
72395
72720
73023
71464
69481
74458
111624
109487
40614
27773
5299
37733
3882
1079
2288
8928
94777
109374
67665
55247
1219
27592
8874
66097
62849
5782
5971
1089
60072
61024
115617
130682
67997
34321
1997
118997
3030
1250
2361
3361
35836
2692
122886
111
1
6350
107999
7161
111384
53318
121231
66934
68319
31878
2068
134853
1061
3703
357
377
2396
6953
8636
8961
150
4890
3114
7155
3546
6016
2359
68157
63131
64957
46970
78349
64969
39421
4018
6863
3707
2942
5909
2502
4911
2968
4467
5812
107649
8528
76251
78209
106473
6281
5377
5481
5449
5135
104
4823
4701
4641
4369
4351
47465
4016
4388
3893
3785
3676
8369
97938
106918
7376
1955
4721
7478
32892
34162
3176
45720
35957
232
1088
4322
3948
37729
8464
26662
100365
6857
117533
68358
1900
1274
741
2174
36401
8623
95441
3751
2641
1131
52885
6713
8188
27904
54290
30745
31658
32025
8865
69526
5
186
71057
236
246
6287
5662
8861
7373
1256
5507
5219
1080
4069
3301
3300
8972
104841
247
2082
80551
3275
300
337
27255
1801
6754
3113
3052
2700
104283
82461
2369
2085
2012
48711
2004
1956
1954
4189
4612
47640
1639
1376
6683
1358
1259
5618
1242
1059
904
661
6986
628
529
520
31221
599
5984
101285
103372
103107
102469
102194
101895
101525
99149
97304
99114
98961
98154
97923
97921
97752
103449
103624
103688
105197
105355
106100
106766
106916
106920
107141
107636
110871
111249
111251
111505
111622
112070
97673
96832
112290
88810
90057
89804
89759
89492
89470
89260
88235
96811
88129
87304
86833
86320
85394
83976
90376
90439
90531
146501
90866
91077
94931
94959
94969
95135
95449
95558
95761
96417
96588
96610
96728
112183
112515
81786
140715
146656
144172
143385
142488
141749
140725
140174
133645
139642
139385
137337
134881
134859
134130
148482
148626
155064
156387
158783
160954
161336
161582
163056
163949
164977
164979
138610
47044
66203
82152
111931
133771
132800
112550
114662
117176
116797
116161
115713
115569
115139
114459
132549
114342
114254
113064
112852
112556
112552
118700
118880
122882
123663
123695
127108
127114
127144
127206
127212
128235
128360
128512
128606
131796
132458
132547
82313
339
3111
8767
25927
5956
26150
1273
3089
1260
1232
5795
26151
1211
1209
1197
1172
5747
1153
5289
5198
6783
31770
34517
2202
25805
1281
2747
8766
6981
6983
7195
7335
6643
6515
1957
7926
8128
8154
8195
6433
8236
8494
8584
8751
1942
1935
1572
8765
2182
4763
5169
4327
72741
946
52579
53953
55946
56015
3742
72176
2857
914
3679
2920
3634
3632
3539
2927
3415
757
6830
41585
3789
42217
4262
4103
3811
46664
4326
1028
60684
106696
105504
69712
47099
3949
7458
52319
4011
45210
41863
46723
47423
45028
48738
48774
48516
48696
49917
49824
47629
6218
1176
78499
65514
77455
3994
69640
6539
2542
778
1729
40148
6942
7844
7090
3996
2924
38304
3257
4306
40629
39183
40819
37741
63992
67255
78574
79242
78039
82463
82459
80463
81932
81845
74545
74324
80489
81562
81591
5064
1291
745
2424
1199
2730
59725
4995
44199
2109
8533
1272
2178
8207
3384
3498
3671
26366
3947
4437
4712
4928
6229
7792
47274
587
1704
3265
7022
26585
3160
8781
7347
5602
4638
4223
4023
3916
3499
3175
2273
2989
2985
2600
2329
1617
780
494
434
153
44191
5349
1036
1721
1517
1635
