2330
319
2677
2997
2692
1
306
1259
364
588
1245
3246
5952
7153
4973
296
78499
8795
4993
5782
3260
3978
5902
93040
7361
26554
2028
215
2019
924
1089
134853
115617
608
111624
94777
3809
68157
1079
1265
109249
8874
5299
5971
31878
778
1729
8928
4226
34321
1732
6350
56367
118997
46578
109374
35836
2542
109487
48780
6539
64957
6942
66934
3893
4041
2174
6953
5812
5481
5377
4016
4351
4306
4823
68954
5349
8636
5135
65514
6281
4641
4701
4369
3114
3785
3751
350
357
377
520
529
587
628
661
904
1059
1242
130682
1358
1376
1517
1635
1639
1801
1954
1956
2004
2012
2085
2369
2700
3052
3113
8623
3361
88125
55247
107649
946
1211
1209
1197
1172
1153
954
914
53318
757
146501
34162
541
35957
37729
1232
32892
1260
1272
1273
1281
1283
1572
1935
7478
1942
1957
1955
2109
2178
2182
2202
45950
39421
44191
1900
47099
40148
6016
150
117533
2361
78349
7155
8369
106918
300
5449
3676
106473
60072
77455
100365
4322
1028
1088
1997
2942
6863
8533
45720
59725
63131
64969
3176
3707
5984
337
6713
246
236
6985
44555
3030
5618
82461
104283
6754
8865
36401
104
1103
2502
8528
52973
55820
61024
76251
78209
593
858
1042
1120
1200
1610
3793
4121
741
1274
27255
47640
46970
71057
3300
52319
5445
7458
8972
69640
104841
2082
80551
1061
2359
2641
3257
3275
3301
69712
3882
4069
5219
5507
7373
8861
27904
37733
48394
60684
63992
66097
69526
2924
6986
3265
2288
5909
95441
97938
106696
4911
4467
54290
40614
111
247
1080
2968
1256
3546
26662
5662
6287
121231
8188
27592
30745
31658
52885
58559
67997
5
186
1199
68358
26614
3996
1721
6683
4612
4189
48711
6857
7022
7090
7844
1131
8961
4388
26585
33794
4721
8464
7376
31221
32025
50
232
318
1176
2068
2424
3948
4018
47465
7161
599
339
2730
90531
97752
97673
97304
96832
96811
96728
96610
96588
96417
95761
95558
95449
95135
94969
94959
94931
91077
97921
97923
98154
103372
106100
105504
105355
105197
103688
103624
103449
103107
98961
102469
102194
101895
101525
101285
99149
99114
90866
90439
106916
90376
81591
81562
80489
80463
79242
78653
78574
78039
74545
74324
73023
72741
72720
72395
72226
72176
72131
81786
81845
2747
88235
90057
89804
89759
89492
89470
89260
88810
88129
82313
87304
86833
86320
85394
83976
82463
82459
106766
106920
71745
131796
143385
142488
141749
140725
140715
140174
139642
139385
137337
134881
134859
134130
133771
133645
132800
132549
132547
144172
146656
148482
164977
111931
111384
82152
66203
47044
138610
164979
163949
148626
163056
161582
161336
160954
158783
156387
155064
132458
128606
107141
128512
114342
114254
113064
112852
112556
112552
112550
112515
112290
112183
112070
111622
111505
111251
111249
110871
107636
114459
114662
115139
123695
128360
128235
127212
127206
127144
127114
127108
123663
115569
122882
118880
118700
117176
116797
116161
115713
72011
81932
71464
45210
5289
71108
5464
47274
46723
46664
5747
45028
3742
42217
41997
41863
41585
40819
40629
5791
47423
5198
47629
48516
3811
3947
6433
49824
4262
4326
4327
4437
4712
4763
4928
5169
48774
48738
48696
39183
38304
37741
6229
8154
8128
8125
7926
7792
7438
7335
7243
7195
6983
6981
6874
6830
6783
6643
8195
5956
34517
8207
31770
26366
26151
26150
25927
25805
8767
5795
8766
8765
8751
8645
8584
8494
8236
3789
4103
49917
55442
61240
61236
60766
60069
58879
3022
58191
57669
56805
56788
3089
56782
56607
56286
56152
56015
3679
61323
61357
63082
67087
70293
69481
2857
67665
67429
67255
2920
66665
63876
2927
64839
64701
64622
64620
2936
64614
55946
6515
55363
3632
3634
3384
55280
53123
53000
52967
3629
3498
52579
3415
3539
52281
52241
51540
53894
53953
3671
54272
3111
55276
55269
55253
55118
55069
55063
55052
54881
54513
54286
50068
3703
68319
1258
34405
27773
107999
4995
122886
260
74458
1704
62849
293
47
135518
1250
2959
2529
1219
72998
70286
27611
79132
4890
5608
132046
2396
2571
1210
6218
3949
5064
1291
4011
745
3994
1036
44199
780
494
434
8781
153
7347
4638
5602
1617
4223
4023
3499
3175
3160
2989
2985
2600
2329
2273
3916
