3175
2329
661
608
8781
7347
5602
4638
4223
4023
3916
3499
3160
2989
2985
2600
153
2273
780
494
434
1617
350
4041
52973
1103
44199
1036
3994
745
3809
1291
5064
4011
55820
3949
3882
37733
6218
1079
293
4973
8928
109249
46578
109374
1732
1
78499
134853
115617
337
1250
1729
1256
1219
1089
1080
247
111
40614
1242
54290
1259
1358
1376
118997
106696
97938
1517
95441
93040
72998
68358
2288
1059
357
2529
377
520
300
529
587
628
246
236
215
186
67997
58559
52885
31658
30745
27773
27592
904
8188
6713
6287
5662
3546
135518
1956
1635
1639
4322
77455
62849
60072
47099
40148
6016
5608
2959
2542
778
117533
2361
1900
94777
78349
70286
8369
106918
1028
1088
1997
5984
588
541
364
319
306
53318
39421
7155
3707
2942
3176
64969
63131
59725
45720
8533
6942
6863
55247
5449
3676
3052
3978
3893
3785
3751
3361
3260
3114
3113
2700
4306
2692
2396
2369
2085
2012
2004
1954
1801
4016
4351
106473
6281
44191
3703
107649
88125
68954
65514
8636
6953
5812
4369
5481
5377
5349
5135
4890
4823
4701
4641
56367
31221
34321
4069
3300
3275
3257
2641
2359
1061
80551
2082
104841
69640
8972
7458
5445
52319
121231
3301
5219
79132
5507
46970
71057
69712
69526
68319
68157
66934
66097
63992
60684
48394
34405
27904
8861
7373
109487
48780
6985
4911
2968
1199
130682
111624
107999
2174
150
100365
45950
37729
35957
34162
32892
7478
1955
4467
5909
4995
47465
4226
1704
1258
260
27255
6986
6683
4612
4189
48711
74458
64957
1131
4388
296
47640
7361
27611
757
4721
122886
1721
33794
31878
26585
26554
8961
8874
8795
7844
7153
7090
7022
6857
7376
32025
6350
35836
26662
26614
8464
5299
4018
3948
2424
2068
1265
1210
1176
318
232
50
47
6539
5952
44555
858
78209
76251
61024
8528
2502
104
36401
8865
6754
132046
104283
82461
5971
5618
3030
593
1042
5902
1120
5782
4993
3996
3265
2997
2924
2571
2019
1274
924
741
4121
3793
1610
1200
146501
599
914
94959
96610
96588
96417
95761
95558
95449
95135
94969
94931
96811
91077
90866
90531
90439
90376
90057
89804
89759
96728
96832
946
101525
103688
103624
103449
103372
103107
102469
102194
101895
101285
97304
99149
99114
98961
98154
97923
97921
97752
97673
89492
89470
89260
72131
74545
74324
73023
72741
72720
72395
72226
72176
72011
88810
71745
71464
71108
70293
69481
67665
67429
67255
78039
78574
78653
79242
88235
88129
87304
86833
86320
85394
83976
82463
82459
82313
81932
81845
81786
81591
81562
80489
80463
105197
105355
105504
134881
142488
141749
140725
140715
140174
139642
139385
137337
134859
128512
134130
133771
133645
132800
132549
132547
132458
131796
143385
144172
146656
148482
111931
111384
82152
66203
47044
138610
164979
164977
163949
163056
161582
161336
160954
158783
156387
155064
148626
128606
128360
106100
111622
112852
112556
112552
112550
112515
112290
112183
112070
111505
128235
111251
111249
110871
107636
107141
106920
106916
106766
113064
114254
114342
114459
127212
127206
127144
127114
127108
123695
123663
122882
118880
118700
117176
116797
116161
115713
115569
115139
114662
67087
66665
64839
4712
5791
5747
5464
5289
5198
5169
4928
4763
4437
3671
4327
4326
4262
4103
3947
3811
3789
3742
5795
5956
6229
6433
8195
8154
8128
8125
7926
7792
7438
7335
7243
7195
6983
6981
6874
6830
6783
6643
6515
3679
3634
64701
1272
2028
1957
1942
1935
1572
1283
1281
1273
1260
3632
1245
1232
1211
1209
1197
1172
1153
954
2109
2178
2182
2202
3629
3539
3498
3415
3384
3246
3111
3089
3022
2936
2927
2920
2857
2747
2730
2677
2330
8207
8236
8494
55069
55946
55442
55363
55280
55276
55269
55253
55118
55063
52967
55052
54881
54513
54286
54272
53953
53894
53123
56015
56152
56286
56607
64622
64620
64614
63876
63082
61357
61323
61240
61236
60766
60069
58879
58191
57669
56805
56788
56782
8584
53000
52579
52281
40819
40629
39183
38304
37741
34517
31770
26366
26151
26150
25927
25805
8767
8766
8765
8751
8645
41585
41863
41997
42217
52241
51540
50068
49917
49824
48774
48738
48696
48516
47629
47423
47274
46723
46664
45210
45028
339
7161
8623
5
