593
858
1042
1120
1200
1610
4121
954
541
8125
3022
2028
7243
1283
3629
1210
260
2936
2571
3793
132046
2330
2677
3246
364
306
1245
319
588
52281
41997
27611
70286
72998
135518
1250
215
48394
122886
109487
2288
924
107999
79132
68319
5902
3978
3260
34405
94777
33794
2019
5952
7153
2068
134853
109249
115617
1258
757
4016
2692
2700
3052
3113
3114
1935
3361
3751
3785
3893
1572
32892
4041
4388
4306
4351
4369
296
4641
4701
4823
4890
1281
5135
1272
5349
5377
5481
2396
2369
6281
904
236
246
300
337
350
357
377
520
529
587
1942
628
661
1059
2085
1242
1955
1259
1358
1376
7478
1517
1635
1639
1801
1954
1956
2004
5812
6953
146501
64969
77455
78499
4322
1028
1088
1997
2942
6863
6942
8533
45720
59725
63131
3176
47099
3707
5984
7155
39421
53318
100365
130682
111624
150
8623
946
2174
914
60072
40148
8636
47465
34162
65514
68954
88125
107649
106473
35957
1260
3676
186
55247
106918
8369
78349
6016
37729
45950
1232
1900
5909
2361
117533
1
1209
1153
778
4911
2542
5449
608
5
52973
44555
3030
5618
5971
82461
104283
52319
6754
8865
36401
104
1103
2502
8528
55820
6985
61024
76251
78209
121231
27255
6986
6683
4612
741
1274
4189
2924
2997
3265
7361
47640
67997
3809
7458
8972
69640
104841
2082
80551
1061
1732
2359
2641
3257
3275
3300
3301
3882
46970
4069
5219
5507
7373
8928
27904
37733
63992
66097
66934
68157
69526
69712
71057
3996
4993
5782
247
46578
56367
68358
1131
93040
95441
97938
106696
2109
109374
118997
54290
40614
111
1079
6350
1080
1089
1256
1729
3546
5662
6287
5445
8188
27592
30745
31658
52885
58559
34321
64957
26662
26614
6539
6857
7022
7090
7844
8795
8874
8961
26554
26585
31878
1721
4721
7376
31221
32025
35836
50
232
318
48711
1265
2424
3948
4018
4973
5299
7161
8464
6713
599
2178
90866
97921
97752
97673
97304
96832
96811
96728
96610
96588
96417
95761
95558
95449
95135
94969
94959
94931
97923
98154
98961
103449
106766
106100
105504
105355
105197
103688
103624
103372
99114
103107
102469
102194
101895
101525
101285
99149
91077
90531
72011
90439
81786
81591
81562
80489
80463
79242
78653
78574
78039
74545
74324
73023
72741
72720
72395
72226
72176
81845
2182
82313
88810
90376
90057
89804
89759
89492
89470
89260
88235
82459
88129
87304
86833
86320
85394
83976
82463
106916
106920
107141
107636
143385
142488
141749
140725
140715
140174
139642
139385
137337
134881
134859
134130
133771
133645
132800
132549
132547
144172
146656
148482
164977
111931
111384
82152
66203
47044
138610
164979
163949
148626
163056
161582
161336
160954
158783
156387
155064
132458
131796
128606
112515
114342
114254
113064
112852
112556
112552
112550
112290
114662
112183
112070
111622
111505
111251
111249
110871
114459
115139
128512
123695
128360
128235
127212
127206
127144
127114
127108
123663
115569
122882
118880
118700
117176
116797
116161
115713
72131
81932
71745
8645
26150
25927
25805
8767
8766
8765
8751
8584
26366
8494
8236
8207
8195
8154
7926
7792
26151
31770
7335
45028
48516
47629
47423
47274
71464
46664
45210
42217
34517
41863
41585
40819
40629
39183
38304
37741
7438
7195
48738
3415
3789
3742
3671
3634
3632
3539
3498
3384
4327
3089
2927
2920
2857
2747
2730
2202
3947
4437
6983
6229
6981
6874
6830
6783
6643
6515
6433
5956
4712
5795
5791
5464
5289
5169
4928
4763
48696
46723
339
52967
55280
55276
55269
55253
55118
55069
55063
55052
54881
54513
54286
54272
53953
53894
53123
55363
55442
55946
58191
61323
61240
61236
60766
60069
58879
57669
56015
56805
56788
56782
56607
56286
56152
53000
61357
52579
71108
67255
66665
67429
67665
69481
64839
64701
64622
70293
48774
64620
49824
67087
64614
52241
63876
63082
51540
50068
49917
27773
3703
47
1176
74458
1219
62849
293
48780
60684
8861
5608
4226
44191
2968
3111
1211
1273
1197
5747
4262
5198
1172
8128
3679
1957
3811
4103
4326
2959
4995
6218
4467
1199
2529
1704
5064
1291
3949
745
3994
1036
4011
44199
2989
2985
2600
2329
2273
1617
3499
3916
7347
780
8781
3160
2012
494
434
153
4023
4223
4638
5602
3175
