71108
72131
66665
67087
69481
70293
71464
71745
72011
72226
72395
72720
73023
78653
8533
41863
7438
6874
5791
5464
8645
50068
55280
48696
47629
47423
3948
46723
48738
45210
45028
48516
48774
49824
49917
67665
55363
44199
61240
61236
55442
55069
52281
41997
44555
47099
68954
74458
3111
1200
3415
3679
3742
3811
4103
4262
4326
593
858
1042
1120
42217
5198
25805
5747
6433
6643
6783
4121
26151
6981
26150
8195
8128
1610
1197
1172
1273
1232
1211
1957
1572
48394
67997
46578
3793
6985
40614
68157
3994
3546
48780
78574
81932
67255
74324
74545
82463
78039
82459
81845
81591
81562
80463
79242
80489
70286
1258
2529
4011
2959
78349
78499
62849
4226
77455
4995
27773
79132
47
72998
117533
1900
1089
1219
1256
8636
6953
6281
5812
1729
5481
2288
1517
2004
5662
5377
1376
5349
1358
6287
778
1080
1079
247
106473
1
109374
1956
8369
106918
134853
5449
3676
44191
1954
3703
107649
88125
2361
65514
1259
54290
1635
111
350
3361
377
31658
52885
2700
4041
58559
357
5
186
4016
3978
3052
215
3113
3114
3893
3785
3260
236
109249
246
300
337
3751
30745
520
5135
2692
4890
4823
4701
6713
4641
4369
4351
8188
1250
1242
1059
2012
904
2085
661
2369
1639
2396
628
27592
587
529
4306
1801
599
106696
3301
8861
7373
5507
5219
4069
3882
3809
3300
27904
3275
3257
2641
2359
1732
1061
80551
8928
37733
104
7361
8865
6754
104283
82461
5971
5618
3030
47640
60684
46970
71057
69712
69526
68319
66097
63992
2082
104841
69640
150
4467
2968
1199
130682
107999
8623
2174
100365
8972
45950
37729
35957
34162
32892
7478
1955
4911
5909
47465
296
7458
5445
608
52319
121231
1704
27255
6986
6683
4612
4189
48711
64957
1131
4388
36401
1103
97938
7090
33794
26585
26554
8961
8795
7844
7153
7022
122886
6857
6350
5952
5902
5782
4993
3996
2542
4721
2502
4018
95441
93040
68358
26662
26614
8464
7161
2424
7376
2068
1176
318
232
50
32025
31221
3265
2997
2924
494
2329
2273
1617
1291
1036
780
745
434
2019
293
153
78209
76251
61024
52973
8528
2600
2985
2989
3160
1274
924
741
8781
7347
6218
5602
5064
4638
4223
4023
3949
3916
3499
3175
1721
339
5608
101895
101285
99149
99114
98961
98154
97923
97921
97752
97673
97304
96832
96811
96728
96610
96588
101525
102194
95761
102469
110871
107636
107141
106920
106916
106766
106100
105504
105355
105197
103688
103624
103449
103372
103107
96417
95558
111251
88129
86833
86320
85394
83976
82313
81786
72741
72176
67429
64839
64701
64622
6016
64614
63876
87304
88235
95449
88810
95135
94969
94959
94931
91077
90866
90531
90439
90376
90057
89804
89759
89492
89470
89260
111249
111505
61357
148482
144172
143385
142488
141749
140725
140715
140174
139642
139385
137337
134881
134859
134130
133771
133645
146656
148626
132549
155064
111931
111384
82152
66203
47044
138610
164979
164977
163949
163056
161582
161336
160954
158783
156387
132800
132547
111622
116161
115569
115139
114662
114459
114342
114254
113064
112852
112556
112552
112550
112515
112290
112183
112070
115713
116797
132458
117176
131796
128606
128512
128360
128235
127212
127206
127144
127114
127108
123695
123663
122882
118880
118700
63082
64620
61323
3384
3089
3022
2936
2927
2920
2857
2747
2730
2677
2330
2202
2182
2178
2109
2028
3246
3498
1935
3539
6229
5795
5289
5169
4928
4763
4712
4437
4327
3947
3789
3671
3634
3632
3629
1942
1283
6830
7155
3707
3176
64969
63131
59725
45720
6942
6863
2942
1997
1088
1028
4322
60072
40148
5984
39421
1281
53318
1272
1260
1245
1209
1153
954
946
914
757
146501
588
541
364
319
306
6515
5956
6983
47274
31770
34517
37741
39183
40629
40819
41585
46664
58879
25927
52579
58191
57669
7195
53953
56015
55946
55063
26366
38304
8767
8236
8766
7926
8154
8207
7792
7335
8494
60069
8584
60766
8751
8765
7243
8125
260
66934
55247
6539
115617
1265
109487
35836
118997
55820
34321
4973
31878
5299
2571
135518
8874
27611
94777
1210
34405
55052
56782
51540
52241
52967
53000
53123
56805
56788
56607
54881
56286
56152
54272
54286
55276
55269
54513
55253
55118
53894
111624
132046
56367
