2959
79132
61357
57669
64839
64701
64622
64620
64614
63876
63082
61323
60766
60069
58879
58191
67429
55063
4226
1274
104283
6857
741
52885
48780
82463
82459
78574
79242
81845
80463
80489
81562
81932
81591
78039
74545
67255
74324
61236
61240
27773
74458
99114
94931
98961
98154
99149
97923
94959
95135
95449
95558
97921
97752
97304
96811
96728
101525
96588
96832
96610
5618
107999
48774
48516
47629
49917
45210
48738
49824
41863
48696
47423
45028
46723
47
2288
2571
1258
70286
778
1729
65514
78499
3996
7090
7844
2924
26662
60684
62849
4011
5608
296
132046
1732
77455
3265
7022
50
26614
61024
58559
2692
2542
2529
68157
106473
293
6350
31878
44555
47099
95761
103688
132547
96417
5956
103449
8494
1079
4995
53318
1089
72998
1219
27592
86320
90866
90057
91077
90531
83976
90439
90376
86833
89470
87304
89804
89759
89492
85394
89260
88129
88810
88235
44199
1704
55820
56367
68954
4121
1610
1200
1120
1042
858
593
27611
48394
33794
55069
55442
247
111251
68358
76251
31658
6016
7361
46578
73023
71464
78653
71745
72395
66665
67087
72226
72131
72011
69481
70293
71108
72720
599
60072
97938
1210
111384
81786
135518
109487
924
608
56286
54513
56805
51540
52241
52967
53000
53123
53894
54272
54286
56152
54881
56788
56782
55118
55253
55269
55276
55052
56607
88125
8645
6874
5791
7438
50068
55280
5464
2361
3793
67665
40148
4973
5971
1199
34405
2997
55363
44191
5782
3949
5952
7153
52973
1103
4041
350
3030
41997
52281
78349
67997
117533
93040
4993
8795
260
66097
26554
111
3978
3260
5902
68319
52319
1061
364
3246
319
2677
1245
306
588
2330
109249
2019
7458
94777
3882
37733
1176
3809
64957
8928
26585
1
5445
30745
2012
5909
1517
318
215
40614
69712
55247
109374
134853
2028
3546
66934
1250
122886
2174
112552
130682
1997
1088
8188
112556
6713
4721
7376
112852
127144
127206
186
112550
112515
5
32025
127212
236
246
300
337
357
520
31221
116797
127114
6287
117176
95441
115713
118700
118880
122882
123663
8464
54290
128360
115569
115139
3948
1080
114662
114459
1256
123695
114342
114254
113064
5662
232
127108
116161
128235
144172
128512
3301
6683
6986
27255
47044
138610
164979
164977
163949
163056
121231
8972
104841
2082
80551
161582
2359
2641
3257
3275
4612
4189
48711
150
1955
7478
32892
34162
35957
37729
45950
100365
8623
66203
111931
2968
4467
4911
47465
82152
4388
1131
3300
4069
128606
5219
143385
142488
78209
141749
140725
140715
140174
139642
139385
137337
134881
134859
134130
133771
133645
132800
132549
132458
131796
587
8528
104
47640
5507
7373
27904
161336
160954
158783
69526
71057
6985
36401
156387
155064
148626
82461
148482
146656
6754
8865
529
1242
628
4327
3634
3671
3679
3742
3789
3811
3947
4103
4262
4326
4437
3539
4712
4763
4928
5169
5198
5289
5747
5795
103624
6229
3632
3498
6515
2109
1232
1260
1272
661
1273
1281
1572
1935
1942
1957
2178
3415
2182
2202
2730
2747
2857
2920
2927
3089
3111
3384
6433
6643
1209
101895
38304
39183
40629
40819
41585
103107
42217
102469
102194
46664
47274
34517
101285
97673
94969
82313
72741
72176
52579
53953
55946
56015
37741
31770
6783
8207
6830
6981
6983
7195
7335
7792
7926
8128
8154
8195
8236
26366
103372
8584
8751
8765
8766
8767
25805
25927
26150
26151
1211
339
107636
3176
106918
8369
111505
1900
3114
111249
110871
3052
107141
106920
106916
106766
106100
105355
4322
3751
8533
5449
3676
111622
4890
3893
4016
4351
4369
4641
4701
4823
5135
107649
5377
5481
5812
6281
6953
112183
112070
45720
3361
146501
112290
1259
105197
1197
2369
1358
1153
1172
757
914
2085
2004
1956
1954
946
1801
1639
1635
2396
1376
904
2700
5984
1059
1028
2942
106696
3707
105504
39421
3629
1283
7243
115617
2936
63992
6863
3022
954
8125
541
2424
118997
7155
34321
59725
111624
3703
4018
69640
64969
1265
5299
46970
1291
8874
7161
377
5349
4306
1721
8636
8961
2502
5064
3994
1036
63131
745
6539
35836
2068
6942
8781
2600
2985
5602
4638
4223
4023
3916
3499
3175
3160
2989
2329
2273
1617
780
494
434
153
7347
8861
6218
3113
3785
