3811
1273
1245
588
1957
364
319
306
1211
1172
2330
2677
58559
8128
5747
3111
3246
1197
5198
3679
4326
4262
4103
2028
215
52241
53123
53000
52967
51540
2004
54272
53894
54286
55118
56782
56152
56788
54513
56607
55269
55253
55276
56805
55052
54881
56286
293
55442
55069
55820
56367
55247
3546
5662
357
6713
8188
27592
6287
350
27773
30745
31658
52885
67997
5
186
337
236
246
300
135518
106696
2529
109249
7161
8464
26614
26662
27611
34321
46578
68358
72998
93040
95441
97938
520
109374
2288
115617
118997
134853
54290
40614
111
247
1079
1080
1089
1219
1256
1729
377
1376
529
65514
3676
106473
44191
3703
107649
88125
68954
8636
106918
6953
6281
5812
5481
5377
5349
5135
5449
8369
587
2959
77455
62849
60072
47099
40148
6016
5608
2542
70286
778
1
117533
2361
1900
94777
78349
4890
4823
4701
4973
2012
1956
1954
1801
1639
1635
1517
1358
4641
1259
1250
1242
1059
904
661
628
2085
2369
2396
2692
4369
4351
4306
4041
4016
3978
3893
3785
3751
3361
3260
3114
3113
3052
2700
5299
3948
4018
34405
8928
8861
7373
5507
5219
4069
3882
3809
3301
3300
3275
3257
2641
2359
1732
1061
80551
2082
104841
27904
37733
8972
48394
104283
82461
5971
5618
3030
44555
7361
6985
47640
46970
71057
69712
69526
68319
68157
66934
66097
63992
60684
69640
7458
4322
296
5909
4911
4467
2968
1199
130682
111624
107999
8623
2174
150
100365
45950
37729
35957
34162
32892
7478
1955
47465
4388
5445
1131
608
52319
121231
109487
79132
48780
4995
4226
1704
1258
260
27255
6986
6683
4612
4189
48711
74458
64957
132046
6754
8865
8874
7844
7153
7090
7022
6857
6539
6350
5952
5902
5782
4993
3996
3265
2997
2924
2571
2019
1274
924
8795
8961
36401
26554
2424
2068
1265
1210
1176
318
232
50
47
35836
32025
31221
7376
4721
122886
1721
33794
31878
26585
741
44199
8781
7347
1291
1200
1120
1042
1036
858
780
745
593
494
434
153
78209
76251
52973
8528
2502
1103
104
1610
1617
2273
3994
6218
5602
5064
4638
4223
4121
4023
4011
3949
2329
3916
3793
3499
3175
3160
2989
2985
2600
78499
599
1028
1088
97923
97921
97752
97673
97304
96832
96811
96728
96610
96588
96417
95761
95558
95449
95135
94969
94959
98154
98961
99114
103624
106916
106766
106100
105504
105355
105197
103688
103449
99149
103372
103107
102469
102194
101895
101525
101285
94931
91077
90866
78653
81845
81786
81591
81562
80489
80463
79242
78574
82313
78039
74545
74324
73023
72741
72720
72395
81932
82459
90531
89260
90439
90376
90057
89804
89759
89492
89470
88810
82463
88235
88129
87304
86833
86320
85394
83976
106920
107141
107636
139385
143385
142488
141749
140725
140715
140174
139642
137337
146656
134881
134859
134130
133771
133645
132800
132549
144172
148482
132458
164977
111931
111384
82152
66203
47044
138610
164979
163949
148626
163056
161582
161336
160954
158783
156387
155064
132547
131796
110871
112550
114459
114342
114254
113064
112852
112556
112552
112515
115139
112290
112183
112070
111622
111505
111251
111249
114662
115569
128606
127108
128512
128360
128235
127212
127206
127144
127114
123695
115713
123663
122882
118880
118700
117176
116797
116161
72226
72176
72131
72011
4712
4437
4327
3947
3789
3742
3671
3634
3632
3629
3539
3498
3415
3384
3089
3022
2936
4763
4928
5169
6783
7335
7243
7195
6983
6981
6874
6830
6643
5289
6515
6433
6229
5956
5795
5791
5464
2927
2920
2857
64969
541
53318
39421
7155
5984
3707
3176
63131
757
59725
45720
8533
6942
6863
2942
1997
146501
914
2747
1572
2730
2202
2182
2178
2109
1942
1935
1283
946
1281
1272
1260
1232
1209
1153
954
7438
7792
7926
45210
46723
47274
47423
47629
48516
48696
8125
48774
49824
49917
50068
52281
52579
53953
55280
55363
55946
56015
66665
67087
67255
67665
69481
70293
71108
71464
71745
46664
48738
45028
25927
8154
8195
8207
8236
8494
8584
8645
8751
8765
42217
8766
8767
25805
339
40819
41585
37741
26150
38304
39183
40629
34517
41863
41997
31770
26366
26151
61024
61236
61240
64839
67429
55063
64614
64701
64622
64620
63876
63082
61357
61323
60766
58879
58191
57669
60069
