7153
5952
8795
4993
2019
541
8125
954
3022
4121
1610
1200
1120
1042
593
858
1283
7243
3629
260
2028
904
318
2936
5902
3978
3260
3793
3703
41997
52281
1211
1209
3789
3811
26614
1273
3679
1957
2857
3111
4103
5198
50
5747
914
1172
8154
8128
1197
4327
4326
4262
296
4973
5464
5791
7438
8645
50068
55280
6874
924
1210
3634
6350
608
599
46578
55363
55069
55442
61236
61240
26662
6942
1721
2571
107999
48394
3809
3361
132046
2330
1245
2677
588
364
319
306
3246
111
1079
31658
7161
109249
3751
2068
6857
1274
741
104283
52885
1732
68954
4041
52973
1103
350
111624
1729
778
111384
59725
5299
68157
8928
27611
68319
121231
215
1089
2529
4018
70286
2361
1061
72998
122886
135518
109374
7155
2424
94777
109487
63131
55820
8861
79132
115617
2542
67997
2359
1250
63992
37733
3882
1265
46970
93040
64969
27773
106473
97938
5618
5971
6863
6016
1258
2959
134853
39421
64957
35836
55247
34405
3707
2942
48774
41863
49917
49824
45028
45210
47423
48738
46723
48696
48516
47629
44555
47099
114662
30745
58559
114459
89260
8188
6713
127206
127144
127114
127108
8464
123695
123663
122882
118880
68358
118700
95441
106696
117176
54290
40614
116797
186
247
116161
115713
1256
115569
115139
3546
5662
6287
5
113064
114342
3113
112556
112552
3785
3893
112550
4016
112515
4306
4351
4369
88810
4701
4823
4890
5135
5349
5377
5481
5812
6281
6953
8636
112290
107649
112183
112852
3052
236
2700
246
300
337
114254
357
520
529
628
661
1059
1242
1259
1358
1376
1517
1635
1639
1801
1954
1956
2004
2012
2085
2369
2396
3948
33794
127212
138610
164979
5445
7458
8972
69640
104841
2082
80551
164977
163949
2641
3257
3275
3300
3301
163056
4069
5219
5507
7373
161582
27904
161336
60684
160954
52319
47044
128235
27255
7478
32892
34162
35957
37729
45950
100365
2174
8623
111931
82152
1199
2968
4467
4911
5909
47465
66203
4388
1131
48711
4189
4612
6683
6986
158783
69526
69712
71057
137337
134881
134859
2997
134130
5782
133771
133645
132800
132549
132547
132458
8961
26554
26585
131796
128606
4721
7376
31221
32025
128512
232
128360
1176
139385
139642
140174
148626
47640
6985
7361
3030
82461
156387
155064
6754
8865
36401
104
2502
140715
8528
148482
61024
76251
78209
146656
144172
143385
142488
141749
140725
44191
4641
3676
56782
51540
52241
90439
52579
52967
53000
53123
53894
53953
54272
54286
54513
54881
55052
55063
90376
55118
55253
55269
55276
90057
89804
89759
55946
56015
56152
56286
90531
42217
90866
8765
7335
95135
7926
94969
94959
94931
8195
8236
8494
8584
91077
8751
8766
41585
8767
25805
5449
26150
26151
31770
34517
37741
38304
39183
40629
40819
56607
56788
7195
56805
72395
72720
72741
73023
74324
74545
78039
78574
78653
79242
80463
80489
81562
81591
81786
81845
81932
82313
82459
82463
83976
85394
86320
86833
87304
88129
88235
72226
72176
72131
64620
57669
58191
58879
60069
60766
89492
89470
61323
61357
63082
63876
64614
64622
72011
64701
64839
66665
67087
67255
67429
67665
69481
70293
71108
71464
71745
95449
339
1572
111251
97752
106766
757
97673
146501
106916
97304
106920
96832
107141
107636
110871
2182
53318
5984
96811
101895
111249
45720
103449
106100
1153
3415
101525
102194
101285
99149
1260
99114
98961
103624
1232
105504
3539
98154
103688
105197
97923
105355
97921
3742
8533
3176
96728
102469
96588
96417
103372
1900
95761
78349
5795
112070
5956
8369
96610
106918
6433
6515
6643
6783
103107
6830
95558
6981
5289
2747
40148
5169
111622
1088
1028
117533
4322
78499
1
111505
4763
77455
60072
1997
293
130682
6539
27592
66097
2692
118997
2288
34321
4995
74458
1704
62849
1219
25927
46664
48780
1281
2730
88125
2920
66934
150
1272
946
1935
1955
6983
3384
1942
1080
26366
3947
4712
4437
8207
6229
7792
4928
3671
47274
3632
3498
3089
2927
2202
2178
2109
3114
5608
56367
47
4226
8874
6218
65514
377
3265
7022
3949
1291
5064
4011
2924
7090
7844
3996
587
3994
745
1036
44199
31878
4223
2329
153
434
494
780
1617
2273
2985
2600
4638
2989
3160
3175
3916
8781
7347
5602
4023
3499
