1704
4995
50
5445
26614
5608
2959
4226
1219
3949
293
1176
79132
47
1258
2529
4011
48780
62849
74458
27773
52885
5
30745
27592
8188
58559
67997
31658
236
186
215
1639
1635
1517
1376
1358
1259
1250
1242
1059
904
661
628
587
529
520
377
357
350
300
246
6287
6713
1080
5662
8464
72998
68358
56367
46578
34321
27611
26662
7161
3546
5299
4973
4018
3948
2424
2068
1265
93040
95441
97938
106696
2288
1729
1256
1089
1954
1079
247
111
40614
54290
134853
118997
115617
109374
109249
1801
135518
1956
8533
2942
1997
1088
1028
4322
78499
77455
60072
47099
40148
2542
778
1
117533
2361
1900
94777
6863
45720
2004
59725
946
914
757
146501
588
541
364
319
306
53318
39421
7155
5984
3707
3176
64969
63131
78349
70286
8369
106918
4351
4306
4041
4016
3978
3893
3785
3751
3260
3114
3113
3052
2700
1210
2396
2369
2085
4369
4641
4701
88125
55247
5449
3676
106473
44191
3703
107649
65514
4890
8636
6953
6281
5812
5481
5377
5135
2692
31221
232
6754
34405
27904
8928
8861
7373
5507
5219
4069
3882
3809
3301
3300
3275
3257
2641
2359
1732
37733
60684
63992
6985
104283
82461
5971
5618
3030
44555
7361
47640
66097
46970
71057
69712
69526
68319
68157
66934
80551
2082
104841
150
2968
1199
130682
111624
107999
8623
2174
100365
4911
45950
37729
35957
34162
32892
7478
1955
4467
5909
69640
6986
8972
7458
608
52319
109487
260
27255
6683
47465
4612
4189
48711
64957
1131
4388
296
132046
8865
35836
36401
5952
5902
5782
4993
3996
3265
2997
2924
2571
2019
1274
924
741
44199
8781
7347
6218
6350
6539
6857
31878
32025
1153
7376
4721
122886
1721
33794
26585
7022
26554
8961
8874
8795
7844
7153
7090
5602
5064
4638
78209
858
780
745
593
494
434
153
76251
1042
61024
55820
52973
8528
2502
1103
104
1036
1120
4223
3160
4121
4023
3994
3916
3793
3499
3175
2989
1200
2985
2600
2329
2273
1617
1610
1291
954
599
1172
91077
96417
95761
95558
95449
95135
94969
94959
94931
90866
96610
90531
90439
90376
90057
89804
89759
89492
89470
96588
96728
103688
99149
103449
103372
103107
102469
102194
101895
101525
101285
99114
96811
98961
98154
97923
97921
97752
97673
97304
96832
89260
88810
88235
71745
73023
72741
72720
72395
72226
72176
72131
72011
71464
88129
71108
70293
69481
67665
67429
67255
67087
1197
74324
74545
78039
78574
87304
86833
86320
85394
83976
82463
82459
82313
81932
81845
81786
81591
81562
80489
80463
79242
78653
103624
105197
64701
134130
140725
140715
140174
139642
139385
137337
134881
134859
133771
142488
133645
132800
132549
132547
132458
131796
128606
128512
141749
143385
105355
163056
111931
82152
66203
47044
138610
164979
164977
163949
161582
144172
161336
160954
158783
156387
155064
148626
148482
146656
128360
128235
127212
111251
112552
112550
112515
112290
112183
112070
111622
111505
111249
127206
110871
107636
107141
106920
106916
106766
106100
105504
112556
112852
113064
114254
127144
127114
127108
123695
123663
122882
118880
118700
117176
116797
116161
115713
115569
115139
114662
114459
114342
64839
66665
8154
8751
5956
5795
5747
5289
5198
5169
4928
4763
4712
4437
4327
4326
4262
4103
3947
3811
3789
6229
6433
6515
7926
8494
8236
8207
8195
64622
8128
8125
7792
6643
7335
7243
7195
6983
6981
6830
6783
3742
3679
3671
1283
2178
2109
2028
1957
1942
1935
1572
1281
2202
1273
1272
1260
1245
1232
1211
1209
2182
2330
3634
3111
3632
3629
3539
3498
3415
3384
3246
3089
2677
3022
2936
2927
2920
2857
2747
2730
8584
339
52241
51540
53123
53000
52967
52579
56805
57669
58191
53953
49917
49824
48774
48738
48696
48516
53894
54272
56015
55253
55946
56152
56286
56607
55276
55269
55118
54286
56782
55063
55052
54881
56788
54513
47629
47423
58879
8765
25927
26150
26151
26366
31770
8766
34517
64620
37741
38304
39183
40629
40819
47274
41585
8767
41863
64614
63876
42217
63082
45028
61357
61323
45210
46664
60766
46723
60069
25805
1061
121231
111384
3361
6942
318
6016
2012
337
4823
48394
68954
52281
41997
61236
61240
55442
55069
55363
7438
6874
5791
5464
50068
55280
8645
5349
