1358
8128
587
5198
4326
4262
4103
3811
3679
3111
1172
1197
1211
1957
1273
1955
5747
1704
318
3809
4995
5608
109374
3361
1265
1219
608
1176
4226
111384
121231
79132
1061
4973
47
1258
27773
8928
2942
1088
2424
1721
46578
1956
111
4041
350
52973
1103
2369
339
59725
6942
55820
2361
37733
3882
236
63992
3114
7155
150
2959
39421
5299
35836
115617
5971
3707
6863
2174
112552
111624
60684
55247
34321
8874
2068
118997
31878
63131
7161
6539
46970
94777
56367
64969
6350
4018
66934
4351
4369
8636
4306
5909
6953
6281
5135
4641
4701
4823
5812
5481
5377
5349
4890
80551
3260
4016
3978
628
661
904
1059
1242
1250
1259
64957
1376
1517
1635
1639
1801
1954
1131
2004
2012
2085
4388
2396
2692
2700
3052
3113
68954
47465
3751
3785
3893
65514
78349
88125
107649
8623
100365
3176
5984
53318
306
319
364
45950
541
588
146501
757
914
946
954
1153
37729
35957
1209
34162
1232
1245
1260
32892
1272
7478
107999
45720
8533
1
3703
44191
106473
3676
5449
4911
106918
8369
70286
529
1900
117533
4467
1997
6016
40148
47099
60072
62849
77455
78499
4322
2968
1028
1199
130682
74458
67997
520
2571
36401
104
69640
2502
8528
8972
61024
76251
78209
741
924
1274
2019
2924
6754
2997
3265
3996
4993
5782
5902
5952
6857
7022
7090
7153
7844
8795
8865
132046
377
34405
2641
3257
3275
3300
3301
2082
4069
5219
5507
7373
8861
104841
27904
48394
104283
66097
68157
68319
69526
69712
71057
47640
6985
7361
44555
3030
5618
82461
8961
26554
26585
27592
6683
247
1080
1089
4612
1256
2288
2529
3546
5662
6287
6713
8188
4189
33794
30745
31658
52885
58559
2359
5
186
215
246
300
337
48711
357
40614
54290
134853
1283
7458
122886
4721
7376
31221
32025
5445
50
232
52319
109487
1210
48780
260
3948
27255
8464
26614
26662
27611
6986
68358
72998
93040
95441
97938
106696
1281
135518
1572
72011
97752
97673
97304
96832
96811
96728
96610
96588
96417
95761
95558
95449
95135
94969
94959
94931
91077
97921
97923
98154
103372
106100
105504
105355
105197
103688
103624
103449
103107
98961
102469
102194
101895
101525
101285
99149
99114
90866
90531
90439
78039
81591
81562
80489
80463
79242
78653
78574
74545
81845
74324
73023
72741
72720
72395
72226
72176
81786
1935
90376
88235
90057
89804
89759
89492
89470
89260
88810
88129
82313
87304
86833
86320
85394
83976
82463
82459
106766
106916
106920
137337
142488
141749
140725
140715
140174
139642
139385
134881
144172
134859
134130
133771
133645
132800
132549
132547
143385
146656
131796
163949
111931
82152
66203
47044
138610
164979
164977
163056
148482
161582
161336
160954
158783
156387
155064
148626
132458
128606
107141
112290
114342
114254
113064
112852
112556
112550
112515
112183
114662
112070
111622
111505
111251
111249
110871
107636
114459
115139
128512
123695
128360
128235
127212
127206
127144
127114
127108
123663
115569
122882
118880
118700
117176
116797
116161
115713
72131
81932
71745
6983
26151
26150
25927
25805
8767
8766
8765
8751
8645
8584
8494
8236
8207
8195
8154
8125
7926
7792
7438
7335
7243
26366
31770
34517
46664
49824
48774
48738
48696
48516
47629
47423
47274
46723
45210
37741
45028
42217
41997
41863
41585
40819
40629
39183
38304
7195
6981
51540
6874
3539
3498
3415
3384
3246
3089
3022
2936
2927
2920
2857
2747
2730
2677
2330
2202
2182
2178
2109
2028
1942
3629
3632
3634
5464
6830
6783
6643
6515
6433
6229
5956
5795
5791
5289
3671
5169
4928
4763
4712
4437
4327
3947
3789
3742
50068
49917
54513
55442
57669
56805
56788
56782
56607
56286
56152
56015
55946
55363
58879
55280
55276
55269
55253
55118
55069
55063
55052
54881
58191
60069
54272
64839
71464
71108
70293
69481
67665
67429
67255
67087
66665
64701
60766
64622
64620
64614
63876
63082
61357
61323
61240
61236
54286
599
53953
52241
53894
53123
53000
52967
52579
52281
1732
109249
3949
296
2542
6218
293
1729
778
4011
5064
1291
745
3994
1036
44199
1079
780
2600
434
1617
2273
2329
494
153
2985
2989
8781
7347
5602
4638
4223
4023
3916
3499
3175
3160
3793
1120
1042
1200
4121
858
593
1610
