858
1610
593
377
1042
1120
357
1200
318
4121
350
1103
4041
52973
3793
55820
3361
3882
37733
608
587
300
47
150
111384
121231
1061
27773
3114
88125
2288
5608
27592
4226
1258
130682
48394
1219
2529
1997
48780
62849
1704
66097
74458
4995
79132
4306
4369
4351
3978
186
4016
4701
3893
3785
4641
67997
5
246
4823
4890
58559
52885
31658
30745
8188
6713
6287
5662
3546
3751
3113
3260
520
1250
1242
1259
1358
1376
1517
1059
1639
904
1801
1954
1956
2004
2012
661
2085
2369
2396
2692
2700
628
529
3052
1635
135518
5135
45720
1153
954
946
914
757
146501
541
53318
39421
7155
5984
3707
3176
64969
63131
1172
1197
1209
1935
2202
2182
2178
2109
1957
1942
1572
1211
1283
1281
1273
1272
1260
1232
59725
8533
5349
6942
106918
55247
5449
3676
106473
44191
3703
107649
65514
8636
6953
6281
5812
5481
5377
8369
70286
78349
77455
6863
2942
1088
1028
4322
78499
47099
94777
40148
6016
1
117533
2361
1900
68954
68358
1256
3301
27904
8861
7373
5507
5219
4069
3300
60684
3275
3257
2641
2359
80551
2082
34405
63992
6754
7361
104283
82461
5971
5618
3030
44555
6985
66934
47640
46970
71057
69712
69526
68319
104841
69640
8972
100365
2968
1199
111624
107999
8623
2174
45950
7458
37729
35957
34162
32892
7478
1955
4467
4911
5909
47465
4388
1131
64957
48711
4189
4612
6683
6986
27255
260
109487
52319
5445
132046
8865
1080
1210
7161
5299
4018
3948
2068
1265
1176
26662
232
35836
32025
31221
7376
4721
8464
27611
36401
115617
247
111
40614
54290
134853
118997
106696
34321
97938
95441
93040
72998
2747
56367
122886
1721
33794
924
3265
2997
2924
2571
2019
1274
741
31878
78209
76251
61024
8528
2502
104
3996
4993
5782
5902
5952
6350
6539
6857
7022
7090
7153
7844
8795
8874
8961
26554
26585
2730
599
2857
97673
96832
96811
96728
96610
96588
96417
95761
95558
95449
95135
94969
94959
94931
91077
90866
90531
90439
97304
97752
106100
97921
105355
105197
103688
103624
103449
103372
103107
102469
102194
101895
101525
101285
99149
99114
98961
98154
97923
90376
90057
89804
89759
80463
79242
78574
78039
74545
74324
73023
72741
72720
72395
72226
72176
72131
72011
71745
71464
71108
80489
81562
81591
86833
89492
89470
89260
88810
88235
88129
87304
86320
81786
85394
83976
82463
82459
82313
81932
81845
105504
106766
69481
143385
141749
140725
140715
140174
139642
139385
137337
134881
134859
134130
133771
133645
132800
132549
132547
132458
131796
142488
144172
106916
146656
111931
82152
66203
47044
138610
164979
164977
163949
163056
161582
161336
160954
158783
156387
155064
148626
148482
128606
128512
128360
128235
113064
112852
112556
112552
112550
112515
112290
112183
112070
111622
111505
111251
111249
110871
107636
107141
106920
114254
114342
114459
122882
127212
127206
127144
127114
127108
123695
123663
118880
114662
118700
117176
116797
116161
115713
115569
115139
70293
78653
67665
41997
4928
47274
46723
46664
45210
45028
42217
41863
4763
41585
40819
40629
39183
38304
37741
34517
67429
4712
26366
4262
3671
3679
5169
3789
3811
3947
4103
48774
47423
48738
48696
48516
4326
47629
4327
4437
31770
26151
3634
6515
7195
6983
6981
6874
6830
6783
6643
6433
7335
6229
5956
5795
5791
5747
5464
5289
7243
7438
26150
8584
25927
25805
8767
8766
8765
8751
8645
8494
7792
8236
8207
8195
8154
8128
8125
7926
49824
3742
56782
3022
58191
57669
2927
2936
56805
56788
3632
60069
56607
56286
56152
56015
55946
55442
58879
60766
55280
64620
67255
67087
66665
64839
64701
64622
64614
61236
63876
63082
61357
2920
61323
61240
55363
5198
55276
52967
3539
3415
49917
3629
3384
3111
55269
3089
50068
51540
3498
52281
52579
52241
55052
53123
53894
53953
55253
54272
54286
55118
54513
53000
55069
54881
55063
2959
2542
109374
46578
109249
8928
1732
68157
2424
1089
4973
1729
778
1079
3809
26614
50
60072
6218
3949
4011
5064
1291
296
339
236
337
745
3994
1036
215
2028
44199
293
4638
4023
4223
8781
5602
7347
434
3916
153
3175
2273
494
780
3160
1617
3499
2329
2600
2985
2989
588
364
319
306
1245
2677
2330
3246
