608
350
52973
1103
4041
3809
5
8623
55820
37733
3882
1079
4973
7161
8928
109249
46578
109374
1732
541
1059
1635
1517
1376
1358
1259
1250
1242
904
1801
661
628
587
529
520
377
1639
1954
1209
1956
3751
3361
1172
1197
3260
3114
3113
3052
2700
2692
2396
2369
2085
2012
2004
357
300
337
2529
1729
1256
1219
1232
1089
1245
1080
1260
247
111
40614
54290
134853
118997
115617
2288
3546
3785
5662
246
236
215
186
1211
67997
58559
52885
31658
30745
27773
27592
8188
6713
6287
1153
3893
364
1088
4322
78499
77455
62849
60072
588
47099
40148
6016
5608
2959
2542
778
1
117533
1028
1997
1900
2942
319
306
53318
39421
7155
5984
3707
3176
64969
63131
59725
45720
8533
6942
6863
2361
94777
3978
8636
6281
5812
5481
5377
5349
5135
4890
4823
106696
4641
4369
4351
4306
954
4016
6953
65514
78349
68954
70286
146501
757
8369
106918
55247
5449
3676
914
106473
44191
946
3703
107649
88125
4701
135518
97938
2359
5219
4069
3301
3300
3275
3257
2641
1061
7373
80551
2082
104841
69640
8972
7458
5445
5507
8861
121231
69526
44555
7361
6985
47640
46970
71057
69712
68319
27904
68157
66934
66097
63992
60684
48394
34405
52319
109487
95441
150
4467
2968
1199
130682
111624
107999
2174
100365
5909
45950
37729
35957
34162
32892
7478
1955
4911
47465
79132
6986
48780
4995
4226
1704
1258
260
27255
6683
296
4612
4189
48711
74458
64957
1131
4388
3030
5618
5971
122886
50
47
35836
32025
31221
7376
4721
1721
318
33794
31878
26585
26554
8961
8874
8795
232
1176
82461
26662
93040
72998
68358
56367
1273
34321
27611
26614
1210
8464
5299
4018
3948
2424
2068
1265
7844
7153
7090
61024
1200
1120
1042
858
593
78209
76251
8528
7022
2502
104
36401
8865
6754
132046
104283
1610
3793
4121
741
6857
6539
6350
5952
5902
5782
4993
3996
3265
2997
2924
2571
2019
1274
924
1272
599
1281
97921
97673
97304
96832
96811
96728
96610
96588
96417
95761
95558
95449
95135
94969
94959
94931
91077
90866
97752
97923
71464
98154
106100
105504
105355
105197
103688
103624
103449
103372
103107
102469
102194
101895
101525
101285
99149
99114
98961
90531
90439
90376
90057
81562
80489
80463
79242
1283
78574
78039
74545
74324
73023
72741
72720
72395
72226
72176
72131
72011
81591
81786
81845
88129
89804
89759
89492
89470
89260
88810
88235
87304
81932
86833
86320
85394
83976
82463
82459
82313
106766
106916
106920
131796
143385
142488
141749
140725
140715
140174
139642
139385
137337
134881
134859
134130
133771
133645
132800
132549
132547
144172
146656
148482
164977
111931
111384
82152
66203
47044
138610
164979
163949
148626
163056
161582
161336
160954
158783
156387
155064
132458
128606
107141
128512
114342
114254
113064
112852
112556
112552
112550
112515
112290
112183
112070
111622
111505
111251
111249
110871
107636
114459
114662
115139
123695
128360
128235
127212
127206
127144
127114
127108
123663
115569
122882
118880
118700
117176
116797
116161
115713
71745
78653
71108
5791
8207
8195
8154
8128
8125
7926
7792
7438
7335
7243
7195
6983
6981
6874
6830
6783
6643
6515
6433
6229
5956
8236
8494
8584
34517
42217
41997
41863
41585
40819
40629
39183
38304
37741
31770
8645
26366
26151
26150
25927
25805
8767
8766
8765
8751
5795
5747
70293
5464
3246
3111
3089
3022
2936
2927
2920
2857
2747
2730
2677
2330
2202
2182
2178
2109
2028
1957
1942
1935
1572
3384
3415
3498
4262
5289
5198
5169
4928
4763
4712
4437
4327
4326
4103
3539
3947
3811
3789
3742
3679
3671
3634
3632
3629
45028
45210
46664
46723
56782
56607
56286
56152
56015
55946
55442
55363
55280
55276
55269
55253
55118
55069
55063
55052
54881
54513
54286
54272
53953
56788
56805
57669
64620
69481
67665
67429
67255
67087
66665
64839
64701
64622
64614
58191
63876
63082
61357
61323
61240
61236
60766
60069
58879
53894
53123
53000
51540
47274
47423
47629
48516
48696
48738
48774
49824
49917
52967
50068
339
52579
52281
52241
293
6218
3949
4011
5064
1291
745
3994
1036
44199
7347
494
780
8781
153
434
4023
5602
1617
2273
2329
2600
2985
4638
3160
3175
3499
4223
3916
2989
