1610
1120
858
1042
593
4121
1200
3793
318
2997
150
1704
5782
260
64839
60766
55063
57669
58191
58879
60069
61323
64701
63082
63876
67429
64620
64622
64614
61357
97938
26554
7361
1210
93040
1283
3629
7243
3114
4995
3361
61240
61236
5608
3022
541
8125
954
2028
2424
52281
41997
2936
111384
55247
88129
85394
86833
88235
86320
87304
90439
88810
89260
89470
91077
89492
90866
90531
89759
89804
83976
90376
90057
1721
1219
121231
61024
1250
1061
81786
96728
96811
97304
97752
101525
96588
97923
98154
95558
98961
99114
95449
95135
99149
97921
94959
94931
48394
122886
2019
2959
107999
1176
4993
8795
105504
6350
232
96832
96610
68319
27773
59725
1258
3703
34405
94777
47
6942
2068
63992
56782
55118
52241
56607
52967
53000
53123
53894
54272
54286
54513
55052
54881
55253
55276
56788
56805
56286
56152
51540
55269
106918
55442
55069
4226
46578
109249
7153
5952
55820
56367
1639
1954
1956
2085
2012
1801
2004
1635
78209
1517
1376
4388
30745
31658
52885
47465
58559
67997
5
186
5909
236
246
300
337
350
357
377
520
529
587
628
661
904
1059
1242
4911
1259
1358
2369
8188
117533
107649
100365
44191
106473
3676
5449
45950
8369
78349
37729
35957
1900
2361
34162
2174
32892
7478
6016
40148
47099
60072
4322
1028
1088
1997
2942
6863
1955
88125
68954
2396
111624
2692
2700
3052
3113
4467
2968
1199
3751
3785
3893
4016
4041
130682
4306
65514
4351
4369
4641
4701
4823
4890
5135
5377
5481
5812
8623
6281
6953
27592
106696
6713
8961
3996
37733
27904
6539
6857
7022
7090
7844
8928
8874
8861
66097
26585
31878
33794
7373
5507
5219
4721
7376
31221
4069
3265
2924
3809
5971
52973
8528
2502
1103
104
36401
8865
6754
104283
82461
5618
66934
3030
44555
6985
47640
46970
71057
69712
741
1274
69526
3882
3301
6287
109374
8464
26614
26662
34321
4189
68358
48711
95441
64957
76251
118997
5299
54290
40614
111
247
1080
1131
1256
2288
3546
5662
7161
4973
3300
7458
3275
3257
8533
2641
2359
80551
2082
104841
69640
8972
32025
4018
35836
5445
50
608
52319
27255
6986
6683
4612
3948
599
339
45720
105197
82313
94969
95761
96417
97673
101285
101895
102194
102469
103107
103372
103449
103624
103688
105355
73023
106100
106766
106916
106920
107141
107636
110871
111249
111251
111505
111622
112070
112183
112290
78653
72741
112550
55363
46723
47274
47423
47629
48516
48696
48738
48774
49824
49917
50068
52579
53953
55280
55946
72720
56015
66665
67087
67665
69481
70293
71108
71464
63131
72011
72131
72176
72226
72395
112515
112552
45210
148626
134859
134881
137337
139385
139642
140174
140715
140725
141749
142488
143385
144172
146656
148482
155064
133771
156387
158783
160954
161336
161582
163056
163949
164977
164979
138610
47044
66203
82152
111931
134130
133645
112556
122882
112852
113064
114254
114342
114459
114662
115139
115569
115713
116161
116797
117176
118700
118880
123663
132800
123695
127108
127114
127144
127206
127212
128235
128360
128512
128606
131796
132458
132547
132549
46664
71745
6515
2920
6981
6983
3498
3415
3384
7195
3111
3089
2927
7335
7438
7792
2857
6830
2747
2730
2202
2182
2178
2109
1957
1942
1935
1572
3632
1273
6874
6783
1272
4712
3671
3679
3539
3742
3789
3811
3947
4103
4262
4326
4327
4437
4763
6643
4928
5169
5198
5289
5464
5747
5791
5795
5956
6229
6433
45028
7926
1281
1260
8207
8494
1232
8645
8751
8765
8766
8767
25805
3707
25927
26150
26151
26366
31770
3176
34517
64969
37741
38304
39183
40629
40819
41585
41863
42217
8236
8584
8195
53318
1211
1209
1197
1172
1153
946
914
757
8154
146501
8128
39421
5984
7155
3634
1732
1079
2542
68157
72998
1089
109487
70286
778
1729
62849
924
1265
2529
3260
5902
3978
215
48780
135518
115617
296
60684
27611
74458
77455
364
3246
1245
588
306
319
2677
2330
134853
132046
81562
82459
80489
80463
79242
78574
78039
74545
74324
67255
82463
81932
81845
81591
5349
8636
1
3949
6218
79132
293
78499
5064
1291
2571
4011
745
3994
1036
44199
153
434
8781
7347
494
780
1617
2273
2329
2600
2985
2989
3160
3175
3499
3916
4023
4223
5602
4638
