1089
954
541
8125
3022
296
2028
2936
1283
7243
3629
608
4641
318
111
2542
68157
4973
4041
52973
1103
350
3809
293
1265
6218
2677
306
1245
2330
588
319
3246
364
1079
2361
55820
2109
1272
104
6287
3947
1517
4437
47274
26366
4306
8207
7792
3384
5449
6229
3498
3671
4928
4712
2178
8464
1704
4226
3361
37733
3882
2730
778
1729
215
2692
2959
8928
109374
111624
109249
1258
5299
780
494
434
8781
7347
3160
2329
1617
2273
2600
2985
2989
5602
3175
3499
3916
4023
153
4223
4638
60072
111384
4995
46578
50
26614
6942
121231
48780
3949
5608
1061
5971
44199
34321
8874
118997
1036
3994
35836
1732
31878
6350
63131
100365
27773
7161
5064
1291
4011
1219
117533
6539
46970
1176
56367
64969
60684
55247
6863
93040
47
66934
2068
64957
79132
44191
3676
2004
1956
1954
2012
107649
1801
1639
2085
2369
2396
5377
2700
4351
5481
5135
4890
5812
4823
6281
4701
4369
6953
3052
65514
68954
27255
4016
88125
3893
3785
6986
3113
4069
106918
39421
59725
2968
1199
3176
3707
130682
5984
7155
8623
2174
45950
4467
37729
35957
34162
32892
7478
146501
1955
757
914
946
45720
4911
8369
47099
78349
6683
1900
4612
4189
6016
48711
40148
74458
1635
62849
8533
77455
1131
4322
1028
1088
1997
4388
2942
47465
5909
52319
6713
5445
2359
76251
78209
2641
593
858
1042
1120
1200
1610
3793
4121
741
3257
1274
2924
2997
3265
3996
5782
6857
7022
7090
7844
26554
61024
3275
1376
6985
5507
7373
8861
27904
48394
63992
66097
69526
69712
71057
47640
7361
8528
44555
3030
5618
82461
104283
6754
8865
36401
3301
3300
2502
26585
33794
1721
337
27592
30745
31658
52885
58559
67997
5
186
236
246
300
7458
4721
357
377
520
529
587
628
661
1059
1242
1259
1358
8188
5219
8972
5662
7376
31221
32025
232
3948
80551
1153
26662
68358
95441
97938
106696
54290
40614
2082
247
104841
1080
69640
1256
2288
2529
3546
599
339
1172
97752
97304
96832
96811
96728
96610
96588
96417
95761
95558
95449
95135
94969
94959
94931
91077
90866
90531
97673
97921
71108
97923
105504
105355
105197
103688
103624
103449
103372
103107
102469
102194
101895
101525
101285
99149
99114
98961
98154
90439
90376
90057
89804
80489
80463
79242
78653
78574
78039
74545
74324
73023
72741
72720
1197
72226
72176
72131
72011
71745
81562
81591
81786
87304
89759
89492
89470
89260
88810
88235
88129
86833
81845
86320
85394
83976
82463
82459
82313
81932
106100
106766
106916
128606
142488
141749
140725
140715
140174
139642
139385
137337
134881
134859
134130
133771
133645
132800
132549
132547
132458
143385
144172
146656
163949
111931
82152
66203
47044
138610
164979
164977
163056
148482
161582
161336
160954
158783
156387
155064
148626
131796
128512
106920
128360
114254
113064
112852
112556
112552
112550
112515
112290
112183
112070
111622
111505
111251
111249
110871
107636
107141
114342
114459
114662
123663
128235
127212
127206
127144
127114
127108
123695
122882
115139
118880
118700
117176
116797
116161
115713
115569
71464
72395
40629
3679
39183
38304
3111
37741
3415
3539
34517
3632
31770
26151
3634
26150
25927
25805
8767
70293
40819
41585
47629
48774
2927
3089
48738
48696
48516
47423
41863
46723
46664
45210
45028
42217
41997
8766
8765
5198
8751
6874
6830
6783
6643
6515
4326
6433
4327
5956
5795
5791
4763
5747
5464
5289
4262
6981
4103
8195
8645
8584
8494
3742
8236
3789
8154
6983
8128
7926
3811
7438
7335
7195
49824
2920
49917
1942
61357
61323
1281
1572
61240
1935
61236
63876
60766
60069
58879
1957
58191
2182
63082
64614
56805
67087
1209
69481
67665
1211
67429
67255
1232
1273
66665
64839
64701
64622
1260
64620
50068
57669
56788
56782
55063
55052
54881
54513
54286
54272
53953
53894
53123
53000
52967
52579
52281
52241
51540
55069
55118
55253
55269
2202
2747
56607
2857
56286
56152
56015
55946
55442
55363
55280
55276
5169
115617
53318
4018
745
2424
106473
150
94777
134853
135518
2571
34405
68319
78499
109487
27611
3114
904
3751
8961
5349
1
3703
107999
72998
122886
70286
132046
1250
8636
924
260
1210
3978
5902
3260
2019
8795
4993
5952
7153
