55280
50068
8645
7438
6874
5791
5464
2924
3996
7090
7844
306
3246
1245
2330
588
2677
364
319
293
41997
52281
55363
55442
55069
61236
61240
2028
2600
1617
434
2273
2329
780
5602
153
494
4638
2985
2989
3160
3175
4223
3499
8781
3916
7347
4023
7022
3265
520
2571
31878
2959
1704
4226
48394
215
2700
5608
3793
44199
3949
4995
1036
65514
593
858
1610
1120
1042
1200
4121
79132
68954
1265
27773
6942
3994
7361
745
318
1291
1059
6287
8636
5449
4306
104
1639
60072
5064
47
1283
7243
3629
6218
132046
1219
2997
2692
296
5782
4011
111
1729
778
8125
3022
541
954
33794
3113
31221
1259
3785
5445
529
2174
111384
4973
5299
6016
1721
26554
27611
2936
7155
35836
48780
93040
135518
8874
1089
2359
3361
3809
70286
60684
1079
34321
2424
59725
72998
118997
109487
608
1103
52973
350
4041
111624
56367
5971
94777
1176
1210
6539
26585
107649
121231
88125
67997
39421
50
26614
8961
2502
246
587
377
247
55247
115617
112552
6863
55820
66934
109374
3707
63992
2942
37733
3882
1088
2288
260
2068
63131
236
7161
66097
27592
68157
46970
3114
64969
150
8928
109249
46578
130682
1061
1955
946
146501
6986
3676
44191
757
914
4890
27255
5135
32892
7478
5377
6281
1232
5349
52319
5812
34162
1153
1209
5481
8972
106918
37729
6683
47099
4467
4701
4911
3176
2968
5984
1199
1028
4322
77455
5909
47465
8369
4388
8623
48711
4189
117533
1900
100365
45950
45720
35957
4612
4823
2019
4641
8464
68358
69712
95441
97938
106696
69526
54290
40614
68319
1080
1256
3546
5662
6713
8188
71057
1260
4351
47640
4993
76251
61024
8795
36401
6754
122886
4721
7376
82461
32025
3030
232
44555
6985
34405
27904
30745
31658
3275
2641
1801
1954
1956
2004
2085
2369
2396
80551
2082
3893
4016
104841
69640
1635
1376
1358
357
58559
5
186
300
337
7373
5219
78209
4069
628
661
904
1242
1250
3301
599
1272
97304
96811
96728
96610
96588
96417
95761
95558
95449
95135
94969
94959
94931
91077
90866
90531
90439
90376
96832
97673
105504
97752
105197
103688
103624
103449
103372
103107
102469
102194
101895
101525
101285
99149
99114
98961
98154
97923
97921
90057
89804
89759
89492
79242
78653
78574
78039
74545
74324
73023
72741
72720
72226
72176
72131
72011
71745
71464
71108
70293
80463
80489
81562
86320
89470
89260
88810
88235
88129
87304
86833
85394
81591
83976
82463
82459
82313
81932
81845
81786
105355
106100
67665
143385
141749
140725
140715
140174
139642
139385
137337
134881
134859
134130
133771
133645
132800
132549
132547
132458
131796
142488
144172
106766
146656
111931
82152
66203
47044
138610
164979
164977
163949
163056
161582
161336
160954
158783
156387
155064
148626
148482
128606
128512
128360
128235
113064
112852
112556
112550
112515
112290
112183
112070
111622
111505
111251
111249
110871
107636
107141
106920
106916
114254
114342
114459
122882
127212
127206
127144
127114
127108
123695
123663
118880
114662
118700
117176
116797
116161
115713
115569
115139
69481
72395
8766
3498
3415
8584
8751
8765
67429
8767
25805
3384
25927
3089
26150
26151
2927
26366
31770
34517
37741
38304
39183
40629
40819
41585
41863
42217
2920
45028
4712
46664
46723
8494
8236
47423
8207
4763
4437
4327
4928
5169
5289
3947
3789
5795
5956
6229
6433
3742
6515
3671
6643
6783
6830
6981
6983
3634
7195
7335
7792
7926
3632
8154
8195
3539
47274
45210
47629
1942
55276
48516
55946
56015
56152
56286
56607
56782
56788
56805
57669
58191
58879
60069
60766
61323
61357
63082
63876
1572
64614
64620
64622
64701
1281
64839
66665
67087
67255
55269
1935
53953
52241
52579
52967
53000
53123
49917
53894
55253
49824
2857
2747
2730
54272
54286
54513
2202
54881
55052
55063
55118
48774
48738
48696
2182
2178
2109
51540
74458
1732
1131
134853
64957
2529
62849
1997
78499
4018
53318
2361
7458
339
1517
2012
1
78349
2542
6350
5618
106473
3703
26662
3052
4369
3948
1211
1273
1197
1172
1957
3257
4326
3811
3111
3751
8528
5747
4103
4262
3679
8128
5198
8533
107999
1258
924
40148
3300
8865
5952
7153
52885
1274
741
6857
6953
104283
5507
8861
5902
3260
3978
