1242
293
5445
7153
6539
5952
4993
8795
3260
3978
5902
3175
434
494
780
153
1617
2273
2329
2600
2985
2989
3160
3916
4023
4223
4638
5602
7347
8781
3499
745
69640
60072
50
26614
2019
44199
924
8128
5349
5747
5198
4326
4262
4103
3811
1172
1197
3679
3111
1273
1957
1211
3114
1036
2330
319
306
3246
2677
364
588
1245
3994
1291
5064
4011
6218
3949
5299
2028
215
150
106473
105504
106696
34321
8874
2424
2068
118997
35836
31878
63131
1028
1265
7161
115617
46970
94777
56367
64969
6350
6863
66934
2004
757
914
1801
1517
946
1956
1954
1639
1635
661
1376
1358
6713
8188
27592
27773
30745
31658
52885
58559
67997
5
186
236
246
300
337
357
377
520
529
587
954
628
2085
904
1059
1250
1259
2012
47099
2369
4890
5135
5377
5481
5812
6281
6953
8636
65514
68954
88125
107649
44191
3676
55247
106918
8369
70286
4322
78349
78499
1900
117533
1
5608
6016
40148
77455
1088
4823
2396
4701
2692
146501
2700
3052
541
62849
3113
39421
7155
5984
3707
3176
59725
45720
8533
3361
3785
3893
3546
6942
4016
2942
1997
4306
4351
4369
4641
5662
135518
2529
80551
3300
3275
3257
2641
2359
1061
2082
48780
104841
8972
7458
52319
121231
109487
3301
4069
5219
5507
7373
8861
27904
34405
48394
60684
63992
66097
68157
68319
69526
69712
71057
79132
4995
6985
100365
1199
130682
111624
107999
8623
2174
45950
4226
37729
35957
34162
32892
7478
1955
2968
4467
4911
5909
47465
4388
1131
64957
74458
48711
4189
4612
6683
6986
27255
260
1704
47640
7361
2288
31221
1153
1176
318
232
47
32025
7376
7844
4721
122886
1721
33794
26585
26554
3948
8464
26662
27611
68358
72998
93040
95441
97938
134853
54290
40614
247
1080
1089
1219
1256
8961
7090
44555
8865
78209
76251
61024
8528
2502
36401
6754
7022
132046
104283
82461
5971
5618
3030
593
858
1042
1120
1200
1610
3793
4121
741
1274
2571
2924
2997
3265
3996
5782
6857
1210
599
1209
95135
96811
96728
96610
96588
96417
95761
95558
95449
94969
67429
94959
94931
91077
90866
90531
90439
90376
90057
96832
97304
97673
97752
105197
103688
103624
103449
103372
103107
102469
102194
101895
101525
101285
99149
99114
98961
98154
97923
97921
89804
89759
89492
79242
78574
78039
74545
74324
73023
72741
72720
72395
72226
72176
72131
72011
71745
1232
71108
70293
69481
78653
80463
89470
80489
89260
88810
88235
88129
87304
86833
86320
85394
83976
82463
82459
82313
81932
81845
81786
81591
81562
105355
106100
106766
144172
142488
141749
140725
140715
140174
139642
139385
137337
134881
134859
134130
133771
133645
132800
132549
132547
132458
143385
146656
128606
148482
111931
111384
82152
66203
47044
138610
164979
164977
163949
163056
161582
161336
160954
158783
156387
155064
148626
131796
128512
106916
114342
113064
112852
112556
112552
112550
112515
112290
112183
112070
111622
111505
111251
111249
110871
107636
107141
106920
114254
114459
128360
114662
128235
127212
127206
127144
127114
127108
123695
123663
122882
118880
118700
117176
116797
116161
115713
115569
115139
67665
71464
67255
6981
7926
7792
7438
7335
7243
7195
6983
6874
8154
6830
6783
6643
6515
6433
6229
5956
8125
8195
5791
25805
37741
34517
31770
26366
67087
26150
25927
8767
8207
8766
8765
8751
8645
8584
8494
8236
5795
5464
39183
2178
2927
2920
2857
2747
2730
2202
2182
2109
3022
1942
1935
1572
1283
1281
1272
1260
2936
3089
5289
3789
5169
4928
4763
4712
4437
4327
3947
3742
3384
3671
3634
3632
3629
3539
3498
3415
38304
26151
40629
55363
56782
56607
56286
56152
56015
55946
55442
55280
54286
55276
55269
55253
55069
55063
55052
54881
56788
56805
57669
58191
66665
64839
64701
64622
64620
64614
63876
63082
61357
61323
61240
61236
60766
60069
58879
54513
55118
54272
47274
50068
49917
48774
48738
48696
48516
47629
47423
46723
52241
46664
45210
45028
42217
41997
41863
41585
40819
51540
49824
52967
52281
53953
53894
53123
53000
52579
339
3882
37733
296
4018
55820
3703
109374
109249
2542
8928
111
4973
2959
53318
4041
52973
350
1103
1258
46578
778
1729
3809
104
6287
5449
3751
1079
2361
608
1732
