1199
4467
2968
44191
60684
1358
1376
2396
2369
2085
2012
2004
1059
1242
1259
1956
1954
2700
1801
1639
1635
1517
2692
599
3052
4016
4823
4701
4641
4369
4351
4306
4041
3978
3113
3893
3785
3751
3361
3260
3114
661
904
587
628
1256
6713
6287
5662
3546
2529
2288
1729
1219
27592
1089
1080
1079
247
111
40614
54290
8188
27773
5135
246
529
520
377
357
350
337
300
236
30745
215
186
5
67997
58559
52885
31658
4890
5481
5349
319
946
914
757
146501
588
541
364
306
59725
53318
39421
7155
5984
3707
3176
64969
954
1153
1172
1197
2109
2028
1957
1942
1935
1572
1283
1281
1273
1272
1260
1245
1232
1211
1209
63131
45720
5377
106473
1900
78349
8369
106918
55247
5449
3676
88125
8533
68954
65514
8636
6953
6281
5812
118997
2361
117533
1
778
6942
2942
1997
1028
4322
78499
77455
62849
60072
47099
40148
6016
5608
2959
2542
134853
109249
115617
3300
7373
5507
5219
4069
3882
3809
3301
3275
8928
3257
2641
2359
1732
1061
80551
2082
8861
27904
104283
46970
5971
5618
3030
44555
7361
6985
47640
71057
37733
69712
69526
68157
66934
66097
63992
48394
104841
69640
8972
150
296
47465
5909
4911
130682
111624
8623
100365
7458
45950
37729
35957
34162
32892
7478
1955
4388
1131
64957
74458
5445
608
52319
121231
48780
4995
4226
1704
1258
27255
6986
6683
4612
4189
48711
82461
6754
109374
31221
1176
318
232
50
47
35836
32025
7376
2068
4721
1721
33794
31878
26585
26554
8961
1265
2424
8865
46578
2182
106696
97938
95441
93040
68358
56367
34321
3948
26662
26614
8464
7161
5299
4973
4018
8874
8795
7844
76251
1610
1200
1120
1042
858
593
78209
61024
7153
55820
52973
8528
2502
1103
104
36401
3793
4121
741
924
7090
7022
6857
6539
6350
5952
5902
5782
4993
3996
3265
2997
2924
2019
1274
2178
339
2202
90531
97752
97673
97304
96832
96811
96728
96610
96588
96417
95761
95558
95449
95135
94969
94959
94931
91077
97921
97923
98154
103372
106100
105504
105355
105197
103688
103624
103449
103107
98961
102469
102194
101895
101525
101285
99149
99114
90866
90439
71745
90376
81591
81562
80489
80463
79242
78653
78574
78039
74545
74324
73023
72741
72720
72395
72226
72176
72131
2330
81845
81932
88235
90057
89804
89759
89492
89470
89260
88810
88129
82313
87304
86833
86320
85394
83976
82463
82459
106766
106916
106920
107141
143385
142488
141749
140725
140715
140174
139642
139385
137337
134881
134859
134130
133771
133645
132800
132549
132547
144172
146656
148482
164977
111931
111384
82152
66203
47044
138610
164979
163949
148626
163056
161582
161336
160954
158783
156387
155064
132458
131796
128606
112290
114342
114254
113064
112852
112556
112550
112515
112183
114662
112070
111622
111505
111251
111249
110871
107636
114459
115139
128512
123695
128360
128235
127212
127206
127144
127114
127108
123663
115569
122882
118880
118700
117176
116797
116161
115713
72011
81786
71464
3415
45028
42217
41997
41863
41585
40819
40629
39183
38304
37741
34517
4326
31770
26366
26151
26150
25927
45210
71108
4262
48516
3539
3629
3632
4712
3671
3679
3742
47629
4103
47423
47274
3789
46723
3811
3947
46664
25805
8767
4327
5956
6874
6830
6783
6643
6515
6433
6229
5795
6983
5791
5747
5464
5289
5198
5169
4928
6981
7195
8766
8207
8765
8751
8645
8584
8494
8236
4437
8195
7243
8154
8128
8125
7926
7792
7438
7335
3498
3634
48696
55269
60766
60069
58879
58191
2747
57669
56805
56788
56782
56607
56286
56152
56015
55946
55442
3384
55280
61236
61240
61323
2677
70293
69481
67665
67429
67255
67087
66665
64839
61357
64701
64622
64620
2730
64614
63876
63082
55276
55363
55253
52967
52281
52241
51540
55118
2857
50068
49917
49824
48774
2920
2927
2936
3022
3089
3111
48738
3246
52579
4763
53000
54286
53123
55052
54881
54513
55069
54272
53953
53894
55063
3703
68319
94777
34405
107999
122886
260
293
6218
109487
1250
1088
3949
6863
4011
5064
1291
112552
135518
72998
745
3994
70286
1036
27611
44199
107649
79132
8781
3499
7347
5602
4638
4223
4023
3916
3175
3160
2989
2985
2600
2329
2273
1617
780
494
434
153
132046
1210
2174
2571
