608
1036
260
111
1120
924
4121
1028
593
858
1042
1
1200
1610
318
26585
78499
1079
4041
52973
1103
350
494
5602
1617
3499
780
3160
8781
2989
7347
2985
4638
4223
434
4023
2273
2600
3916
2329
153
3175
3978
5902
3260
7022
3265
296
5782
1210
3793
3809
1089
293
33794
2361
2028
134853
5952
7153
44199
377
954
1245
2677
8125
306
319
3246
364
541
588
50
3022
26614
2330
300
150
109249
1732
55820
2542
3994
4973
745
778
1729
2936
3361
3882
37733
115617
3629
1283
7243
5064
1291
106696
4011
8928
68157
3949
1258
215
46578
109374
132046
2959
3114
6218
111384
121231
122886
1061
107999
1250
70286
72998
2019
118997
27611
109487
2424
2068
68319
2571
135518
6539
27773
3703
4226
2692
66934
34405
94777
79132
48780
661
520
529
47099
628
40148
904
6016
60072
1059
1242
5608
1259
1358
117533
1376
30745
31658
52885
45720
58559
67997
3176
5
186
64969
63131
59725
236
246
77455
8533
6942
6863
2942
1997
1088
4322
337
1900
62849
27592
1517
88125
3751
65514
8636
3785
6953
3893
6281
5812
5481
5377
5349
5135
4890
4823
4701
4641
4369
4351
4306
68954
107649
1635
44191
4016
1801
1954
1956
2004
78349
2012
8369
2085
106918
2369
55247
2396
2700
5449
3052
3676
3113
106473
1639
47
8188
5219
7458
8972
69640
104841
2082
80551
2359
2641
3257
3275
3300
3301
4069
5507
52319
7373
8861
27904
48394
60684
63992
66097
69526
69712
71057
46970
47640
6985
5445
4995
44555
2968
1955
7478
32892
34162
35957
37729
45950
100365
2174
8623
111624
130682
1199
4467
1704
4911
5909
47465
4388
1131
64957
74458
48711
4189
4612
6683
6986
27255
7361
3030
6713
68358
35836
5984
232
1176
1265
3948
4018
5299
7161
8464
26662
34321
56367
93040
31221
95441
97938
54290
40614
247
1080
1219
1256
2288
2529
3546
5662
6287
32025
7376
5618
1274
5971
82461
104283
6754
8865
36401
104
2502
8528
61024
76251
78209
741
2924
4721
2997
3996
4993
6350
6857
7090
7844
8795
8874
8961
26554
31878
1721
3707
599
7155
95135
96811
96728
96610
96588
96417
95761
95558
95449
94969
39421
94959
94931
91077
90866
90531
90439
90376
90057
96832
97304
97673
97752
105197
103688
103624
103449
103372
103107
102469
102194
101895
101525
101285
99149
99114
98961
98154
97923
97921
89804
89759
89492
79242
78574
78039
74545
74324
73023
72741
72720
72395
72226
72176
72131
72011
71745
71464
71108
70293
69481
78653
80463
89470
80489
89260
88810
88235
88129
87304
86833
86320
85394
83976
82463
82459
82313
81932
81845
81786
81591
81562
105355
105504
106100
143385
141749
140725
140715
140174
139642
139385
137337
134881
134859
134130
133771
133645
132800
132549
132547
132458
131796
142488
144172
128512
146656
111931
82152
66203
47044
138610
164979
164977
163949
163056
161582
161336
160954
158783
156387
155064
148626
148482
128606
128360
106766
114254
112852
112556
112552
112550
112515
112290
112183
112070
111622
111505
111251
111249
110871
107636
107141
106920
106916
113064
114342
128235
114459
127212
127206
127144
127114
127108
123695
123663
122882
118880
118700
117176
116797
116161
115713
115569
115139
114662
67665
67429
67255
6515
6229
5956
5795
5791
5747
5464
5289
5198
5169
4928
4763
4712
4437
4327
4326
4262
4103
6433
6643
3811
6783
8645
8584
8494
8236
8207
8195
8154
8128
7926
7792
7438
7335
7195
6983
6981
6874
6830
3947
3789
8765
1957
1935
1572
1281
1273
1272
1260
1232
1211
1209
1197
1172
1153
946
914
757
146501
53318
1942
2109
3742
2178
3679
3671
3634
3632
3539
3498
3415
3384
3111
3089
2927
2920
2857
2747
2730
2202
2182
8751
8766
67087
56782
56286
56152
56015
55946
55442
55363
55280
55276
55269
55253
55118
55069
55063
55052
54881
54513
54286
56607
56788
53953
56805
66665
64839
64701
64622
64620
64614
63876
63082
61357
61323
61240
61236
60766
60069
58879
58191
57669
54272
53894
8767
38304
42217
41997
41863
41585
40819
40629
39183
37741
53123
34517
31770
26366
26151
26150
25927
25805
45028
45210
46664
46723
53000
52967
52579
52281
52241
51540
50068
49917
49824
48774
48738
48696
48516
47629
47423
47274
339
587
357
