5952
7153
4993
8795
2019
924
5902
3260
3978
44199
47099
33794
2989
6539
8781
7347
5602
4638
4223
1617
2273
4023
58559
3916
2985
40629
40819
2600
2329
780
494
434
4306
153
3160
37741
38304
39183
3499
3175
3793
2571
34405
44191
48780
4011
69640
45210
47629
48516
48696
48738
45028
48774
49824
47423
49917
41863
46723
593
1042
4121
858
1610
1120
1200
1036
3994
79132
8961
1199
132046
5064
1291
70286
3949
72998
6218
3030
60684
44555
94777
4226
293
74458
27611
1210
2529
109487
68319
2959
2692
1258
62849
105504
78349
106696
135518
34321
8874
2068
118997
745
1089
35836
31878
63131
1028
1265
27773
47
46970
64969
6350
260
4018
6863
66934
2968
3052
3113
130682
3361
3751
3785
3893
107999
4041
8623
4351
4369
4641
4701
4823
27255
4890
5135
5349
5377
5481
5812
6281
2700
1358
4189
5909
1376
48711
1131
1517
1635
4388
1639
296
47465
4612
4911
2369
4467
6683
1801
1954
1956
2004
2012
2085
6953
6986
2396
78209
65514
7478
1997
2942
8533
45720
1955
3176
3707
5984
7155
39421
53318
306
319
364
541
588
146501
757
946
954
1153
1232
1245
1088
4322
68954
77455
121231
107649
3703
2174
3676
5449
106918
8369
100365
45950
37729
1900
2361
117533
778
2542
35957
5608
6016
40148
34162
60072
32892
88125
1259
52319
66097
37733
6857
7022
7090
27904
7844
8861
7373
5507
26554
26585
5219
3882
122886
4721
7376
31221
32025
3301
50
318
1176
3300
48394
5782
3275
3996
52973
8528
2502
1103
104
36401
8865
6754
104283
82461
5971
5618
7361
6985
47640
741
71057
1274
69712
69526
2924
2997
3265
1272
3948
5445
8188
30745
31658
52885
8972
5
186
215
246
300
337
350
357
377
520
529
587
628
661
904
1059
1242
1250
76251
27592
6713
8464
6287
26614
26662
3257
2641
68358
2359
95441
97938
1061
80551
54290
40614
111
247
1080
2082
1219
1256
1729
2288
104841
3546
5662
1260
339
71745
81591
67087
67255
111622
111505
111251
111249
67665
69481
110871
70293
71108
71464
1281
72011
72131
72176
72226
72395
72720
72741
73023
74324
74545
78039
78574
78653
79242
80463
80489
66665
112070
112183
116797
106920
127206
55946
56015
127144
127114
127108
123695
123663
122882
118880
118700
117176
116161
112290
115713
115569
115139
114662
114459
114342
114254
113064
112852
112556
112552
112550
112515
81562
81786
127212
81845
96610
96728
96811
96832
97304
97673
97752
97921
97923
98154
98961
99114
99149
101285
101525
101895
102194
102469
103107
103372
103449
103624
103688
105197
107636
107141
105355
106100
106766
96588
96417
95761
89470
81932
82313
82459
82463
83976
85394
86320
86833
87304
88129
88235
88810
89260
89492
95558
89759
89804
90057
90376
90439
90531
90866
91077
94931
94959
94969
95135
95449
55280
55363
128235
3629
163949
3671
163056
3742
161582
161336
3947
160954
158783
156387
155064
148626
4437
4712
4763
4928
5169
148482
146656
5289
5464
144172
143385
5791
5795
5956
6229
6433
142488
3632
3539
6643
3498
1283
111931
111384
82152
66203
1572
1935
1942
47044
138610
2028
2109
2178
2182
2202
2330
2677
2730
2747
164979
2920
2927
2936
3022
3089
164977
3246
3384
3415
128360
6515
6783
26151
26366
31770
34517
41585
41997
42217
46664
47274
50068
139642
139385
52281
52579
137337
134881
134859
134130
53953
133771
133645
132800
132549
132547
132458
131796
128606
128512
6830
106916
8195
7243
7438
7792
7926
8125
141749
7195
140725
140715
26150
8207
6983
8236
8494
8584
140174
6981
8645
8751
6874
8765
8766
8767
25805
25927
7335
63992
56367
6942
59725
1721
134853
236
232
78499
1273
4103
3679
4326
4262
5198
3811
5747
8636
3111
1957
1172
1197
8128
4016
1211
1
115617
55820
93040
111624
109249
8928
4973
5299
1079
109374
55442
55069
106473
61024
68157
7161
1732
2424
3809
67997
54286
54881
54513
53123
54272
53894
53000
52241
51540
55052
52967
56152
56805
55118
55253
55269
55276
56286
56607
56782
56788
1704
608
7458
150
55247
61236
61240
599
4995
3634
64957
60766
8154
57669
1209
67429
914
64839
2857
60069
64701
3789
64622
64620
64614
63876
55063
63082
4327
61357
58191
61323
58879
3114
46578
4069
