4226
5608
2959
5952
7153
2997
47
1089
4993
8795
7361
55280
5791
8645
5464
7438
6874
50068
5782
6433
3415
8195
6981
6783
1572
25805
6643
26150
26151
1232
42217
3742
27773
5902
3978
3260
296
7792
6229
4437
26366
4928
47274
4712
8207
3671
3498
3384
1272
2109
2178
3947
1219
924
55363
26614
50
318
26554
55069
55442
93040
2692
61236
61240
1610
1200
858
1120
1042
4121
4103
3111
4262
1211
6016
3676
1957
1273
593
1197
5747
8128
1172
4326
3811
5198
3679
111
2571
48780
2730
2019
2924
7844
7090
3996
3949
79132
3022
541
954
8125
52281
41997
2529
1258
1704
6985
111384
7022
3265
2028
2936
48394
1199
5445
904
68157
62849
3793
2288
293
2542
68954
1283
7243
3629
74458
2361
4467
65514
2330
588
3246
306
319
2677
364
1245
132046
4011
1997
33794
3361
2968
1061
88125
44191
111624
1732
5971
215
2012
1729
778
27611
130682
72998
40614
60684
121231
135518
109487
70286
60072
66097
55247
1265
26585
64957
1176
53318
7373
5507
69526
69712
104283
5219
47640
44555
3030
4069
82461
3301
39421
71057
337
7155
3275
1088
1274
2942
741
8533
45720
3176
78209
76251
3707
61024
8528
5984
36401
6754
3300
3257
146501
1131
47465
5909
1209
4911
8623
2174
150
100365
45950
1260
37729
35957
34162
32892
7478
1955
1281
4388
48711
6857
4189
757
2641
2359
914
80551
2082
104841
69640
8972
946
7458
52319
27255
1153
6986
6683
4612
1028
4721
4322
58559
2085
2369
2396
67997
2700
3052
3114
52885
186
3751
3893
31658
30745
8188
6713
4016
5
236
4369
1242
520
529
587
628
661
246
1059
1259
2004
1358
1376
1635
1639
1801
1954
1956
4351
4641
8961
232
1900
68358
26662
117533
1
8464
3948
32025
106918
31221
40148
47099
7376
77455
78499
300
8369
95441
5662
6953
4701
4823
4890
5135
5377
5481
5812
8636
106473
3546
1256
1080
54290
107649
106696
97938
357
599
1935
81786
102469
102194
101895
101525
101285
99149
99114
98961
98154
97923
97921
97752
97673
97304
96832
103107
103372
103449
106920
111505
111251
111249
110871
107636
107141
106916
103624
106766
106100
105504
105355
105197
103688
96811
96728
96610
86833
89470
89260
88810
88235
88129
87304
86320
89759
85394
83976
82463
82459
82313
81932
89492
89804
96588
94959
96417
95761
95558
95449
95135
94969
94931
90057
91077
90866
90531
90439
90376
1942
111622
112070
112183
140174
144172
143385
142488
141749
140725
140715
139642
148482
139385
137337
134881
134859
134130
133771
146656
148626
132800
164977
111931
82152
66203
47044
138610
164979
163949
155064
163056
161582
161336
160954
158783
156387
133645
132549
112290
114342
116161
115713
115569
115139
114662
114459
114254
117176
113064
112852
112556
112552
112550
112515
116797
118700
132547
127212
132458
131796
128606
128512
128360
128235
127206
118880
127144
127114
127108
123695
123663
122882
81845
339
81591
61357
41863
41585
40819
40629
39183
38304
37741
34517
56152
31770
56286
25927
56607
8767
8766
8765
8751
8584
8494
8236
56782
8154
56788
56805
57669
58191
52241
60069
60766
45028
45210
46664
54881
52579
52967
53000
53123
53894
51540
53953
54272
54286
49917
49824
54513
48774
55052
56015
55063
55118
48738
55253
48696
48516
55269
81562
47629
47423
55276
55946
46723
61323
58879
63082
72011
5169
4763
72176
4327
63876
3789
3634
72226
72395
2182
2202
72720
72741
3632
3539
3089
73023
74324
74545
78039
2747
79242
78574
78653
2927
2857
72131
71745
5289
7926
7335
64614
64620
7195
64622
64701
64839
6983
80489
66665
67087
70293
69481
71464
5795
71108
5956
6830
2920
67665
67429
80463
6515
67255
27592
134853
4995
34405
3703
68319
78349
107999
122886
109374
37733
3882
1250
55820
8861
1210
3809
1103
52973
4041
350
4973
260
4306
3785
3113
6281
66934
6350
94777
3994
109249
6863
4018
5618
6942
64969
5064
1291
27904
608
1036
745
56367
46970
6218
31878
6539
44199
63131
1517
35836
46578
63992
8928
2068
118997
1079
34321
8781
3160
153
2989
4638
3916
7347
434
494
780
5602
1617
2273
2600
4223
3175
4023
3499
2985
2329
2424
8874
59725
115617
247
7161
5349
5449
104
6287
2502
5299
8865
377
1721
