296
1729
778
1089
2542
2396
111
608
1079
2959
52973
1103
350
4041
68157
4890
1732
2361
3809
55820
3882
37733
4973
8928
1258
109249
109374
46578
2692
4226
48780
357
661
529
337
377
520
587
628
1250
904
1059
2369
2085
2012
2004
1956
1954
1801
1639
1635
1517
1376
1358
1259
246
1242
300
135518
236
68358
118997
115617
106696
97938
95441
93040
72998
56367
215
34321
27611
26662
26614
8464
7161
5299
134853
54290
40614
247
186
5
67997
58559
52885
3052
31658
30745
8188
6713
6287
5662
3546
1256
1080
2700
3893
3113
1088
63131
59725
45720
8533
6942
6863
2942
1028
3114
4322
78499
77455
60072
47099
40148
6016
64969
3176
3707
5984
1197
1172
1153
954
946
914
757
146501
588
541
364
319
306
39421
7155
1
117533
1900
5481
5349
5135
4823
4701
4641
4369
4351
4306
4016
3978
3948
3785
3751
3361
3260
5377
5812
94777
6281
78349
70286
8369
106918
55247
5449
3676
106473
44191
3703
107649
68954
65514
8636
6953
4018
232
2424
5507
66934
63992
60684
34405
27904
8861
7373
5219
69526
4069
3301
3300
3275
3257
2641
2359
68319
69712
80551
82461
2502
104
36401
8865
6754
132046
104283
5971
71057
5618
3030
44555
7361
6985
47640
46970
1061
2082
61024
150
4467
2968
1199
111624
107999
8623
2174
100365
5909
45950
37729
35957
34162
32892
7478
1955
4911
47465
104841
260
69640
8972
7458
5445
52319
121231
109487
27255
4388
6986
6683
4612
4189
48711
64957
1131
8528
76251
2068
5952
7844
7153
7090
7022
6857
6539
6350
5902
8874
5782
4993
3996
3265
2997
2924
2571
8795
8961
1274
32025
1265
1210
1176
318
1211
50
35836
31221
26554
7376
4721
122886
1721
33794
31878
26585
2019
924
78209
1036
2273
1617
1610
1291
1200
1120
1042
858
2600
780
745
593
494
434
293
153
2329
2985
741
4223
44199
8781
7347
6218
5602
5064
4638
4121
2989
4023
3994
3916
3793
3499
3175
3160
1209
599
1232
94959
96610
96588
96417
95761
95558
95449
95135
94969
94931
96811
91077
90866
90531
90439
90376
90057
89804
89759
96728
96832
66665
101525
103688
103624
103449
103372
103107
102469
102194
101895
101285
97304
99149
99114
98961
98154
97923
97921
97752
97673
89492
89470
89260
72131
74545
74324
73023
72741
72720
72395
72226
72176
72011
88810
71745
71464
71108
70293
1245
67665
67429
67255
78039
78574
78653
79242
88235
88129
87304
86833
86320
85394
83976
82463
82459
82313
81932
81845
81786
81591
81562
80489
80463
105197
105355
105504
134881
142488
141749
140725
140715
140174
139642
139385
137337
134859
128512
134130
133771
133645
132800
132549
132547
132458
131796
143385
144172
146656
148482
111931
111384
82152
66203
47044
138610
164979
164977
163949
163056
161582
161336
160954
158783
156387
155064
148626
128606
128360
106100
111622
112852
112556
112552
112550
112515
112290
112183
112070
111505
128235
111251
111249
110871
107636
107141
106920
106916
106766
113064
114254
114342
114459
127212
127206
127144
127114
127108
123695
123663
122882
118880
118700
117176
116797
116161
115713
115569
115139
114662
67087
69481
64839
5747
6783
6643
6515
6433
6229
5956
5795
5791
5464
8767
5289
5198
5169
4928
4763
4712
4437
4327
6830
6874
6981
6983
8765
8751
8645
64701
8494
8236
8207
8195
8154
8128
8125
7926
7792
7438
7335
7243
7195
4326
4262
4103
2857
2730
2677
2330
2202
2182
2178
2109
2028
1957
1942
1935
1572
1283
1281
1273
1272
1260
2747
2920
3947
2927
3811
3789
3742
3679
3671
3634
3632
3629
3539
3498
3415
3384
3246
3111
3089
3022
2936
8766
8584
25805
53123
56015
55946
55442
55363
55280
55276
55269
55253
55118
55069
55063
55052
54881
25927
54286
54272
53953
56152
56286
56607
61240
64622
64620
64614
63876
63082
61357
61323
61236
56782
60766
60069
58879
58191
57669
56805
56788
53894
54513
53000
48696
47629
47423
47274
46723
46664
45210
45028
42217
41997
41863
41585
40819
40629
39183
38304
37741
34517
31770
26366
26151
26150
52967
48516
339
49917
52241
50068
52281
52579
51540
49824
48774
48738
79132
4995
74458
66097
1704
62849
3949
4011
1997
2529
1219
48394
27773
130682
53318
27592
5608
2288
88125
47
