50
296
26614
1729
778
1089
68157
2959
300
318
150
2542
1079
3114
1732
3361
2424
293
111384
121231
1061
27773
904
30745
67997
58559
52885
31658
8188
1635
27592
186
6713
6287
5662
5
1376
1517
520
1242
661
628
587
1250
529
3546
1059
350
337
1259
246
236
1358
357
135518
2529
5299
56367
46578
34321
27611
26662
8464
7161
4973
2288
4018
3948
2068
1265
1210
1176
232
68358
72998
93040
95441
1256
1219
1801
1080
247
111
40614
54290
134853
118997
115617
109374
109249
106696
97938
1639
2396
1954
5449
78499
77455
62849
60072
47099
40148
6016
5608
1
117533
2361
1900
94777
78349
70286
8369
106918
4322
1028
1088
3176
146501
541
53318
39421
7155
5984
3707
64969
1997
63131
59725
45720
8533
6942
6863
2942
55247
3676
1956
106473
4306
4041
4016
3978
3893
3785
3751
3260
3113
3052
2700
2692
35836
2369
2085
2012
2004
4351
4369
4641
6953
44191
3703
107649
88125
68954
65514
8636
6281
4701
5812
5481
5377
5349
5135
4890
4823
47
4721
32025
27904
8861
7373
5507
5219
4069
3882
3809
3301
3300
3275
3257
2641
2359
80551
2082
104841
69640
8928
34405
7458
37733
5971
5618
3030
44555
7361
6985
47640
46970
71057
69712
69526
68319
66934
66097
63992
60684
48394
8972
5445
31221
47465
4911
4467
2968
1199
130682
111624
107999
8623
2174
100365
45950
37729
35957
34162
32892
7478
1955
5909
4388
608
1131
52319
109487
79132
48780
4995
4226
1704
1258
260
27255
6986
6683
4612
4189
48711
74458
64957
82461
104283
132046
5902
4993
3996
3265
2997
2924
2571
2019
1274
924
741
44199
8781
7347
6218
5602
5064
4638
5782
5952
6754
6350
7376
914
122886
1721
33794
31878
26585
26554
8961
8874
8795
7844
7153
7090
7022
6857
6539
4223
4121
4023
4011
780
745
593
494
434
153
78209
76251
61024
55820
52973
8528
2502
1103
104
36401
8865
858
1036
1042
2989
3994
3949
3916
3793
3499
3175
3160
2985
1120
2600
2329
2273
1617
1610
1291
1200
757
599
946
91077
96417
95761
95558
95449
95135
94969
94959
94931
90866
96610
90531
90439
90376
90057
89804
89759
89492
89470
96588
96728
103688
99149
103449
103372
103107
102469
102194
101895
101525
101285
99114
96811
98961
98154
97923
97921
97752
97673
97304
96832
89260
88810
88235
71745
73023
72741
72720
72395
72226
72176
72131
72011
71464
88129
71108
70293
69481
67665
67429
67255
67087
66665
74324
74545
78039
78574
87304
86833
86320
85394
83976
82463
82459
82313
81932
81845
81786
81591
81562
80489
80463
79242
78653
103624
105197
954
134130
140725
140715
140174
139642
139385
137337
134881
134859
133771
142488
133645
132800
132549
132547
132458
131796
128606
128512
141749
143385
105355
163056
111931
82152
66203
47044
138610
164979
164977
163949
161582
144172
161336
160954
158783
156387
155064
148626
148482
146656
128360
128235
127212
111251
112552
112550
112515
112290
112183
112070
111622
111505
111249
127206
110871
107636
107141
106920
106916
106766
106100
105504
112556
112852
113064
114254
127144
127114
127108
123695
123663
122882
118880
118700
117176
116797
116161
115713
115569
115139
114662
114459
114342
64839
64701
64622
3811
6229
5956
5795
5791
5747
5464
5289
5198
5169
4928
4763
4712
4437
4327
4326
4262
4103
6433
6515
6643
7792
8236
8207
64620
8154
8128
8125
7926
7438
6783
7335
7243
7195
6983
6981
6874
6830
3947
3789
8584
3742
2178
2109
1957
1942
1935
1572
1283
1281
1273
1272
1260
1232
1211
1209
1197
1172
1153
2182
2202
2730
3415
3679
3671
3634
3632
3629
3539
3498
3384
2747
3111
3089
3022
2936
2927
2920
2857
8494
8195
8645
52967
55442
55363
55280
55276
55269
55253
55118
55069
55063
55052
54881
54513
54286
54272
8751
53894
53123
55946
56015
56152
60766
64614
63876
63082
61357
61323
61240
61236
60069
56286
58879
58191
57669
56805
56788
56782
56607
53000
53953
52579
42217
52281
41585
40819
40629
39183
38304
37741
34517
31770
26366
26151
26150
25927
25805
8767
8766
8765
41997
41863
48696
47629
52241
51540
50068
49917
49824
48774
48738
48516
339
47423
46723
45028
45210
46664
47274
377
215
2028
1245
3246
2330
306
319
364
588
2677
