778
1729
745
260
3114
2959
2542
434
3175
3916
4023
2989
4223
4638
5602
7347
8781
494
3160
3499
2985
2600
153
780
2329
1617
2273
1079
106473
296
44199
1036
3994
1732
1291
5064
4011
3949
1210
6218
293
2019
132046
2068
122886
107999
27611
109487
68319
134853
2571
135518
3703
109249
70286
72998
115617
79132
5
1089
1080
247
111
40614
54290
118997
109374
628
587
106696
661
904
1059
97938
1242
95441
93040
1250
68358
1219
2288
1256
520
215
236
246
300
337
350
58559
52885
357
377
31658
67997
30745
27773
27592
8188
6713
529
6287
5662
3546
2529
186
1639
1259
117533
77455
62849
60072
47099
40148
6016
5608
1
2361
4322
1900
94777
78349
8369
106918
55247
5449
3676
78499
1028
107649
3176
364
319
306
53318
39421
7155
5984
3707
64969
1088
63131
59725
45720
8533
6942
6863
2942
1997
44191
88125
1358
2085
3361
3260
3113
3052
2700
2692
2396
2369
2012
3785
2004
1956
1954
1801
46578
1635
1517
1376
3751
3893
68954
5135
65514
8636
6953
6281
5812
5481
5377
5349
4890
3978
4823
4701
4641
4369
4351
4306
4041
4016
56367
31221
34321
4069
3809
3301
3300
3275
3257
2641
2359
1061
80551
2082
104841
69640
8972
7458
5445
3882
5219
47640
5507
71057
69712
69526
68157
66934
66097
63992
60684
48394
37733
34405
27904
8928
8861
7373
608
52319
121231
48780
2968
1199
130682
111624
8623
2174
150
100365
45950
37729
35957
34162
32892
7478
1955
4467
4911
5909
6683
4995
4226
1704
1258
27255
6986
4612
47465
4189
48711
74458
64957
1131
4388
46970
6985
26662
7376
1721
33794
31878
26585
26554
8961
8874
8795
7844
7153
7090
7022
6857
6539
6350
4721
588
7361
32025
26614
8464
7161
5299
4973
4018
3948
2424
1265
1176
318
232
50
47
35836
5952
5902
5782
4993
55820
52973
8528
2502
1103
104
36401
8865
6754
104283
82461
5971
5618
3030
44555
61024
76251
78209
741
3996
3265
2997
2924
1274
924
4121
593
3793
1610
1200
1120
1042
858
541
599
146501
94959
96610
96588
96417
95761
95558
95449
95135
94969
94931
96811
91077
90866
90531
90439
90376
90057
89804
89759
96728
96832
757
101525
103688
103624
103449
103372
103107
102469
102194
101895
101285
97304
99149
99114
98961
98154
97923
97921
97752
97673
89492
89470
89260
72131
74545
74324
73023
72741
72720
72395
72226
72176
72011
88810
71745
71464
71108
70293
69481
67665
67429
67255
78039
78574
78653
79242
88235
88129
87304
86833
86320
85394
83976
82463
82459
82313
81932
81845
81786
81591
81562
80489
80463
105197
105355
105504
134881
142488
141749
140725
140715
140174
139642
139385
137337
134859
128512
134130
133771
133645
132800
132549
132547
132458
131796
143385
144172
146656
148482
111931
111384
82152
66203
47044
138610
164979
164977
163949
163056
161582
161336
160954
158783
156387
155064
148626
128606
128360
106100
111622
112852
112556
112552
112550
112515
112290
112183
112070
111505
128235
111251
111249
110871
107636
107141
106920
106916
106766
113064
114254
114342
114459
127212
127206
127144
127114
127108
123695
123663
122882
118880
118700
117176
116797
116161
115713
115569
115139
114662
67087
66665
64839
4327
5464
5289
5198
5169
4928
4763
4712
4437
4326
3632
4262
4103
3947
3811
3789
3742
3679
3671
5747
5791
5795
5956
8128
8125
7926
7792
7438
7335
7243
7195
6983
6981
6874
6830
6783
6643
6515
6433
6229
3634
3629
8195
1245
1942
1935
1572
1283
1281
1273
1272
1260
1232
3539
1211
1209
1197
1172
1153
954
946
914
1957
2028
2109
2178
3498
3415
3384
3246
3111
3089
3022
2936
2927
2920
2857
2747
2730
2677
2330
2202
2182
8154
8207
64701
55069
55946
55442
55363
55280
55276
55269
55253
55118
55063
52967
55052
54881
54513
54286
54272
53953
53894
53123
56015
56152
56286
56607
64622
64620
64614
63876
63082
61357
61323
61240
61236
60766
60069
58879
58191
57669
56805
56788
56782
53000
52579
8236
26150
40629
39183
38304
37741
34517
31770
26366
26151
25927
52281
25805
8767
8766
8765
8751
8645
8584
8494
40819
41585
41863
41997
52241
51540
50068
49917
49824
48774
48738
48696
48516
47629
47423
47274
46723
46664
45210
45028
42217
339
