1376
1639
186
135518
27773
215
5
67997
58559
52885
31658
30745
27592
300
8188
6713
6287
5662
3546
2529
2288
236
337
1256
1059
1801
1635
1517
1358
1259
1250
1242
904
350
661
628
587
529
520
377
357
1729
1219
1956
2068
26662
26614
8464
7161
5299
4973
3948
2424
1265
1089
1210
1176
318
232
50
47
35836
32025
27611
34321
46578
56367
1080
1079
247
111
40614
54290
134853
118997
115617
109374
109249
106696
97938
95441
93040
72998
68358
1954
2004
757
6016
1028
4322
78499
77455
62849
60072
47099
40148
5608
70286
2959
2542
778
1
117533
2361
1900
94777
1088
1997
2942
6863
588
541
364
319
306
53318
39421
7155
5984
3707
3176
64969
63131
59725
45720
8533
6942
78349
8369
2012
3361
4369
4351
4306
4041
4016
3978
3893
3785
3260
106918
3114
3113
3052
2700
2692
2396
2369
2085
4641
4701
4823
4890
55247
5449
3676
106473
44191
107649
88125
68954
65514
8636
6953
6281
5812
5481
5377
5349
5135
31221
7376
4721
2641
5219
4069
3882
3809
3301
3300
3275
3257
2359
608
1732
1061
80551
2082
104841
69640
8972
7458
5507
7373
8861
8928
7361
6985
47640
46970
71057
69712
69526
68319
68157
66934
66097
63992
60684
48394
37733
34405
27904
5445
52319
122886
2174
4911
4467
2968
1199
130682
111624
107999
8623
150
121231
100365
45950
37729
35957
34162
32892
7478
1955
5909
47465
296
4388
109487
79132
48780
4995
4226
1704
1258
260
27255
6986
6683
4612
4189
48711
74458
64957
1131
44555
3030
5618
8781
2997
2924
2571
2019
1274
924
741
44199
7347
5971
6218
5602
5064
4638
4223
4121
4023
4011
3265
3996
4993
5782
1721
33794
31878
26585
26554
8961
8874
8795
7844
7153
7090
7022
6857
6539
6350
5952
5902
3994
3949
3916
494
293
153
78209
76251
61024
55820
52973
8528
2502
1103
104
36401
8865
6754
132046
104283
82461
434
593
3793
745
3499
3175
3160
2989
2985
2600
2329
2273
1617
1610
1291
1200
1120
1042
1036
858
780
146501
599
914
94931
96588
96417
95761
95558
95449
95135
94969
94959
91077
96728
90866
90531
90439
90376
90057
89804
89759
89492
96610
96811
105197
101285
103624
103449
103372
103107
102469
102194
101895
101525
99149
96832
99114
98961
98154
97923
97921
97752
97673
97304
89470
89260
88810
72011
74324
73023
72741
72720
72395
72226
72176
72131
71745
88235
71464
71108
70293
69481
67665
67429
67255
67087
74545
78039
78574
78653
88129
87304
86833
86320
85394
83976
82463
82459
82313
81932
81845
81786
81591
81562
80489
80463
79242
103688
105355
946
134859
141749
140725
140715
140174
139642
139385
137337
134881
134130
143385
133771
133645
132800
132549
132547
132458
131796
128606
142488
144172
105504
163949
111931
111384
82152
66203
47044
138610
164979
164977
163056
146656
161582
161336
160954
158783
156387
155064
148626
148482
128512
128360
128235
111505
112556
112552
112550
112515
112290
112183
112070
111622
111251
127212
111249
110871
107636
107141
106920
106916
106766
106100
112852
113064
114254
114342
127206
127144
127114
127108
123695
123663
122882
118880
118700
117176
116797
116161
115713
115569
115139
114662
114459
66665
64839
64701
4712
5791
5747
5464
5289
5198
5169
4928
4763
4437
3671
4327
4326
4262
4103
3947
3811
3789
3742
5795
5956
6229
6433
8195
8154
8128
8125
7926
7792
7438
7335
7243
7195
6983
6981
6874
6830
6783
6643
6515
3679
3634
8236
1272
2028
1957
1942
1935
1572
1283
1281
1273
1260
3632
1245
1232
1211
1209
1197
1172
1153
954
2109
2178
2182
2202
3629
3539
3498
3415
3384
3246
3111
3089
3022
2936
2927
2920
2857
2747
2730
2677
2330
64622
8207
8494
55063
55442
55363
55280
55276
55269
55253
55118
55069
55052
8584
54881
54513
54286
54272
53953
53894
53123
53000
55946
56015
56152
56286
64620
64614
63876
63082
61357
61323
61240
61236
60766
60069
58879
58191
57669
56805
56788
56782
56607
52967
52579
52281
52241
40819
40629
39183
38304
37741
34517
31770
26366
26151
26150
25927
25805
8767
8766
8765
8751
8645
41585
41863
41997
42217
51540
50068
49917
49824
48774
48738
48696
48516
339
47629
47423
47274
46723
46664
45210
45028
3703
4018
3751
246
