8795
4993
7153
5952
2959
1704
1210
296
2019
1211
4262
8128
5747
4326
5198
4103
1957
1273
1197
1172
3111
3679
3811
260
2571
5608
778
1729
4016
5812
4226
132046
3949
4995
5902
3978
3260
2542
1219
47
79132
4011
1079
924
27611
2529
70286
1089
48780
72998
62849
135518
1250
1291
3499
494
780
1617
2273
2329
2600
2985
2989
3160
3175
3916
153
4023
4223
4638
5602
7347
8781
434
745
1258
74458
122886
109487
1732
68157
107999
6515
1
5169
5289
6830
7195
7335
5349
8236
2182
4823
8751
8765
8766
8767
31770
1153
4306
41585
56015
1242
1260
115139
1176
27773
44199
78499
1036
3994
68319
25927
46664
34405
5064
40148
106473
94777
88125
2288
2692
3703
27592
46578
109249
130682
1997
134853
66097
7161
5299
2369
4701
4351
1639
1635
4369
4641
1517
914
1801
34162
757
146501
1209
53318
4890
946
32892
2396
4041
2085
2012
2004
2700
3052
3113
3257
1956
5135
3361
1955
7478
3785
3893
1954
64957
1131
35957
8636
39421
78349
4467
1900
2361
117533
2942
2968
1199
1088
8623
2174
100365
45950
37729
6016
47099
60072
2641
1028
77455
8533
4911
7155
5909
5377
5481
4388
47465
6281
6953
4322
5984
3707
68954
3176
107649
45720
44191
1358
3676
5449
106918
8369
1376
82461
1259
104841
27904
3793
8928
80551
2082
8861
4121
7373
5507
5219
4069
741
1274
33794
69640
8972
2997
7458
5782
5445
608
6857
52319
121231
8961
26554
37733
69526
69712
71057
1061
6754
8865
36401
104
1103
2502
8528
52973
55820
61024
76251
78209
5618
3030
44555
593
7361
6985
858
1042
1120
1200
47640
1610
26585
3882
3275
186
3546
5662
6287
6713
8188
2359
30745
31658
52885
58559
67997
5
246
4721
300
337
350
357
377
104283
529
587
628
661
904
1059
48711
4189
1256
4612
7376
31221
32025
3301
50
232
318
3300
8464
26614
26662
27255
68358
1232
93040
95441
97938
106696
54290
40614
111
247
6986
1080
6683
520
599
73023
90531
97752
97673
97304
96832
96811
96728
96610
96588
96417
95761
95558
95449
95135
94969
94959
94931
91077
97921
97923
98154
103372
106100
105504
105355
105197
103688
103624
103449
103107
98961
102469
102194
101895
101525
101285
99149
99114
90866
90439
71745
90376
81591
81562
80489
80463
79242
78653
78574
78039
74545
74324
1272
72741
72720
72395
72226
72176
72131
81786
81845
81932
88235
90057
89804
89759
89492
89470
89260
88810
88129
82313
87304
86833
86320
85394
83976
82463
82459
106766
106916
106920
107141
143385
142488
141749
140725
140715
140174
139642
139385
137337
134881
134859
134130
133771
133645
132800
132549
132547
144172
146656
148482
164977
111931
111384
82152
66203
47044
138610
164979
163949
148626
163056
161582
161336
160954
158783
156387
155064
132458
131796
128606
112290
114254
113064
112852
112556
112552
112550
112515
112183
114459
112070
111622
111505
111251
111249
110871
107636
114342
114662
128512
123695
128360
128235
127212
127206
127144
127114
127108
123663
115569
122882
118880
118700
117176
116797
116161
115713
72011
339
71464
8584
37741
34517
26366
26151
26150
25805
8645
8494
52579
8207
8195
8154
7926
7792
7438
6983
38304
39183
40629
40819
51540
50068
49917
49824
48774
48738
48696
48516
47629
47423
47274
46723
45210
45028
41863
6981
6874
6783
3539
3415
3384
3089
2927
2920
2857
2747
2730
2202
2178
2109
1942
1935
1572
1281
3498
3632
6643
3634
6433
6229
5956
5795
5791
5464
4928
4763
4712
4437
4327
3947
3789
3742
3671
52241
42217
52967
56152
56607
56782
56788
56805
57669
58191
58879
60069
60766
61236
61240
61357
63082
63876
64614
64620
64622
64701
64839
66665
67087
67255
67429
67665
69481
70293
71108
56286
61323
54286
55946
55269
55253
55118
55069
55063
53123
53953
54272
55052
53000
55276
55280
55363
55442
54881
54513
53894
2068
66934
56367
8874
6539
6863
6218
35836
6350
118997
64969
109374
34321
46970
55247
115617
63131
60684
111624
4973
5971
3809
3114
3751
150
63992
65514
31878
6942
3265
7022
59725
293
236
48394
1265
3996
2924
7844
7090
4018
215
2936
41997
52281
1721
954
8125
3022
541
3948
2424
588
306
364
319
2330
2677
3246
1245
7243
3629
1283
2028
