61240
61236
81845
81562
82459
67255
81932
81591
80489
80463
79242
78574
78039
74545
74324
82463
5464
8645
5791
55280
6874
50068
7438
5952
7153
4993
8795
55363
31658
90531
89470
91077
90866
86833
90439
90376
90057
89804
89759
89492
88235
83976
89260
88810
88129
85394
87304
86320
63082
57669
58191
67429
58879
60069
60766
61323
61357
64614
63876
64620
64622
64701
64839
55063
79132
1210
81786
6350
26662
74458
55442
55069
2571
2019
41997
52281
77455
7844
2924
7090
3996
5618
6539
132046
5971
260
3260
3978
5902
296
68954
69640
68157
78499
48394
1028
96811
41863
6016
94931
94959
95135
95449
1042
45028
45210
96588
96728
1120
48774
47423
858
593
1200
1610
4121
49917
49824
48738
48696
48516
47629
95558
98154
101525
46723
99149
97304
99114
98961
97923
97752
97921
31878
70286
52885
1274
741
6857
104283
61024
4973
72998
62849
107999
27611
65514
44199
48780
2959
1265
96610
96832
924
4011
1089
135518
1250
306
1245
588
364
2677
319
3246
2330
3793
4226
44555
112550
111249
111505
53953
113064
52579
7926
114254
114459
45950
5445
133771
127206
128512
110871
132800
94969
102469
757
161336
101285
4306
4763
44191
109487
2529
47099
97938
67665
40614
60684
5299
122886
106696
94777
2068
2028
46578
3546
118997
122882
134859
2542
778
1729
112515
118700
118880
2730
3994
3265
7022
106473
2920
215
3634
52319
40148
4995
34321
34405
3030
68319
1199
1258
63131
1079
247
8874
3703
27773
35836
7161
67997
78349
47
72395
72720
71108
72226
73023
72131
72011
71745
71464
70293
69481
78653
67087
66665
293
46970
608
6218
109249
1704
64969
69712
111624
117533
105504
3809
66934
4018
1732
6863
1176
8125
3022
5349
954
541
58559
104841
8972
8928
2936
109374
1283
7243
3629
56367
350
52973
1103
4041
37733
3882
6942
3893
2369
35957
1358
1954
1376
37729
2012
377
1635
8623
2004
1639
2174
150
1956
357
2692
3361
2085
4351
904
300
32892
1955
34162
661
4016
7478
628
1059
587
529
1242
3114
520
1801
3751
100365
3052
2396
4911
246
1061
3301
3300
3275
3257
2641
2359
80551
236
2082
121231
27255
6986
6683
8961
4069
5219
5507
4641
78209
76251
7373
8861
8528
2502
8865
27904
82461
66097
69526
71057
47640
4612
4721
7376
95441
186
5
30745
27592
8188
6713
5662
2288
1256
1219
130682
1080
111
54290
68358
31221
2968
4467
26614
8464
5909
47465
4388
1131
318
48711
232
50
4189
32025
4369
599
4701
82313
96417
97673
101895
102194
103107
103372
103449
103624
103688
105197
105355
106100
106766
106916
106920
107141
107636
111251
111622
112070
112183
112290
112552
95761
72741
7792
72176
8154
8207
8236
8494
8584
8751
8765
8766
8767
25927
26366
31770
34517
37741
38304
39183
40629
40819
41585
46664
4823
55946
56015
112556
112852
114342
114662
140715
140725
141749
142488
143385
144172
146656
148482
148626
155064
156387
158783
160954
161582
163056
163949
164977
164979
138610
47044
82152
111384
111931
140174
139642
139385
127144
115139
115569
115713
116161
116797
117176
123663
123695
127108
127114
127212
137337
128235
128360
128606
131796
132458
132547
132549
133645
134130
134881
8128
47274
7335
4262
1172
1197
1209
1211
1260
1272
1273
1281
1935
1942
1957
2109
2178
2182
2202
2747
2857
2927
3089
3111
3384
3498
3539
3632
3671
3679
3789
3811
3947
1153
946
914
1900
4890
5135
5377
5481
5812
6281
6953
8636
88125
107649
3676
106918
8369
2361
146501
5608
60072
4322
1088
1997
2942
8533
3176
3707
5984
7155
39421
53318
7195
4103
339
5795
4326
4327
4437
4712
4928
5169
5198
5289
5747
5956
6229
6515
6830
6983
1291
64957
115617
55820
3949
55247
745
7458
4638
2329
7347
4223
8781
4023
3916
3499
3175
3160
2989
5602
2600
2985
2273
1617
494
434
780
153
134853
56152
55253
55118
56788
54286
56782
56607
56286
55269
55276
51540
54513
54881
55052
52241
53894
54272
52967
53000
56805
53123
5064
93040
33794
6754
66203
337
2424
26554
7361
59725
36401
2997
1
1259
45720
1036
26585
6985
1721
5782
1517
104
6287
5449
2700
63992
6981
8195
3785
1232
26150
6783
6643
3113
3742
6433
3948
25805
26151
3415
1572
42217
