4121
593
858
1042
1120
1200
1610
1617
4223
8781
7347
5602
4638
153
494
780
434
2273
4023
2329
2600
2985
3916
2989
3160
3499
3175
293
3793
44199
26614
50
1036
3994
745
4011
52885
741
1274
104283
6857
608
8125
3022
954
541
47
5064
1291
1210
1080
1089
47274
26366
628
1376
8207
8128
7792
1259
3947
4437
3498
3811
1957
3384
1172
1197
3111
4103
4262
1
3671
4326
1211
4712
1272
4928
1273
5198
5747
2178
6229
2109
3679
1199
150
3949
2028
78499
2730
2936
52973
4041
1103
350
7243
1283
3629
4467
6218
107999
60072
2968
26662
2542
3114
44191
3809
2330
2677
1245
3246
364
319
306
588
134853
55820
106473
4226
68157
5618
60684
6350
37733
3882
1250
2288
88125
1079
2959
115617
4973
296
5608
2424
215
132046
8928
1258
27592
48780
109249
70286
72998
46578
1732
109374
122886
27773
2692
130682
48394
260
1219
2529
34405
1997
94777
27611
109487
79132
68319
62849
1704
135518
2571
3703
66097
74458
4995
111
377
587
2012
1028
2361
52281
41997
106696
1729
778
53318
118997
6539
66934
2082
1061
4016
52319
80551
117533
104841
5445
69640
8972
7458
4306
34162
47465
1900
3260
2085
2369
2396
40148
2700
3052
3113
3300
3275
3361
3978
1955
3257
3751
3785
2641
3893
6016
2359
7478
32892
4641
4351
48711
6986
111624
5481
4911
5812
6683
4612
4189
6281
4369
6953
8636
5909
107649
65514
64957
1131
68954
27255
8623
3676
5377
121231
4388
78349
8369
4701
106918
55247
35957
4823
37729
45950
100365
4890
5135
2174
5449
2004
5349
78209
3301
1956
26585
31878
33794
1721
4721
7376
31221
32025
35836
5971
3030
232
318
1176
44555
1265
2068
3948
4018
47099
5299
7161
8464
26554
8961
8874
2997
61024
8528
2502
104
36401
8865
924
6754
2019
2924
3265
8795
3996
4993
5782
5902
5952
82461
7022
7090
7153
7844
7361
6985
34321
76251
300
337
63992
357
520
529
661
904
1059
1242
1358
236
8861
1517
7373
1635
1639
5507
5219
1801
4069
1954
246
186
56367
69712
68358
93040
95441
97938
47640
46970
54290
40614
247
71057
69526
5
1256
3546
5662
6287
6713
8188
30745
31658
58559
67997
27904
599
77455
96811
98154
97923
97921
97752
97673
97304
96832
96728
99114
96610
96588
96417
95761
95558
95449
95135
98961
99149
94959
103688
106920
106916
106766
106100
105504
105355
105197
103624
101285
103449
103372
103107
102469
102194
101895
101525
94969
94931
4322
80463
82313
81932
81845
81786
81591
81562
80489
79242
82463
78653
78574
78039
74545
74324
73023
72741
82459
83976
91077
89492
90866
90531
90439
90376
90057
89804
89759
89470
85394
89260
88810
88235
88129
87304
86833
86320
107141
107636
110871
139385
143385
142488
141749
140725
140715
140174
139642
137337
146656
134881
134859
134130
133771
133645
132800
132549
144172
148482
111249
164977
111931
111384
82152
66203
47044
138610
164979
163949
148626
163056
161582
161336
160954
158783
156387
155064
132547
132458
131796
112552
114662
114459
114342
114254
113064
112852
112556
112550
128606
112515
112290
112183
112070
111622
111505
111251
115139
115569
115713
116161
128512
128360
128235
127212
127206
127144
127114
127108
123695
123663
122882
118880
118700
117176
116797
72720
72395
72226
6433
6983
6981
6874
6830
6783
6643
6515
5956
7335
5795
5791
5464
5289
5169
4763
4327
7195
7438
38304
8766
34517
31770
26151
26150
25927
25805
8767
8765
7926
8751
8645
8584
8494
8236
8195
8154
3789
3742
3634
64969
757
146501
39421
7155
5984
3707
3176
63131
3632
59725
45720
8533
6942
6863
2942
1088
914
946
1153
1209
3539
3415
3089
2927
2920
2857
2747
2202
2182
1942
1935
1572
1281
1260
1232
37741
39183
72176
57669
61323
61240
61236
60766
60069
58879
58191
56805
63082
56788
56782
56607
56286
56152
56015
55946
61357
63876
40629
67665
72131
72011
71745
71464
71108
70293
69481
67429
64614
67255
67087
66665
64839
64701
64622
64620
55442
55363
55280
47423
49917
49824
48774
48738
48696
48516
47629
46723
55276
46664
45210
45028
42217
41863
41585
40819
50068
51540
52241
52579
55269
55253
55118
55069
55063
55052
54881
54513
54286
54272
53953
53894
53123
53000
52967
339
