1729
778
296
260
1210
2959
593
858
1610
1200
1120
1042
4121
48394
72226
72011
71745
71464
71108
70293
69481
1259
67087
72131
66665
2997
72395
72720
73023
78653
318
2028
2542
112552
1079
1283
3629
7243
26554
7361
111
52281
41997
3793
93040
67665
364
319
588
1245
2330
3246
306
2677
70286
88125
68157
67429
61323
60069
58191
57669
60766
61357
63082
63876
64614
64620
55063
64622
64701
64839
58879
1080
7792
3498
4928
1954
47274
4712
4437
6229
3947
3052
3671
1
8207
3384
2178
2109
1272
26366
1732
5608
61240
61236
1250
3361
67997
215
608
1089
122886
52973
4041
1103
350
107999
114662
112290
112556
112852
114342
111622
115569
116161
116797
117176
112183
1265
132046
3022
954
8125
541
1219
134853
3809
5782
2361
121231
66097
2174
68319
293
111251
1704
109487
34405
3703
61024
4226
5791
5464
7438
6874
55280
8645
50068
109374
2019
3949
27611
47
1088
3882
37733
135518
109249
5971
72998
8928
68954
6863
94777
4973
1061
2730
6942
55820
115617
60072
50
26614
1199
3030
44191
1176
5812
4890
5135
5349
5377
5481
39421
6281
7155
34162
5984
6953
3707
8636
69640
4823
8972
4701
4016
7458
4306
5445
4351
52319
3978
3893
3785
7478
4369
32892
4641
1955
3751
150
106473
3176
8533
1131
45950
4388
47465
5909
4911
4467
2968
6016
40148
130682
8623
4322
2942
1997
3114
64957
107649
48711
35957
27255
6986
59725
100365
3676
6683
5449
106918
37729
8369
4612
4189
45720
1900
3260
8795
3113
6985
8528
2502
104
36401
8865
6754
104283
82461
5618
47640
5662
71057
69712
69526
63992
54290
27904
7373
5507
1256
76251
78209
741
924
7153
33794
1721
6857
4721
7376
31221
32025
232
5952
5902
2424
3948
8464
26662
68358
4993
95441
1274
5219
6287
104841
1801
1242
3257
2641
2359
1358
1376
1517
8961
1639
80551
6713
1956
2004
2012
2085
2369
2396
2082
2692
2700
1059
904
661
628
8188
30745
31658
52885
4069
58559
5
186
236
246
300
337
3301
357
3300
377
520
529
587
1635
599
146501
91077
96417
97673
101895
102194
103107
103372
103449
103624
103688
105197
105355
105504
106100
106766
106916
106920
107141
107636
112070
95761
90866
42217
90531
56015
72176
72741
82313
83976
85394
86320
86833
87304
88235
88810
89260
89470
89492
89759
89804
90057
90376
90439
115139
115713
123663
123695
143385
144172
146656
148482
148626
155064
156387
158783
160954
161582
163056
163949
164977
164979
138610
47044
66203
82152
111931
142488
141749
140725
132458
127108
127114
127144
127212
128235
128360
128606
131796
132547
140715
132549
133645
134130
134881
137337
139385
139642
140174
55946
88129
339
5795
6515
6643
6783
41585
6830
6981
7195
7335
8154
8195
8236
8494
40819
40629
8584
8751
8765
8766
8767
25805
26150
26151
31770
34517
37741
38304
39183
6433
5956
2747
3415
3539
1572
3742
3789
1260
1232
1209
1153
914
4327
2857
5169
5289
2182
4995
62849
117533
2529
111624
47099
60684
44555
2068
66934
53318
4018
55247
118880
118700
112515
6350
45210
45028
48696
49917
49824
46723
47423
47629
48516
41863
48738
48774
1291
5064
64969
745
6218
247
106696
46970
55442
55069
4011
35836
6539
8861
111384
55363
34321
118997
44199
434
153
7347
5602
4638
4223
4023
780
3499
494
3160
2989
2985
2600
2329
2273
1617
8781
3175
3916
7161
48780
2571
78349
65514
27592
3634
3546
122882
134859
81786
46578
97938
1258
2288
52967
55253
52241
55276
51540
56152
56607
53894
53000
53123
55118
56805
54272
56788
55269
56782
54286
54513
54881
55052
56286
2936
5299
40614
31878
1028
3275
8874
3994
132800
757
111249
111505
94969
113064
114254
114459
128512
133771
4763
53953
127206
52579
110871
112550
161336
101285
7926
102469
56367
79132
7844
2924
7090
3996
25927
46664
1281
27773
63131
96832
96610
1197
1172
1211
3679
3111
8128
5198
1273
1957
5747
3811
4326
4262
4103
3632
2927
3089
2202
946
1935
1942
6983
1036
2920
26585
7022
3265
96728
95449
99114
99149
101525
97923
97921
97752
97304
96811
96588
95558
98154
95135
94931
98961
94959
78499
74458
77455
67255
74324
81845
81932
81591
78574
82459
81562
79242
82463
80489
80463
78039
74545
