78499
1
82463
79242
81932
81845
81591
81562
80489
80463
78574
78039
82459
74545
74324
67255
64957
7438
50068
8645
8128
6874
3111
3679
1172
1197
1211
1273
1957
5791
55280
3811
4103
4262
4326
5198
5464
5747
6539
55363
77455
134853
61240
61236
55069
55442
41997
52281
115617
69640
74458
46578
7458
68954
48394
79132
5299
68157
7161
4973
109374
105504
106696
41863
45028
45210
48774
46723
47423
47629
48516
48696
48738
49917
49824
2068
135518
44199
63131
1028
67997
3809
34162
4226
8972
34321
1732
118997
232
111624
46970
35836
44555
94777
6218
1265
47099
64969
55247
1079
8874
6350
93040
4018
6863
8928
31878
2959
109249
5608
48780
2692
1219
2529
4011
3949
47
62849
1704
66934
1089
4995
27773
1258
47465
60072
628
661
587
904
529
1059
1242
520
1250
70286
1259
1358
357
5909
40148
4911
4467
1376
2968
1517
1635
1639
377
246
296
31658
1256
1729
1955
2288
3546
5662
6287
6713
8188
27592
30745
52885
337
1131
58559
5618
5
186
215
7478
236
4388
1801
300
6016
1199
1954
1956
4823
4890
5135
5349
5377
5481
150
5812
6281
6953
8636
65514
2361
100365
45950
88125
107649
3703
37729
44191
35957
1900
106473
3676
5449
78349
106918
4701
4641
4369
2700
8369
130682
3030
2004
6985
107999
2012
2085
2542
8623
2369
778
3052
4351
3113
32892
3114
3260
3361
2174
3751
3785
3893
117533
3978
4016
2396
104
1080
48711
4223
4638
5064
5602
7347
8781
36401
741
924
1274
2019
69712
69526
2571
68319
2924
66097
63992
60684
34405
27904
3265
8861
7373
5507
3996
4993
5902
5952
4121
4023
3994
1042
8528
61024
76251
78209
153
293
434
494
593
745
780
858
1036
1120
3916
1200
1291
1610
1617
2273
2329
2600
2985
2989
3160
3175
3499
3793
5219
6857
7022
52319
27611
104283
1061
80551
68358
72998
95441
97938
2082
104841
71057
82461
5445
54290
26614
40614
121231
109487
47640
5971
260
27255
2502
6986
247
6683
4612
4189
26662
132046
7090
50
7153
7844
8795
8961
26585
4069
33794
1721
122886
4721
7376
31221
32025
8865
2359
4322
6754
318
1176
1210
3301
2424
3948
3300
3275
3257
8464
2641
111
599
1088
96832
98961
98154
97923
97921
97752
97673
97304
96811
94969
96728
96610
96588
96417
95761
95558
95449
99114
99149
101285
101525
107141
106920
106916
106766
106100
105355
105197
103688
103624
103449
103372
103107
102469
102194
101895
95135
94959
110871
72226
82313
81786
78653
73023
72741
72720
72395
72176
94931
72131
72011
71745
71464
71108
1997
69481
83976
85394
86320
86833
91077
90866
90531
90439
90376
90057
89804
89759
89492
89470
89260
88810
88235
88129
87304
107636
111249
67429
139642
144172
143385
142488
141749
140725
140715
140174
139385
132547
137337
134881
134859
134130
133771
133645
132800
146656
148482
148626
155064
111931
111384
82152
66203
47044
138610
164979
164977
163949
163056
161582
161336
160954
158783
156387
132549
132458
111251
112556
115139
114662
114459
114342
114254
113064
112852
112552
131796
112550
112515
112290
112183
112070
111622
111505
115569
115713
116161
116797
128606
128512
128360
128235
127212
127206
127144
127114
127108
123695
123663
122882
118880
118700
117176
67665
70293
67087
3384
3671
3634
3632
3629
3539
3498
3415
3246
3789
3089
3022
2936
2927
2920
2857
2747
3742
3947
2677
6229
6983
6981
6830
6783
6643
6515
6433
5956
4327
5795
5289
5169
4928
4763
4712
4437
2730
2330
7243
7155
588
541
364
319
306
53318
39421
5984
757
3707
3176
59725
45720
8533
6942
2942
146501
914
2202
1283
2182
2178
2109
2028
1942
1935
1572
1281
946
1272
1260
1245
1232
1209
1153
954
7195
339
7335
34517
38304
39183
40629
40819
41585
42217
46664
47274
61323
64620
64614
52579
63876
53953
63082
55063
55946
56015
61357
57669
58191
58879
60069
37741
60766
31770
8751
8195
8236
66665
64622
8494
8154
8125
64839
64701
8584
7926
25805
26366
26151
26150
25927
7792
8207
8767
8766
8765
56788
56805
56607
56286
56152
55276
56782
54513
55269
55253
55118
55052
54881
54286
54272
53894
53123
53000
52967
52241
51540
26554
37733
5782
608
55820
2997
56367
350
4041
52973
1103
7361
3882
4306
