628
608
350
1103
4041
52973
3809
55820
37733
3882
1079
4973
8928
109249
46578
109374
1732
2004
1954
3052
2700
2396
2692
2012
1956
2369
3113
2085
599
3785
3114
4369
5349
5135
4890
4823
4701
4641
4351
3260
4306
4016
3978
3893
3751
3361
1801
1376
1639
27592
186
67997
58559
52885
31658
30745
27773
8188
1635
6713
6287
5662
3546
2529
2288
1729
215
236
246
300
1517
5481
1358
1259
1250
1242
1059
904
661
587
529
520
377
357
337
5377
6953
5812
306
914
757
146501
588
541
364
319
53318
954
39421
7155
5984
3707
3176
64969
63131
946
1153
45720
1281
2109
2028
1957
1942
1935
1572
1283
1273
1172
1272
1260
1245
1232
1211
1209
1197
59725
8533
6281
3676
1900
94777
78349
8369
106918
55247
5449
106473
117533
44191
107649
88125
68954
65514
8636
1219
2361
1
6942
77455
6863
2942
1997
1088
1028
4322
78499
62849
778
60072
47099
40148
6016
5608
2959
2542
1256
118997
1089
3257
7373
5507
5219
4069
3301
3300
3275
2641
1080
2359
1061
80551
2082
104841
69640
8972
8861
27904
34405
48394
5618
3030
44555
7361
6985
47640
46970
71057
69712
69526
68157
66934
66097
63992
60684
7458
5445
52319
5909
4467
2968
1199
130682
111624
2174
150
100365
45950
37729
35957
34162
32892
7478
1955
4911
47465
121231
296
48780
4995
4226
1704
1258
27255
6986
6683
4612
4189
48711
74458
64957
1131
4388
5971
82461
104283
3948
1265
1176
318
232
50
47
35836
32025
31221
7376
4721
1721
33794
31878
26585
2424
4018
8961
5299
247
111
40614
54290
2182
106696
97938
95441
93040
68358
56367
34321
26662
26614
8464
26554
8874
6754
741
3793
1610
1200
1120
1042
858
593
78209
76251
61024
8528
2502
104
36401
8865
4121
924
8795
1274
7844
7153
7090
7022
6857
6539
6350
5952
5902
5782
4993
3996
3265
2997
2924
2178
339
2202
106920
97921
97752
97673
97304
96832
96811
96728
96610
96588
96417
95761
95558
95449
95135
94969
94959
94931
97923
98154
98961
103449
106766
106100
105504
105355
105197
103688
103624
103372
99114
103107
102469
102194
101895
101525
101285
99149
91077
90866
90531
78574
81786
81591
81562
80489
80463
79242
78653
78039
81932
74545
74324
73023
72741
72720
72395
72226
2330
82313
90439
88810
90376
90057
89804
89759
89492
89470
89260
88235
82459
88129
87304
86833
86320
85394
83976
82463
106916
107141
72131
107636
143385
142488
141749
140725
140715
140174
139642
139385
137337
134881
134859
134130
133771
133645
132800
132549
132547
144172
146656
148482
164977
111931
111384
82152
66203
47044
138610
164979
163949
148626
163056
161582
161336
160954
158783
156387
155064
132458
131796
128606
112515
114342
114254
113064
112852
112556
112552
112550
112290
114662
112183
112070
111622
111505
111251
111249
110871
114459
115139
128512
123695
128360
128235
127212
127206
127144
127114
127108
123663
115569
122882
118880
118700
117176
116797
116161
115713
72176
81845
72011
46723
5289
5464
5747
48516
47629
47423
47274
46664
5198
45210
45028
42217
41997
41863
41585
5791
48696
5169
40629
4327
51540
3789
3811
3947
4103
4262
4326
4437
48738
4712
50068
4763
49917
49824
48774
4928
40819
39183
3679
7195
8128
8125
7926
7792
7438
7335
7243
6983
8195
6981
6874
6830
6783
6643
6515
6433
8154
8207
38304
25805
37741
34517
31770
26366
26151
26150
25927
5795
8236
8767
8766
8765
8751
8645
8584
8494
5956
3742
3671
60766
61357
61323
2747
61240
2857
61236
2920
60069
56286
58879
58191
57669
56805
56788
56782
2927
63082
63876
64614
2730
71745
71464
71108
70293
69481
67665
67429
67255
67087
66665
64839
2677
64701
64622
64620
3634
56607
56152
53953
53123
53000
2936
3022
52967
52579
52281
3089
3111
3246
3384
3415
3498
3539
3629
52241
3632
56015
53894
6229
55363
54272
54286
54513
54881
55052
55063
55069
55118
55946
55442
55253
55269
55276
55280
79132
115617
72998
70286
3703
135518
2571
134853
68319
109487
27611
107999
122886
2068
132046
2019
1210
293
6218
7161
3949
4011
1291
5064
745
5
8623
260
3994
1036
44199
2600
153
2329
434
494
780
8781
3160
3175
2985
5602
2273
4638
4223
4023
2989
1617
3916
3499
7347
