1265
5198
3811
1273
3111
1211
3679
1957
1172
1197
4103
4262
4326
5747
8128
3809
5299
4973
5971
6218
79132
111624
60684
55247
34321
8874
2068
118997
35836
31878
63131
109374
7161
115617
6539
6942
46970
94777
56367
64969
6350
4018
6863
66934
1358
67997
58559
520
587
628
5
31658
30745
52885
186
1259
215
236
246
661
337
904
1250
1242
350
357
1059
377
529
300
1256
27773
40614
8464
26614
26662
27611
46578
68358
72998
93040
95441
97938
106696
109249
134853
54290
111
27592
247
1079
1080
1089
1219
1517
1729
2288
2529
3546
5662
6287
6713
8188
1376
135518
1635
78349
2959
2542
778
1
117533
2361
1900
70286
88125
8369
106918
5449
3676
106473
44191
3703
5608
6016
40148
47099
5984
3707
3176
59725
45720
8533
2942
1997
1088
1028
4322
78499
77455
62849
60072
107649
68954
1639
2692
3785
3751
3361
3260
3114
3948
3052
2396
65514
2369
2085
2012
2004
1956
1954
1801
3893
3978
4016
4041
8636
6953
6281
5812
5481
5377
5349
5135
4890
4823
4701
4641
4369
4351
4306
3113
50
2424
8861
5507
5219
4069
3882
3301
3300
3275
3257
2641
2359
1732
1061
80551
2082
104841
69640
8972
7373
8928
5445
27904
82461
5618
3030
44555
7361
6985
47640
71057
69712
69526
68319
68157
66097
63992
48394
37733
34405
7458
608
132046
47465
4911
4467
2968
1199
130682
107999
8623
2174
150
100365
45950
37729
35957
34162
32892
7478
1955
5909
296
52319
4388
121231
109487
48780
4995
4226
1704
1258
260
27255
6986
6683
4612
4189
48711
74458
64957
1131
104283
6754
1210
7022
5952
5902
5782
4993
3996
3265
2997
2924
2571
2019
1274
924
741
44199
8781
7347
5602
6857
7090
4638
7153
1176
318
232
39421
47
32025
31221
7376
4721
122886
1721
33794
26585
26554
8961
8795
7844
5064
4223
8865
1042
858
780
745
593
494
434
293
153
78209
76251
61024
55820
52973
8528
1103
104
36401
1036
1120
4121
1200
4023
4011
3994
3949
3916
3793
3499
3175
3160
2989
2985
2600
2329
2273
1617
1610
1291
7155
599
53318
95449
96832
96811
96728
96610
96588
96417
95761
95558
95135
306
94969
94959
94931
91077
90866
90531
90439
90376
97304
97673
97752
97921
105355
105197
103688
103624
103449
103372
103107
102469
102194
101895
101525
101285
99149
99114
98961
98154
97923
90057
89804
89759
80463
78653
78574
78039
74545
74324
73023
72741
72720
72395
72226
72176
72131
72011
71745
71464
71108
70293
79242
80489
89492
81562
89470
89260
88810
88235
88129
87304
86833
86320
85394
83976
82463
82459
82313
81932
81845
81786
81591
105504
106100
106766
144172
142488
141749
140725
140715
140174
139642
139385
137337
134881
134859
134130
133771
133645
132800
132549
132547
132458
143385
146656
128606
148482
111931
111384
82152
66203
47044
138610
164979
164977
163949
163056
161582
161336
160954
158783
156387
155064
148626
131796
128512
106916
114342
113064
112852
112556
112552
112550
112515
112290
112183
112070
111622
111505
111251
111249
110871
107636
107141
106920
114254
114459
128360
114662
128235
127212
127206
127144
127114
127108
123695
123663
122882
118880
118700
117176
116797
116161
115713
115569
115139
69481
67665
67429
4928
6433
6229
5956
5795
5791
5464
5289
5169
4763
67255
4712
4437
4327
3947
3789
3742
3671
3634
6515
6643
6783
6830
8645
8584
8494
8236
8207
8195
8154
8125
7926
7792
7438
7335
7243
7195
6983
6981
6874
3632
3629
3539
1935
1283
1281
1272
1260
1245
1232
1209
1153
954
946
914
757
146501
588
541
364
319
1572
1942
3498
2028
3415
3384
3246
3089
3022
2936
2927
2920
2857
2747
2730
2677
2330
2202
2182
2178
2109
8751
8765
8766
55276
56607
56286
56152
56015
55946
55442
55363
55280
55269
8767
55253
55118
55069
55063
55052
54881
54513
54286
56782
56788
56805
57669
67087
66665
64839
64701
64622
64620
64614
63876
63082
61357
61323
61240
61236
60766
60069
58879
58191
54272
53953
53894
38304
42217
41997
41863
41585
40819
40629
39183
37741
53123
34517
31770
26366
26151
26150
25927
25805
45028
45210
46664
46723
53000
52967
52579
52281
52241
51540
50068
49917
339
49824
48774
48738
48696
48516
47629
47423
47274
2502
2700
