5464
55280
50068
5791
6874
8645
7438
55363
55442
55069
61240
61236
153
4223
2329
2600
8781
7347
5602
2985
4638
4023
780
494
3916
3499
3175
434
1617
3160
2989
2273
4011
41997
52281
1089
296
5952
7153
44199
1036
68954
2542
3994
48394
4993
8795
745
40148
3260
3978
5902
62849
1291
5064
68157
3949
2019
924
6218
4226
293
48780
2529
74458
2959
4995
2692
27773
47
79132
529
118997
1080
661
247
111
40614
54290
134853
6287
115617
520
109374
109249
106696
5662
97938
95441
93040
3546
6713
8188
27592
215
377
357
587
2288
350
337
300
246
186
30745
1256
5
67997
58559
52885
31658
628
1219
236
135518
904
77455
47099
6016
5608
1
117533
2361
1900
94777
78349
70286
8369
106918
55247
5449
3676
106473
44191
60072
78499
107649
4322
53318
39421
7155
5984
3707
3176
64969
63131
59725
45720
8533
6942
6863
2942
1997
1088
1028
3703
88125
1059
3751
3114
3113
2396
2369
2085
2012
2004
1956
1954
1801
1639
1635
1517
1376
1259
1250
1242
3361
3785
65514
3893
8636
6953
6281
5812
5481
5377
5349
5135
4890
4823
4701
4641
4369
4351
4306
4041
4016
1358
50
72998
5507
4069
3882
3809
3301
3300
3275
3257
2641
2359
1061
80551
2082
104841
69640
8972
5219
7373
68358
8861
6985
47640
46970
71057
69712
69526
68319
66934
66097
63992
60684
37733
34405
27904
8928
7458
608
52319
121231
1199
130682
111624
107999
8623
2174
150
100365
45950
37729
35957
34162
32892
7478
1955
2968
4467
4911
6683
109487
1704
1258
260
27255
6986
4612
5909
4189
48711
64957
1131
4388
47465
7361
44555
3030
7090
232
319
35836
32025
31221
7376
4721
122886
1721
33794
31878
26585
26554
8961
8874
318
1176
1210
8464
56367
46578
34321
27611
26662
26614
7161
1265
5299
4973
4018
3948
2424
2068
7844
7022
5618
6857
78209
76251
61024
55820
52973
2502
1103
104
36401
8865
6754
132046
104283
82461
5971
593
858
1042
2924
6539
6350
5782
3996
3265
2997
2571
1120
1274
741
4121
3793
1610
1200
306
599
364
95135
96811
96728
96610
96588
96417
95761
95558
95449
94969
105504
94959
94931
91077
90866
90531
90439
90376
90057
96832
97304
97673
97752
105197
103688
103624
103449
103372
103107
102469
102194
101895
101525
101285
99149
99114
98961
98154
97923
97921
89804
89759
89492
79242
78574
78039
74545
74324
73023
72741
72720
72395
72226
72176
72131
72011
71745
71464
71108
70293
69481
78653
80463
89470
80489
89260
88810
88235
88129
87304
86833
86320
85394
83976
82463
82459
82313
81932
81845
81786
81591
81562
105355
106100
67429
134881
142488
141749
140725
140715
140174
139642
139385
137337
134859
106766
134130
133771
133645
132800
132549
132547
132458
131796
143385
144172
146656
148482
111931
111384
82152
66203
47044
138610
164979
164977
163949
163056
161582
161336
160954
158783
156387
155064
148626
128606
128512
128360
114254
112852
112556
112552
112550
112515
112290
112183
112070
111622
111505
111251
111249
110871
107636
107141
106920
106916
113064
114342
128235
114459
127212
127206
127144
127114
127108
123695
123663
122882
118880
118700
117176
116797
116161
115713
115569
115139
114662
541
67665
67255
5169
4763
4712
4437
4327
4326
4262
4103
3947
3811
3789
3742
3679
3671
3634
3632
3629
3539
4928
5198
3415
5289
67087
7926
7792
7335
7243
7195
6983
6981
6830
6783
6643
6515
6433
6229
5956
5795
5747
3498
3384
8154
1572
1281
1273
1272
1260
1245
1232
1211
1209
1197
1172
1153
954
946
914
757
146501
588
1283
1935
3246
1942
3111
3089
3022
2936
2927
2920
2857
2747
2730
2677
2330
2202
2182
2178
2109
2028
1957
8128
8125
8195
54881
56015
55946
55276
55269
55253
55118
55063
55052
54513
8207
54286
54272
53953
53894
53123
53000
52967
52579
56152
56286
56607
56782
66665
64839
64701
64622
64620
64614
63876
63082
61357
61323
60766
60069
58879
58191
57669
56805
56788
52241
339
40629
26366
40819
51540
39183
38304
37741
34517
31770
26151
8765
26150
25927
25805
8767
8494
8584
8751
41585
41863
42217
47629
49917
49824
48774
48738
48696
45028
48516
47423
47274
46723
8236
46664
45210
8766
1732
1079
1729
778
8528
2700
3052
5445
