2985
4223
4023
5602
3916
7347
8781
3499
3175
3160
2989
4638
2600
2329
2273
1617
780
494
434
153
44199
1036
3994
339
587
150
745
1291
5064
4011
3949
293
6218
3114
1042
1120
1200
1610
4121
593
858
3793
306
319
364
1245
2677
2330
3246
4041
377
350
5
1103
52973
588
8623
608
7161
2028
215
55820
3882
37733
1639
2012
2004
1956
1954
1801
3275
1635
1376
1358
1259
1250
1242
1517
2085
904
3361
100365
4016
3978
3893
3785
3751
3260
2369
2174
3113
3052
2700
2692
2396
1059
520
661
1080
2529
2288
1729
1256
1219
1089
1079
628
247
111
40614
54290
134853
118997
3546
5662
6287
6713
8188
27592
27773
30745
31658
52885
58559
67997
130682
246
111624
107999
4351
4306
4701
4369
4322
2942
1997
1088
1028
35957
37729
78499
6942
77455
62849
60072
47099
40148
6016
6863
8533
4641
7155
541
1955
7478
32892
53318
39421
5984
45720
34162
3707
3176
64969
63131
59725
5608
45950
2959
5812
88125
68954
65514
8636
6953
6281
5481
2542
5377
5349
5135
4890
4823
109374
107649
3703
44191
106473
3676
5449
55247
106918
8369
70286
78349
94777
1900
2361
117533
1
778
115617
97938
109249
2359
69640
104841
2082
80551
1061
1732
78209
7458
76251
61024
2641
8528
2502
3257
8972
5445
106696
1258
4189
4612
6683
6986
27255
260
1704
52319
4226
4995
48780
79132
109487
121231
104
36401
8865
8928
66097
63992
60684
48394
34405
27904
8861
6754
7373
5507
5219
4069
3809
3301
66934
68157
68319
69526
69712
71057
46970
47640
6985
7361
44555
3030
5618
5971
82461
104283
132046
48711
74458
64957
47
1265
1210
1176
318
232
50
35836
31878
32025
31221
146501
4721
122886
1721
2068
3948
4018
4973
5299
8464
26614
26662
27611
34321
46578
56367
68358
72998
93040
95441
3300
33794
26585
1131
1199
2924
2571
2019
1274
924
741
2968
26554
4467
4911
5909
47465
296
4388
2997
3265
3996
4993
5782
5902
5952
6350
6539
6857
7022
7090
7153
7844
8795
8874
8961
7376
135518
757
94959
96610
96588
96417
95761
95558
95449
95135
94969
94931
96811
91077
90866
90531
90439
90376
90057
89804
89759
96728
96832
66665
101525
103688
103624
103449
103372
103107
102469
102194
101895
101285
97304
99149
99114
98961
98154
97923
97921
97752
97673
89492
89470
89260
72131
74545
74324
73023
72741
72720
72395
72226
72176
72011
88810
71745
71464
71108
70293
69481
67665
67429
67255
78039
78574
78653
79242
88235
88129
87304
86833
86320
85394
83976
82463
82459
82313
81932
81845
81786
81591
81562
80489
80463
105197
105355
105504
134881
142488
141749
140725
140715
140174
139642
139385
137337
134859
128512
134130
133771
133645
132800
132549
132547
132458
131796
143385
144172
146656
148482
111931
111384
82152
66203
47044
138610
164979
164977
163949
163056
161582
161336
160954
158783
156387
155064
148626
128606
128360
106100
111622
112852
112556
112552
112550
112515
112290
112183
112070
111505
128235
111251
111249
110871
107636
107141
106920
106916
106766
113064
114254
114342
114459
127212
127206
127144
127114
127108
123695
123663
122882
118880
118700
117176
116797
116161
115713
115569
115139
114662
67087
64839
914
5198
6433
6229
5956
5795
5791
5747
5464
5289
5169
6643
4928
4763
4712
4437
4327
4326
4262
4103
6515
6783
64701
8125
8645
8584
8494
8236
8207
8195
8154
8128
7926
6830
7792
7438
7335
7243
7195
6983
6981
6874
3947
3811
3789
1272
2109
1957
1942
1935
1572
1283
1281
1273
1260
3742
1232
1211
1209
1197
1172
1153
954
946
2178
2182
2202
2730
3679
3671
3634
3632
3629
3539
3498
3415
3384
3111
3089
3022
2936
2927
2920
2857
2747
8751
8765
8766
55069
55946
55442
55363
55280
55276
55269
55253
55118
55063
8767
55052
54881
54513
54286
54272
53953
53894
53123
56015
56152
56286
56607
64622
64620
64614
63876
63082
61357
61323
61240
61236
60766
60069
58879
58191
57669
56805
56788
56782
53000
52967
52579
52281
41997
41863
41585
40819
40629
39183
38304
37741
34517
31770
26366
26151
26150
25927
25805
42217
45028
47629
48516
52241
51540
50068
49917
49824
48774
48738
48696
599
47423
47274
46723
46664
45210
2424
186
529
236
357
300
337
