2542
1089
2959
296
1729
778
47
2692
4226
26614
50
608
318
1079
5608
1103
52973
350
4041
62849
48780
68157
40148
1219
2529
1732
3809
27773
55820
1704
1258
3361
37733
3882
88125
2288
94777
4973
4995
27592
8928
4011
111384
46578
109374
121231
109249
130682
79132
48394
1061
1997
66097
109487
293
3114
337
3260
3052
3113
3785
2700
52885
31658
529
357
377
2369
3893
3978
4016
30745
4306
4351
4369
4641
4701
4823
2396
661
2085
2012
1059
1242
1250
246
1259
4890
1358
236
628
1376
1517
1635
1639
1801
300
215
1954
587
520
1956
186
2004
5
67997
904
58559
599
5135
319
914
757
146501
588
541
364
306
954
53318
39421
7155
5984
3707
3176
946
1153
63131
1273
1957
1942
1935
1572
1283
1281
1272
1172
1260
1245
1232
1211
1209
1197
64969
59725
5349
68954
106918
55247
5449
3676
106473
107649
65514
78349
8636
6953
6281
5812
5481
5377
8369
1900
45720
4322
8533
6942
6863
2942
1088
1028
78499
2361
77455
60072
47099
6016
1
117533
44191
97938
8188
5219
60684
34405
27904
8861
7373
5507
4069
66934
3301
3300
3275
3257
2641
2359
63992
69526
6713
5618
36401
8865
6754
104283
82461
5971
3030
69712
44555
7361
6985
47640
46970
71057
80551
2082
104841
100365
2968
1199
111624
8623
2174
150
45950
69640
37729
35957
34162
32892
7478
1955
4467
4911
5909
47465
4388
1131
64957
48711
4189
4612
6683
6986
27255
52319
5445
7458
8972
104
2502
8528
1176
8464
7161
5299
3948
2424
1265
232
31878
35836
32025
31221
7376
4721
1721
26662
34321
56367
68358
93040
95441
2109
106696
118997
54290
111
247
1080
1256
3546
5662
6287
33794
26585
61024
1610
2924
1274
924
741
4121
3793
1200
26554
1120
1042
858
593
78209
76251
2997
3265
3996
4993
5782
5902
5952
6350
6539
6857
7022
7090
7153
7844
8795
8874
8961
2028
339
2178
90531
97752
97673
97304
96832
96811
96728
96610
96588
96417
95761
95558
95449
95135
94969
94959
94931
91077
97921
97923
98154
103372
106100
105504
105355
105197
103688
103624
103449
103107
98961
102469
102194
101895
101525
101285
99149
99114
90866
90439
71745
90376
81591
81562
2182
80463
79242
78653
78574
78039
74545
74324
73023
72741
72720
72395
72226
72176
72131
81786
81845
81932
88235
90057
89804
89759
89492
89470
89260
88810
88129
82313
87304
86833
86320
85394
83976
82463
82459
106766
106916
106920
107141
142488
141749
140725
140715
140174
139642
139385
137337
134881
134859
134130
133771
133645
132800
132549
132547
132458
143385
144172
146656
163949
111931
82152
66203
47044
138610
164979
164977
163056
148482
161582
161336
160954
158783
156387
155064
148626
131796
128606
128512
112290
114254
113064
112852
112556
112552
112550
112515
112183
114459
112070
111622
111505
111251
111249
110871
107636
114342
114662
128360
123663
128235
127212
127206
127144
127114
127108
123695
122882
115139
118880
118700
117176
116797
116161
115713
115569
72011
80489
47629
46664
48516
5464
71464
5747
47423
47274
46723
45210
5198
45028
42217
41997
41863
41585
5791
40819
5289
48696
6433
4437
3789
3811
3947
4103
4262
4326
4327
50068
5169
4712
49917
49824
48774
4763
48738
4928
40629
39183
38304
7335
8195
8154
8128
8125
7926
7792
7438
7243
37741
7195
6983
6981
6874
6830
6783
6643
6229
8207
8236
8494
34517
31770
26366
26151
26150
25927
25805
8767
5795
8766
5956
8765
8751
8645
8584
3742
51540
3679
60766
63082
2857
61357
2920
61323
61240
61236
60069
56286
58879
58191
57669
56805
56788
2927
56782
63876
2747
64614
64620
2202
71108
2330
70293
69481
2677
67665
67429
67255
67087
2730
66665
64839
64701
64622
56607
56152
3671
3384
3022
53000
52967
52579
3089
3111
3246
3415
56015
3498
3539
3629
52281
3632
52241
3634
2936
53123
53894
53953
55946
55442
55363
55280
55276
55269
55253
55118
55069
55063
55052
54881
54513
54286
54272
6515
115617
70286
2571
135518
134853
68319
27611
107999
122886
2068
132046
74458
2019
3949
1210
4018
72998
3703
6218
5064
1291
745
1036
40614
44199
3751
260
8781
7347
5602
3994
4638
2329
153
434
494
780
1617
2273
2600
4223
2985
2989
3160
3175
3499
4023
3916
