1245
2330
319
364
3246
588
2677
306
293
296
1
318
2028
215
78499
60072
50
26614
134853
778
1729
3361
115617
1089
68157
1200
300
337
357
1610
4121
1120
1042
858
593
377
2959
111384
2542
121231
1079
1061
3793
27773
1732
1358
1259
1250
53318
1242
1059
904
661
628
1639
1376
1517
1635
529
1801
1954
1956
2004
2012
2085
2369
2396
1153
587
236
520
350
118997
1232
54290
40614
111
247
1080
1219
1256
1211
2288
2529
3546
5662
6287
6713
8188
27592
30745
1209
31658
1197
52885
58559
67997
5
186
1172
2700
2692
3114
3052
3113
77455
62849
757
47099
40148
6016
5608
914
946
117533
2361
1900
94777
78349
70286
146501
4322
1028
63131
7155
5984
541
3707
3176
64969
59725
1088
45720
8533
6942
6863
2942
1997
8369
106918
55247
4016
4701
109374
4369
4351
4306
4041
3978
4890
3893
3785
3751
954
3260
39421
4823
5135
5449
68954
3676
106473
44191
3703
107649
88125
65514
5349
8636
6953
6281
5812
5481
5377
4641
135518
109249
2359
3882
3809
3301
3300
3275
3257
2641
80551
5219
2082
104841
69640
8972
7458
5445
608
4069
5507
106696
66097
47640
46970
71057
69712
69526
68319
66934
63992
7373
60684
48394
37733
34405
27904
8928
8861
52319
109487
79132
150
2968
1199
130682
111624
107999
8623
2174
100365
48780
45950
37729
35957
34162
32892
7478
1955
4467
4911
5909
47465
4995
4226
1704
1258
260
27255
6986
6683
4612
4189
48711
74458
64957
1131
4388
6985
7361
44555
7376
1210
1176
232
47
35836
32025
31221
4721
8795
122886
1721
33794
31878
26585
26554
8961
1265
2068
2424
3948
97938
95441
93040
72998
68358
56367
1260
34321
27611
26662
8464
7161
5299
4973
4018
8874
7844
3030
104
76251
61024
55820
52973
8528
2502
1103
36401
7153
8865
6754
132046
104283
82461
5971
5618
78209
741
924
1274
7090
7022
6857
6539
6350
5952
5902
5782
4993
3996
3265
2997
2924
2571
2019
46578
599
1272
90439
97673
97304
96832
96811
96728
96610
96588
96417
95761
95558
95449
95135
94969
94959
94931
91077
90866
97752
97921
97923
103107
105504
105355
105197
103688
103624
103449
103372
102469
98154
102194
101895
101525
101285
99149
99114
98961
90531
90376
106766
90057
81562
80489
80463
79242
1273
78574
78039
74545
74324
73023
72741
72720
72395
72226
72176
72131
72011
81591
81786
81845
88129
89804
89759
89492
89470
89260
88810
88235
87304
81932
86833
86320
85394
83976
82463
82459
82313
106100
106916
71464
128606
142488
141749
140725
140715
140174
139642
139385
137337
134881
134859
134130
133771
133645
132800
132549
132547
132458
143385
144172
146656
163949
111931
82152
66203
47044
138610
164979
164977
163056
148482
161582
161336
160954
158783
156387
155064
148626
131796
128512
106920
128360
114254
113064
112852
112556
112552
112550
112515
112290
112183
112070
111622
111505
111251
111249
110871
107636
107141
114342
114459
114662
123663
128235
127212
127206
127144
127114
127108
123695
122882
115139
118880
118700
117176
116797
116161
115713
115569
71745
78653
71108
70293
8236
8207
8195
8154
8128
8125
7926
7792
7438
7335
7243
7195
6983
6981
6874
6830
6783
6643
6515
6433
6229
8494
8584
8645
37741
45028
42217
41997
41863
41585
40819
40629
39183
38304
34517
8751
31770
26366
26151
26150
25927
25805
8767
8766
8765
5956
5795
5791
2730
3384
3111
3089
3022
2936
2927
2920
2857
2747
2202
3498
2182
2178
2109
1957
1942
1935
1572
1283
1281
3415
3539
5747
4326
5464
5289
5198
5169
4928
4763
4712
4437
4327
4262
3629
4103
3947
3811
3789
3742
3679
3671
3634
3632
45210
46664
46723
55276
56782
56607
56286
56152
56015
55946
55442
55363
55280
55269
56805
55253
55118
55069
55063
55052
54881
54513
54286
54272
56788
57669
47274
64620
69481
67665
67429
67255
67087
66665
64839
64701
64622
64614
58191
63876
63082
61357
61323
61240
61236
60766
60069
58879
53953
53894
53123
52281
47423
47629
48516
48696
48738
48774
49824
49917
50068
51540
52241
53000
339
52967
52579
6218
3949
4011
5064
1291
745
3994
1036
44199
434
7347
780
153
8781
5602
494
4638
4223
1617
2273
2329
2600
4023
2989
3160
3175
3499
3916
2985
246
