1274
104283
741
6857
52885
2959
745
50
1957
4993
1273
8795
1211
26614
2692
2700
3751
1197
1172
1
3111
8128
4326
3679
5198
4262
4103
3811
5747
318
106473
2571
1729
778
78499
4226
3114
2019
1079
5608
26662
5952
7153
107999
4011
48780
2542
3949
5618
293
6350
134853
4018
2329
780
2989
3160
3175
3499
494
153
3916
8781
4023
2600
434
4638
1617
2985
5602
7347
4223
2273
1219
2529
3703
3361
79132
132046
2396
4327
914
3052
4306
8154
3789
1376
1242
661
2857
1080
2997
1209
2012
1199
47
62849
1704
3634
27773
44199
115617
1732
599
74458
4467
5782
94777
1036
111384
3994
4995
7361
26554
121231
27611
109487
93040
4890
1291
5064
2968
1061
44191
135518
1258
608
109249
70286
72998
1089
8928
60684
46578
6218
6287
6713
58559
5662
27592
110871
30745
31658
3546
8188
90057
5
186
236
246
300
337
350
357
377
520
529
587
628
107141
111249
111505
2288
112550
31221
32025
114342
114254
232
113064
1176
3948
112852
8464
112556
112552
68358
111251
112515
95441
97938
112290
112183
54290
40614
111
247
111622
1059
1256
904
1358
106920
1259
5349
5377
5481
5812
6281
6953
8636
65514
68954
88125
107649
102469
102194
101895
3676
5449
106918
8369
78349
101525
1900
2361
117533
101285
99149
99114
98961
5135
103107
89804
105504
4721
106916
1517
1635
1639
1801
1954
1956
2004
106766
2369
106100
105355
4701
105197
3113
103688
103624
103449
3785
3893
4041
103372
4351
4369
4641
7376
114459
1721
69526
161582
161336
160954
52319
5445
7458
8972
69640
104841
2082
80551
158783
156387
2641
3257
3275
3300
3301
3882
4069
5219
5507
7373
8861
27904
37733
63992
163056
163949
27255
82152
1955
7478
32892
34162
35957
37729
45950
100365
2174
8623
111931
130682
66203
6986
47044
4911
5909
47465
4388
1131
64957
138610
48711
4189
4612
6683
66097
69712
26585
71057
133771
133645
132800
132547
128606
128512
128360
127206
127114
122882
118880
2924
118700
3265
3996
117176
116797
116161
115713
115569
7022
7090
115139
7844
114662
8961
6016
134130
134859
134881
1103
47640
6985
155064
44555
3030
148626
82461
146656
6754
8865
36401
104
2502
137337
8528
52973
55820
61024
76251
78209
144172
143385
142488
141749
140174
139385
98154
4823
40148
56286
48696
48738
48774
49824
49917
50068
51540
52241
52579
52967
53000
53123
53894
53953
54272
54286
54513
54881
55052
55063
55069
55118
55253
55269
55276
55280
55363
55442
56015
48516
47629
47423
26366
8195
8207
8236
8494
8645
8751
8765
8766
8767
25805
25927
26150
26151
31770
47274
47099
37741
38304
39183
40629
40819
41585
41863
42217
45028
45210
46664
46723
56152
56607
90439
56782
72720
73023
74324
74545
78039
78574
78653
79242
80463
80489
81562
81591
81786
81845
81932
82459
82463
83976
85394
86320
86833
87304
88129
88235
88810
89260
89470
89492
89759
72395
72226
72131
64614
56788
56805
57669
58191
58879
60069
60766
61236
61240
61323
61357
63082
63876
64620
72011
64622
64701
64839
66665
67087
67255
67429
67665
69481
70293
71108
71464
71745
90376
339
95135
95558
2920
2927
3176
3089
96417
3384
3415
3498
3632
95761
3671
3742
4928
95449
59725
45720
8533
3947
94969
94959
94931
91077
4437
4712
96588
3707
2730
5984
757
97752
946
1153
97673
97304
96832
96811
1232
1260
1272
96728
1572
1935
1942
53318
96610
39421
2109
2178
2182
2202
7155
4763
146501
5956
1997
6874
4322
5791
97921
5795
7926
7792
6229
6433
6515
77455
7438
6830
6643
6783
6981
1088
90531
7195
5464
7335
60072
2942
5289
5169
90866
6983
97923
109374
6863
64969
56367
2424
46970
3809
7161
66934
63131
31878
35836
4973
8874
34405
34321
55247
111624
68319
6539
3793
296
5971
68157
5299
2068
118997
122886
48394
106696
1250
1042
1120
1200
1610
858
4121
593
6942
2936
41997
52281
215
67997
33794
8125
541
3022
954
3978
5902
3260
1281
127108
150
7243
3629
1283
364
319
306
588
3246
1245
2330
2677
1210
1028
924
164977
127212
132549
132458
131796
128235
123695
127144
140715
123663
112070
8584
139642
82313
164979
140725
107636
3539
148482
55946
2747
2359
4016
72176
72741
34517
1265
260
2028
2085
