5952
7153
8795
4993
79132
4226
924
3260
3978
5902
2571
72998
2959
2019
132046
5608
48780
74458
4011
31658
5618
2529
27611
70286
33794
3949
1704
1219
3994
135518
62849
26662
47
40614
778
1729
1210
4995
60684
109487
2692
27773
6350
74324
80463
80489
81562
81591
81845
74545
82463
82459
78574
78039
81932
67255
79242
5971
34405
1274
104283
52885
741
6857
2542
2329
2273
4306
1617
2600
2985
2989
780
3160
494
3175
3499
3916
153
434
4223
4638
5602
7347
8781
4023
1258
1089
1079
3030
247
296
1176
78499
260
44199
107999
1036
77455
94777
745
1732
1291
5064
106473
1265
293
2369
246
1059
1172
904
661
628
300
587
2085
236
1242
529
520
215
186
5
357
377
67997
2004
1153
2396
1517
946
1954
914
1801
954
146501
1639
1635
350
1209
1956
1376
1358
1259
1250
757
2012
1197
337
1997
588
6281
8636
68954
88125
107649
3703
44191
3676
5449
55247
106918
8369
78349
1900
2361
117533
1
3176
59725
6016
40148
47099
60072
45720
8533
6942
2942
4322
6953
5812
541
5481
364
319
306
53318
1088
3052
3113
3114
39421
3361
3751
3785
3893
7155
4016
4041
4351
4369
4641
4701
4823
5984
4890
3707
5135
5349
5377
2700
7376
30745
27592
608
5445
7458
8972
104841
2082
80551
1061
2359
2641
3257
3275
3300
3301
3809
3882
4069
5219
5507
7373
8861
8928
27904
37733
48394
63992
66097
52319
121231
27255
130682
1955
7478
32892
34162
35957
37729
45950
100365
150
2174
8623
111624
1199
6986
2968
4467
4911
5909
47465
4388
1131
64957
48711
4189
4612
6683
68157
68319
69526
97938
31221
32025
50
232
318
2424
3948
8464
26614
46578
68358
95441
109249
4721
109374
134853
54290
111
1080
1256
2288
3546
5662
6287
6713
8188
1232
122886
69712
52973
71057
47640
6985
44555
82461
6754
8865
36401
104
1103
2502
8528
55820
1721
76251
78209
593
858
1042
1120
1200
1610
3793
4121
8961
26585
1211
599
1245
96728
97923
97921
97752
97673
97304
96832
96811
96610
98961
96588
96417
95761
95558
95449
95135
94969
98154
99114
107636
103624
106920
106916
106766
106100
105355
105197
103688
103449
99149
103372
103107
102469
102194
101895
101525
101285
94959
94931
91077
72131
78653
73023
72741
72720
72395
72226
72176
72011
90866
71745
71464
71108
70293
69481
67665
67087
81786
82313
83976
85394
90531
90439
90376
90057
89804
89759
89492
89470
89260
88810
88235
88129
87304
86833
86320
107141
110871
1260
139385
143385
142488
141749
140725
140715
140174
139642
137337
146656
134881
134859
134130
133771
133645
132800
132549
144172
148482
111249
164977
111931
111384
82152
66203
47044
138610
164979
163949
148626
163056
161582
161336
160954
158783
156387
155064
132547
132458
131796
112552
114662
114459
114342
114254
113064
112852
112556
112550
128606
112515
112290
112183
112070
111622
111505
111251
115139
115569
115713
116161
128512
128360
128235
127212
127206
127144
127114
127108
123695
123663
122882
118880
118700
117176
116797
66665
339
31770
8125
8645
8584
8494
8236
8207
8195
8154
8128
7926
46664
7792
7438
7335
7243
7195
6983
6981
6874
8751
8765
8766
8767
45028
42217
41997
2857
41585
40819
40629
39183
38304
37741
34517
2730
26366
26151
26150
25927
25805
6830
6783
6643
3947
3789
3742
3679
3671
3634
3632
3629
3539
3498
3415
3384
3246
3111
3089
3022
2936
2927
3811
4103
6515
4262
6433
6229
5956
5795
5791
5747
5464
5289
5198
5169
4928
4763
4712
4437
4327
2747
4326
45210
41863
46723
55069
55253
55269
55276
55280
55363
55442
47274
55946
56015
56152
56286
56607
56782
56788
56805
2182
2178
2109
2028
1957
1942
1935
1572
1283
1281
1273
1272
55118
2202
2330
50068
53123
53000
52967
52579
52281
52241
51540
49917
53894
49824
48774
48738
48696
48516
47629
47423
2677
2920
54513
53953
54272
55052
54286
54881
6218
66934
6863
4018
64969
56367
46970
4973
65514
115617
7161
1028
63131
35836
118997
2068
3265
7022
8874
34321
106696
105504
93040
61024
26554
7844
3996
2924
7090
31878
5782
5299
2997
61240
61236
7361
60069
64701
60766
61323
61357
63082
63876
64614
64620
64622
64839
58879
58191
67429
57669
55063
58559
69640
6539
