3160
434
1617
7347
5602
2273
2329
2600
3175
4638
8781
780
494
4223
153
3499
4023
2989
2985
3916
1732
1704
44199
3246
319
1245
306
2677
588
364
2330
35836
46578
63131
4995
608
3949
3176
2082
52973
350
337
1103
2085
4041
34162
44191
318
745
6218
1036
296
2959
6942
3994
5299
293
53318
4011
1291
5064
1729
778
215
2396
1028
2028
55820
7155
5608
7161
1079
7361
2542
1199
2068
37733
3882
8874
1721
1089
1258
118997
115617
4973
56367
68157
4226
34321
67997
48516
49917
47423
49824
45028
45210
46723
41863
47629
48696
48738
48774
4890
1265
3361
60684
1219
3809
6539
46970
94777
2361
59725
1088
67087
69481
73023
72720
72395
72226
72131
72011
71745
1
66665
71108
70293
71464
78653
104
1639
628
3275
58559
6287
2502
5449
3114
61024
1997
64969
6016
6863
31878
47
2424
6350
2359
1176
78499
2942
4018
67665
55247
111384
44555
106696
52241
55052
56782
56607
56286
56152
55269
55253
55118
54286
54881
54513
56805
54272
53894
53123
53000
52967
51540
56788
55276
121231
47099
111624
8928
1061
27773
109249
39421
48780
111
2529
109374
66934
150
63992
134853
8861
63876
60766
60069
64839
58879
58191
57669
55063
63082
67429
61323
64614
61357
64620
64622
64701
62849
106473
74458
130682
2174
2692
112552
5812
5135
2004
5377
6281
2012
5349
6953
2700
4823
5445
8972
7458
3751
3785
3893
4016
65514
3113
3052
104841
4306
69640
4351
4369
4641
2369
52319
4701
27255
232
88125
107649
4911
40148
4467
60072
2968
107999
8623
77455
100365
37729
35957
4322
32892
7478
1955
5909
47465
4388
8369
3703
6986
6683
3676
4612
106918
78349
1131
4189
48711
1900
117533
1801
64957
1956
31658
80551
1635
8865
6754
8464
26662
104283
82461
5971
68358
95441
5618
3030
6985
47640
71057
69712
69526
97938
36401
8528
3948
7090
31221
7376
4721
122886
33794
26585
7844
7022
76251
6857
3996
3265
2924
1274
741
78209
68319
66097
34405
520
236
246
300
3257
2641
357
377
529
186
587
904
1242
1250
1259
1358
1376
3300
5
54290
5662
40614
1080
7373
1256
5507
2288
3546
5219
3301
6713
8188
27592
30745
32025
52885
4069
599
339
8533
94959
89260
134859
89470
134130
89492
89759
89804
90057
90376
90439
90531
90866
91077
94931
94969
88235
95135
95449
95558
95761
96417
96588
96610
96728
96811
96832
97304
97673
97752
97921
88810
134881
140725
81591
56015
140715
140174
67255
72176
132549
74324
74545
78039
78574
79242
80463
80489
81562
81786
137337
81845
81932
82313
82459
82463
45720
83976
139642
85394
86320
86833
87304
88129
139385
97923
98154
98961
118880
133645
113064
114254
132800
114342
114459
114662
115139
115569
115713
116161
116797
117176
118700
122882
99114
123663
123695
127108
127114
127144
127206
127212
128235
128360
128512
128606
131796
132458
132547
112852
112556
112550
112515
99149
101285
101525
101895
102194
102469
103107
103372
103449
103624
103688
105197
105355
133771
105504
106100
106766
106916
106920
107141
107636
110871
111249
111251
111505
111622
112070
112183
112290
55946
72741
141749
1272
2730
164979
2202
111931
2182
2178
2109
1942
5795
5956
1935
6229
164977
6433
6515
6643
1572
6783
6830
163949
6981
6983
1281
2747
5289
2857
3022
3539
3384
3632
66203
3634
3671
3089
3742
47044
3789
3947
82152
2936
2927
2920
4327
4437
4712
4763
4928
138610
5169
7195
7335
3415
163056
946
914
161336
160954
158783
156387
155064
41585
148626
42217
46664
47274
148482
757
146501
541
146656
5984
52579
53953
144172
143385
142488
954
34517
31770
1209
7792
7926
8125
1260
8154
8195
8207
1232
8236
8494
8584
26366
161582
8751
1153
8765
8766
8767
25805
25927
26150
26151
3498
1120
593
4121
1610
1200
1042
858
3629
7243
1283
260
1517
3111
50
8961
1172
1197
1211
8128
5198
1273
3811
3679
45950
1957
4103
5747
8636
4262
26614
1059
4326
247
93040
26554
109487
5782
1210
70286
2997
72998
3707
3793
135518
79132
27611
27904
37741
39183
40629
40819
38304
68954
48394
132046
661
5481
52281
41997
61236
61240
55069
55442
55363
6874
8645
5791
7438
5464
50068
55280
924
2571
1954
5902
3260
3978
2019
4993
8795
7153
5952
