587
296
318
150
2330
1245
2677
306
319
364
3246
588
3114
778
1729
2028
215
3361
1200
1610
1042
1120
357
4121
593
661
1028
858
1089
2424
68157
111384
2542
3793
121231
1079
1061
2959
106696
1732
118997
6539
27773
66934
2012
2085
3052
2369
2396
2692
4823
2700
2004
4701
3260
3113
2178
4641
3751
3785
3893
1956
4016
4369
4306
4351
3978
1517
1954
1801
6287
6713
8188
30745
31658
52885
2202
58559
67997
5
186
236
246
300
337
520
529
628
904
1059
1242
1250
1259
1358
1376
5135
2182
1635
1639
4890
1281
5349
3707
1942
1957
53318
39421
7155
5984
3176
2942
64969
63131
59725
45720
8533
6942
541
1935
146501
757
914
946
954
1153
1172
1197
1209
1572
1211
1232
1283
1260
1272
6863
1088
5377
68954
5449
3676
106473
44191
3703
107649
5662
4322
8636
6953
1273
6281
5812
5481
55247
106918
8369
70286
78349
94777
1900
2361
117533
1
2109
6016
40148
47099
60072
77455
78499
65514
135518
3546
8865
27904
8928
8861
7373
5507
5219
4069
3809
3301
3300
3275
3257
2641
2359
80551
34405
60684
63992
44555
132046
104283
82461
5971
5618
3030
7361
68319
6985
47640
46970
71057
69712
69526
2082
104841
69640
100365
2968
1199
111624
107999
8623
2174
45950
4911
37729
35957
34162
32892
7478
1955
4467
5909
8972
6986
7458
5445
52319
109487
260
27255
6683
47465
4612
4189
48711
64957
1131
4388
6754
36401
1256
104
26614
8464
7161
5299
4973
4018
3948
2068
1265
1210
1176
232
50
35836
32025
26662
27611
34321
109374
1080
247
111
40614
54290
134853
109249
46578
97938
95441
93040
72998
68358
56367
31221
7376
4721
1274
3996
3265
2997
2924
2571
2019
924
5782
741
78209
76251
61024
8528
2502
4993
5902
122886
8874
1721
33794
31878
26585
26554
8961
8795
5952
7844
7153
7090
7022
6857
6350
115617
599
2730
90531
97752
97673
97304
96832
96811
96728
96610
96588
96417
95761
95558
95449
95135
94969
94959
94931
91077
97921
97923
98154
103372
106100
105504
105355
105197
103688
103624
103449
103107
98961
102469
102194
101895
101525
101285
99149
99114
90866
90439
71745
90376
81591
81562
80489
80463
79242
78653
78574
78039
74545
74324
73023
72741
72720
72395
72226
72176
72131
81786
81845
81932
88235
90057
89804
89759
89492
89470
89260
88810
88129
82313
87304
86833
86320
85394
83976
82463
2747
106766
106916
106920
107141
142488
141749
140725
140715
140174
139642
139385
137337
134881
134859
134130
133771
133645
132800
132549
132547
132458
143385
144172
146656
163949
111931
82152
66203
47044
138610
164979
164977
163056
148482
161582
161336
160954
158783
156387
155064
148626
131796
128606
128512
112290
114254
113064
112852
112556
112552
112550
112515
112183
114459
112070
111622
111505
111251
111249
110871
107636
114342
114662
128360
123663
128235
127212
127206
127144
127114
127108
123695
122882
115139
118880
118700
117176
116797
116161
115713
115569
72011
82459
71464
40819
45028
42217
41997
4437
41863
41585
4712
40629
71108
39183
38304
37741
34517
31770
26366
26151
4327
45210
3539
3811
3632
48516
3634
3671
3679
3742
4763
3947
4326
4103
47629
47423
47274
46723
4262
46664
26150
25927
25805
6229
6981
6874
6830
6783
6643
6515
6433
5956
8767
5795
5791
5747
5464
5289
5198
5169
6983
7195
7243
7335
8766
8765
8751
8645
8584
8494
8236
8207
8195
8154
8128
8125
7926
7792
7438
3629
3789
56286
60069
58191
2857
57669
2920
56805
56788
56782
2927
56607
48696
56152
56015
55946
55442
55363
55280
55276
58879
60766
55253
61236
70293
69481
67665
67429
67255
67087
66665
64839
64701
64622
64620
64614
63876
63082
61357
61323
61240
55269
4928
55118
52579
3498
3415
3384
3111
3089
3022
48738
2936
48774
49824
50068
51540
52241
52281
49917
53894
53953
55069
55063
52967
55052
54881
54513
53000
53123
54286
54272
293
79132
4995
74458
66097
1704
62849
48780
1997
2529
1219
48394
130682
1258
4226
27592
5608
2288
88125
3882
37733
55820
6218
608
5064
1291
3949
4011
745
339
1103
350
377
47
4041
52973
3994
1036
44199
8781
7347
5602
4638
4223
4023
3499
3916
3175
3160
2989
2985
2600
2329
2273
1617
780
494
153
434
