608
2692
954
3022
541
8125
2502
2571
2936
52973
4041
350
1103
1283
7243
3629
3809
2028
3176
1639
2997
132046
5782
55820
1079
26554
7361
4226
37733
3882
79132
93040
4973
94777
8928
27611
109374
109249
109487
46578
48780
135518
1732
70286
1089
72998
2959
3793
1210
778
1729
5608
4121
1042
593
1610
858
1200
1120
260
1219
2529
4011
3949
2542
47
1265
62849
1704
74458
296
4995
27773
1258
3916
4223
153
494
780
8781
7347
5602
4638
1617
2273
2329
2600
2985
2989
3160
3175
3499
4023
434
44199
1036
3994
745
5064
1291
6218
293
1376
1517
2361
1900
246
300
337
7155
78349
357
520
377
1259
236
529
587
628
661
904
1059
1242
5984
1250
1997
39421
215
186
1256
146501
6016
2288
60072
3546
5662
6287
588
364
6713
8188
319
1
27592
117533
306
30745
53318
31658
52885
58559
67997
5
3707
1635
2012
1801
88125
65514
8636
6953
6281
5812
5481
5377
4322
5349
5135
4890
4823
4701
4641
1088
4369
4351
3893
3978
4016
4306
6942
6863
68954
107649
1954
44191
1956
2004
2942
64969
2085
2396
63131
59725
3052
45720
3114
3260
3361
8533
8369
106918
55247
77455
5449
3676
78499
106473
40148
47099
32025
1080
5507
8972
69640
104841
2082
80551
1061
2359
2641
3257
3275
3300
3301
4069
5219
7373
247
8861
27904
34405
48394
60684
63992
66097
68157
68319
69526
69712
71057
46970
47640
7458
5445
52319
121231
1955
7478
32892
34162
35957
37729
45950
100365
150
2174
8623
107999
111624
130682
1199
2968
4467
4911
5909
47465
4388
1131
64957
48711
4189
4612
6683
6986
27255
6985
44555
3030
31878
1721
122886
4721
7376
31221
914
35836
50
232
318
1176
2068
2424
3948
5299
7161
8464
26614
26662
34321
56367
68358
95441
97938
115617
134853
54290
40614
111
33794
26585
5618
8961
5971
82461
104283
6754
8865
36401
104
8528
61024
76251
78209
741
924
1274
2019
2924
3265
3996
4993
5902
5952
6350
6857
7022
7090
7153
7844
8795
8874
757
599
946
94959
96610
96588
96417
95761
95558
95449
95135
94969
94931
96811
91077
90866
90531
90439
90376
90057
89804
89759
96728
96832
66665
101525
103688
103624
103449
103372
103107
102469
102194
101895
101285
97304
99149
99114
98961
98154
97923
97921
97752
97673
89492
89470
89260
72131
74545
74324
73023
72741
72720
72395
72226
72176
72011
88810
71745
71464
71108
70293
69481
67665
67429
67255
78039
78574
78653
79242
88235
88129
87304
86833
86320
85394
83976
82463
82459
82313
81932
81845
81786
81591
81562
80489
80463
105197
105355
105504
134881
142488
141749
140725
140715
140174
139642
139385
137337
134859
128512
134130
133771
133645
132800
132549
132547
132458
131796
143385
144172
146656
148482
111931
111384
82152
66203
47044
138610
164979
164977
163949
163056
161582
161336
160954
158783
156387
155064
148626
128606
128360
106100
111622
112852
112556
112552
112550
112515
112290
112183
112070
111505
128235
111251
111249
110871
107636
107141
106920
106916
106766
113064
114254
114342
114459
127212
127206
127144
127114
127108
123695
123663
122882
118880
118700
117176
116797
116161
115713
115569
115139
114662
1153
67087
64839
6643
6433
6229
5956
5795
5791
5747
5464
5289
5198
5169
4928
4763
4712
4437
4327
4326
4262
6515
6783
8766
6830
8751
64701
8584
8494
8236
8207
8195
8154
8128
7926
7792
7438
7335
7195
6983
6981
6874
4103
3947
3811
3789
2182
2178
2109
1957
1942
1935
1572
1281
1273
1272
1260
1245
1232
1211
1209
1197
1172
2202
2330
2677
3415
3742
3679
3671
3634
3632
3539
3498
3384
2730
3246
3111
3089
2927
2920
2857
2747
8765
8645
8767
55069
55946
55442
55363
55280
55276
55269
55253
55118
55063
52967
55052
54881
54513
54286
54272
53953
53894
25805
56015
56152
56286
56607
64622
64620
64614
63876
63082
61357
61323
61240
61236
60766
60069
58879
58191
57669
56805
56788
56782
53000
53123
52579
45210
42217
41997
52281
41585
40819
40629
39183
38304
37741
34517
31770
26366
26151
26150
25927
45028
41863
48738
48696
52241
51540
50068
49917
49824
48774
46664
339
46723
48516
47629
47423
47274
66934
6539
118997
106696
3703
4018
3113
1358
3785
1028
2700
2369
3751
