1258
47
1219
111
296
608
5608
2959
1242
7195
6830
2182
5169
5289
1153
115139
1260
904
7335
6515
8766
41585
31770
8236
8751
8767
8765
56015
357
2361
8125
541
954
3022
3629
1283
7243
2028
1079
1103
52973
350
4041
25927
46664
1211
1273
1197
1957
1172
4103
4262
3679
3811
8128
5747
5198
3111
4326
2936
4226
593
1042
858
1120
1200
1610
4121
3809
1732
1089
2288
27592
1704
778
1729
50
26614
1210
1250
4973
2542
109249
55820
68157
3793
260
1176
339
246
6857
52885
1274
661
104283
741
1265
247
1199
924
74458
48780
3882
37733
88125
318
26585
8928
48394
27773
109374
107999
4467
60684
132547
103449
5956
95761
8494
103688
96417
46578
588
364
319
306
2677
1245
2330
3246
5902
3978
3260
78349
7022
3265
5782
41997
52281
5618
79132
33794
53318
96610
96832
60072
2968
111251
130682
44191
26662
2529
1997
6350
293
106473
132046
62849
3361
66097
27904
122886
70286
2068
5299
4995
72998
117533
5971
94777
27611
599
109487
121231
2692
68319
111624
135518
2571
3949
55247
34321
3703
118997
34405
8874
35836
31878
63131
7161
6942
46970
56367
64969
4018
111622
112515
112852
112556
4641
112550
68358
111249
93040
111505
95441
8464
97938
112290
112183
4369
54290
40614
112070
3785
113064
110871
114254
8961
26554
118880
118700
1721
117176
4721
4823
7376
31221
32025
4701
116797
116161
232
115713
115569
114662
114459
114342
3948
4351
107636
1256
64839
101285
4016
102469
1358
1517
1635
1639
1801
1954
1956
2012
1059
2085
2369
2396
101525
2700
3052
3113
3893
102194
101895
103107
103372
3751
30745
107141
106920
3546
4306
5662
6287
7844
8188
106916
106766
31658
103624
106100
58559
67997
5
186
236
105504
105355
105197
587
6713
127108
7090
122882
163056
161582
161336
160954
158783
52319
156387
5445
7458
8972
69640
104841
2082
80551
155064
2359
2641
3257
3275
3300
3301
148626
148482
4069
5219
163949
164977
27255
66203
1955
7478
32892
34162
35957
37729
45950
100365
8623
111931
82152
47044
6986
4911
5909
47465
138610
4388
64957
164979
48711
4189
4612
6683
5507
7373
8861
128512
134130
61024
76251
78209
133771
133645
132800
132549
132458
131796
128606
128360
8528
128235
127212
127206
2924
2997
127144
3996
127114
5135
123695
123663
134859
2502
146656
6985
144172
143385
142488
141749
63992
140725
140715
69526
69712
71057
47640
7361
134881
44555
3030
140174
139642
82461
139385
137337
6754
8865
36401
104
4890
66665
5349
72395
72226
72176
8584
8645
72131
72011
71745
71464
25805
71108
26150
26151
70293
34517
37741
38304
39183
40629
40819
69481
41863
67665
42217
45028
45210
8195
72720
81932
7926
81845
81786
81591
81562
4763
80489
80463
79242
5464
78653
5377
5795
78574
6433
78039
6643
6783
74545
6874
6981
6983
74324
73023
72741
7438
67429
46723
47423
47629
55363
55442
55946
67087
56152
56286
56607
56782
56788
56805
57669
58191
58879
60069
60766
61236
61240
61323
61357
63082
63876
64614
64620
64622
64701
55280
55276
55269
52967
48516
48696
48738
48774
49824
49917
50068
51540
52241
67255
52579
53000
55253
53123
53894
53953
54272
54286
54513
54881
55052
55063
55069
55118
3742
5791
1232
146501
8533
45720
59725
3176
3707
5984
7155
39421
94969
94959
94931
91077
90866
90531
757
88129
946
90439
90376
90057
89804
89759
89492
89470
89260
1281
88810
1572
1935
1942
95135
4322
77455
95449
5481
5812
6281
6953
8636
65514
68954
99149
107649
99114
98961
3676
5449
106918
8369
98154
97923
97921
1900
97752
97673
97304
96811
96728
96588
6016
40148
47099
95558
88235
2004
87304
82459
2920
2927
86320
86833
85394
2202
83976
3089
82463
2747
3415
3539
82313
3632
6539
66934
5952
7153
6863
112552
115617
111384
2174
134853
2424
3634
106696
914
3789
8154
4327
1209
2857
1131
2942
215
3114
8795
4993
2730
78499
6218
1061
2019
150
1088
1
4437
1080
26366
3671
1272
4928
4712
8207
1376
3384
2178
3498
3947
7792
2109
47274
1259
377
337
6229
300
520
628
529
1028
4011
1036
5064
745
3994
44199
1291
4638
8781
494
153
2985
434
2329
2600
3160
2989
780
3175
3499
1617
4023
3916
5602
7347
2273
4223
