296
318
1120
4121
300
1200
339
1610
1042
593
858
150
1729
778
3361
3793
1089
68157
3114
2959
111384
2542
121231
1079
1061
2424
27773
1732
2004
2012
2085
2369
2396
2692
2700
3052
30745
3113
3260
8188
3751
236
3893
3978
6713
6287
5662
3546
1256
1080
247
111
4016
4041
4306
4351
3785
52885
31658
58559
246
186
337
350
5
357
377
67997
520
529
587
628
661
904
1059
1242
1250
4641
1259
1358
1376
1517
1635
1639
1801
1954
1956
4369
5349
4701
7155
946
914
757
146501
541
53318
39421
5984
6863
3707
3176
64969
63131
59725
45720
8533
954
1153
1172
1197
2182
2178
2109
1957
1942
1935
1572
1283
1281
1273
1272
1260
1232
1211
1209
6942
2942
4823
8636
3676
106473
44191
3703
107649
68954
65514
6953
1088
6281
5812
5481
5377
54290
5135
4890
5449
55247
106918
8369
1028
4322
78499
77455
60072
47099
40148
6016
1
117533
2361
1900
94777
78349
70286
40614
93040
134853
34405
8928
8861
7373
5507
5219
4069
3882
3809
3301
3300
3275
3257
2641
2359
80551
27904
37733
132046
60684
82461
5971
5618
3030
44555
7361
6985
47640
46970
71057
69712
69526
68319
66934
63992
2082
104841
69640
8972
4467
2968
1199
111624
107999
8623
2174
100365
45950
37729
35957
34162
32892
7478
1955
4911
5909
47465
27255
7458
5445
608
52319
109487
260
6986
4388
6683
4612
4189
48711
64957
1131
104283
6754
118997
5299
4018
3948
2068
1265
1210
1176
232
50
35836
32025
31221
7376
4721
122886
1721
4973
7161
8865
8464
115617
109374
109249
106696
97938
95441
2730
72998
68358
56367
46578
34321
27611
26662
26614
33794
31878
26585
26554
2571
2019
1274
924
741
78209
76251
61024
55820
52973
8528
2502
1103
104
36401
2924
2997
3265
7022
8961
8874
8795
7844
7153
7090
6857
3996
6539
6350
5952
5902
5782
4993
2202
135518
81562
97673
96832
96811
96728
96610
96588
96417
95761
95558
95449
95135
94969
94959
94931
91077
90866
90531
90439
97304
97752
106100
97921
105355
105197
103688
103624
103449
103372
103107
102469
102194
101895
101525
101285
99149
99114
98961
98154
97923
90376
90057
89804
89759
79242
78653
78574
78039
74545
74324
73023
72741
72720
72395
72226
72176
72131
72011
71745
71464
71108
80463
80489
81591
86833
89492
89470
89260
88810
88235
88129
87304
86320
81786
85394
83976
82463
82459
82313
81932
81845
105504
106766
69481
143385
141749
140725
140715
140174
139642
139385
137337
134881
134859
134130
133771
133645
132800
132549
132547
132458
131796
142488
144172
106916
146656
111931
82152
66203
47044
138610
164979
164977
163949
163056
161582
161336
160954
158783
156387
155064
148626
148482
128606
128512
128360
128235
113064
112852
112556
112552
112550
112515
112290
112183
112070
111622
111505
111251
111249
110871
107636
107141
106920
114254
114342
114459
122882
127212
127206
127144
127114
127108
123695
123663
118880
114662
118700
117176
116797
116161
115713
115569
115139
70293
599
67665
26366
40819
40629
39183
38304
37741
34517
31770
26151
41863
26150
25927
25805
8767
8766
8765
8751
41585
41997
8584
46723
3415
3498
3539
3629
4262
3634
47274
46664
67429
45210
3671
45028
3679
42217
3742
3789
8645
8494
47423
5169
5956
5795
5791
5747
5464
5289
5198
4928
6433
4763
4712
4437
4327
3811
3947
4326
6229
6515
8236
7438
8207
8195
8154
8128
8125
7926
7792
7335
6643
7243
7195
6983
6981
6874
6830
6783
3384
3632
55363
55946
56805
56788
56782
56607
56286
56152
56015
55442
58191
55280
55276
55269
55253
55118
55069
55063
57669
58879
54881
64614
67255
67087
66665
64839
64701
64622
64620
63876
60069
63082
61357
61323
61240
61236
2747
60766
55052
4103
48516
50068
3089
3022
2936
2927
2920
2857
54513
48696
48738
48774
49824
49917
47629
53000
53123
51540
54286
52241
54272
53953
52281
52579
52967
53894
3111
79132
4995
74458
66097
1704
62849
48780
1997
2529
1219
48394
130682
1258
4226
27592
5608
88125
2288
47
215
2028
6218
3949
4011
5064
1291
293
745
1245
3246
2677
588
319
306
2330
364
3994
1036
44199
3499
8781
7347
5602
4638
4223
4023
3916
3160
3175
2989
2985
2600
2329
2273
1617
780
494
434
153
