364
588
319
306
1245
2677
3246
2330
318
2028
215
293
587
3361
111384
121231
1061
27773
3052
2700
3113
135518
2692
2396
3114
2085
2012
2004
1956
2369
3893
3260
4701
5812
5481
5377
5349
5135
4890
4823
4641
3751
4369
4351
4306
4016
3978
1801
3785
1954
1250
1639
30745
186
5
67997
58559
52885
31658
8188
1635
6713
6287
5662
3546
1729
1256
236
246
300
337
357
520
529
628
661
904
1059
1242
6953
1259
1358
1376
1517
6281
44191
8636
65514
1197
1172
1153
954
946
914
757
146501
541
53318
39421
7155
5984
3707
3176
1209
1211
1232
1957
2747
2730
2202
2182
2178
2109
1942
1260
1935
1572
1283
1281
1273
1272
64969
63131
59725
55247
1900
94777
78349
70286
8369
106918
5449
117533
3676
106473
1080
3703
107649
68954
2361
1
45720
4322
8533
6942
6863
2942
1088
1028
78499
778
77455
60072
47099
40148
6016
2542
1089
111
1079
3809
27904
8928
8861
7373
5507
5219
4069
3301
6754
3300
3275
3257
2641
2359
1732
80551
34405
60684
63992
66934
104283
82461
5971
5618
3030
44555
7361
6985
47640
46970
71057
69712
69526
68319
68157
2082
104841
69640
4911
2968
1199
111624
107999
8623
2174
150
100365
45950
37729
35957
34162
32892
7478
1955
4467
5909
8972
47465
7458
5445
52319
109487
260
27255
6986
6683
4612
4189
48711
64957
1131
4388
296
132046
8865
247
2424
26614
8464
7161
5299
4973
4018
3948
2068
36401
1265
1210
1176
232
50
35836
32025
26662
27611
34321
46578
2920
40614
54290
134853
118997
115617
109374
109249
106696
97938
95441
93040
72998
68358
56367
31221
7376
4721
5782
3996
3265
2997
2924
2571
2019
1274
924
741
78209
76251
61024
8528
2502
104
4993
5902
122886
5952
1721
33794
31878
26585
26554
8961
8874
8795
7844
7153
7090
7022
6857
6539
6350
2857
599
2927
72131
97921
97752
97673
97304
96832
96811
96728
96610
96588
96417
95761
95558
95449
95135
94969
94959
94931
97923
98154
98961
103449
106766
106100
105504
105355
105197
103688
103624
103372
99114
103107
102469
102194
101895
101525
101285
99149
91077
90866
90531
78574
81786
81591
81562
80489
80463
79242
78653
78039
81932
74545
74324
73023
72741
72720
72395
72226
81845
82313
90439
88810
90376
90057
89804
89759
89492
89470
89260
88235
82459
88129
87304
2936
86320
85394
83976
82463
106916
106920
107141
137337
142488
141749
140725
140715
140174
139642
139385
134881
144172
134859
134130
133771
133645
132800
132549
132547
143385
146656
131796
163949
111931
82152
66203
47044
138610
164979
164977
163056
148482
161582
161336
160954
158783
156387
155064
148626
132458
128606
107636
112515
114342
114254
113064
112852
112556
112552
112550
112290
114662
112183
112070
111622
111505
111251
111249
110871
114459
115139
128512
123695
128360
128235
127212
127206
127144
127114
127108
123663
115569
122882
118880
118700
117176
116797
116161
115713
72176
86833
72011
8767
8765
8751
8645
8584
8494
8236
8207
8195
8154
8128
8125
7926
7792
7438
7335
7243
7195
8766
25805
47274
25927
46664
45210
45028
42217
41997
41863
41585
40819
40629
39183
38304
37741
34517
31770
26366
26151
26150
6983
6981
6874
6830
4103
3947
3811
3789
3742
3679
3671
3634
3632
3629
3539
3498
3415
3384
3111
3089
3022
4262
4326
4327
5791
6783
6643
6515
6433
6229
5956
5795
5747
4437
5464
5289
5198
5169
4928
4763
4712
46723
339
54272
52241
53953
53894
53123
53000
52967
52579
52281
51540
54513
50068
49917
49824
48774
56805
48696
48516
54286
54881
47423
55442
57669
56782
56607
56286
56152
56015
55946
55363
55052
55280
55276
55269
55253
55118
55069
55063
47629
48738
56788
66665
64701
64622
64620
67087
64614
67255
67429
63876
67665
63082
69481
70293
61357
61323
61240
61236
60766
60069
58879
71108
71464
58191
71745
64839
79132
4995
74458
66097
1704
62849
48780
1997
2529
1219
48394
130682
1258
4226
27592
5608
2959
6218
88125
2288
5064
1291
37733
3882
3949
745
3994
55820
1036
4011
3793
44199
608
47
3499
3175
3916
3160
1042
2985
2600
2329
2273
1617
1610
1200
1120
2989
858
780
5602
4023
4041
8781
7347
1103
52973
4638
593
153
377
4223
434
350
494
4121
