608
3809
111
2997
337
2359
1517
350
1103
4041
52973
5782
593
1200
4121
1610
1120
858
1042
7361
26554
109374
93040
67997
2361
4973
8928
109249
3793
55820
46578
3882
37733
6942
1079
1732
1258
236
2288
1801
1954
1956
2004
2012
2085
3546
2369
2692
2529
2700
1256
5662
1219
3052
1080
3113
247
40614
3260
54290
106696
97938
3751
1639
1635
215
628
186
246
300
5
357
377
520
3893
58559
529
587
661
6287
1059
52885
31658
30745
1242
27592
1259
1358
8188
1376
6713
3785
135518
3978
7155
588
541
364
319
306
53318
39421
5984
4016
3707
3176
59725
45720
8533
2942
1997
146501
757
914
946
2330
2202
2182
2028
1942
1935
1572
1283
1281
1260
1245
1232
1209
1153
954
1088
1028
4322
88125
65514
8636
6953
6281
5812
5481
5377
5349
5135
4823
4701
4641
4369
4351
4306
68954
107649
77455
3703
62849
60072
47099
40148
6016
5608
117533
1900
78349
70286
8369
106918
5449
3676
44191
95441
47
72998
68358
7373
5507
5219
4069
3301
3300
3275
3257
2641
80551
2082
104841
69640
8972
7458
8861
27904
34405
6985
132046
104283
82461
5618
3030
44555
47640
48394
71057
69712
69526
68319
66097
63992
5445
52319
109487
100365
2968
1199
130682
107999
8623
2174
45950
4911
37729
35957
34162
32892
7478
1955
4467
5909
48780
6683
4995
4226
1704
260
27255
6986
4612
47465
4189
48711
74458
64957
1131
4388
6754
8865
36401
5952
8795
7844
7153
7090
7022
6857
5902
26585
4993
3996
3265
2924
2571
2019
8961
33794
924
232
27611
26662
26614
8464
3948
1176
50
1721
2747
32025
31221
7376
4721
122886
1274
741
104
434
2273
1617
1291
1036
780
494
293
2600
153
78209
76251
61024
8528
2502
2329
2985
44199
4023
8781
7347
5602
5064
4638
4223
4011
2989
3994
3949
3916
3499
3175
3160
2677
599
2857
94931
96588
96417
95761
95558
95449
95135
94969
94959
91077
96728
90866
90531
90439
90376
90057
89804
89759
89492
96610
96811
64839
101285
103624
103449
103372
103107
102469
102194
101895
101525
99149
96832
99114
98961
98154
97923
97921
97752
97673
97304
89470
89260
88810
72011
74324
73023
72741
72720
72395
72226
72176
72131
71745
88235
71464
71108
70293
69481
67665
67429
67255
67087
74545
78039
78574
78653
88129
87304
86833
86320
85394
83976
82463
82459
82313
81932
81845
81786
81591
81562
80489
80463
79242
103688
105197
105355
134859
141749
140725
140715
140174
139642
139385
137337
134881
134130
128360
133771
133645
132800
132549
132547
132458
131796
128606
142488
143385
144172
146656
111931
82152
66203
47044
138610
164979
164977
163949
163056
161582
161336
160954
158783
156387
155064
148626
148482
128512
128235
105504
111505
112556
112552
112550
112515
112290
112183
112070
111622
111251
127212
111249
110871
107636
107141
106920
106916
106766
106100
112852
113064
114254
114342
127206
127144
127114
127108
123695
123663
122882
118880
118700
117176
116797
116161
115713
115569
115139
114662
114459
66665
339
64701
45210
64622
31770
34517
37741
38304
39183
4327
40629
40819
41585
41863
41997
42217
45028
3789
26150
46664
3742
46723
3634
47423
47629
3632
48516
48696
48738
5956
49824
49917
50068
26151
25927
52241
7438
6433
6515
6643
5795
6783
6830
6874
6981
6983
7195
7243
5791
5464
7335
5289
25805
7926
8125
5169
8154
8195
4763
8236
8494
8584
8645
8751
8765
8766
8767
51540
48774
52281
3246
56607
56782
56788
56805
57669
52579
58879
60069
60766
3415
61236
3089
56152
3022
61240
2936
2927
61323
61357
63082
63876
64614
64620
2920
56286
58191
55118
53123
55052
54272
55063
53953
3539
53894
55069
56015
55253
55269
54513
3629
55276
55280
55363
53000
54286
55442
55946
52967
54881
66934
6863
4018
6350
64969
56367
94777
46970
6539
27773
7161
63131
31878
35836
118997
2068
8874
34321
55247
1061
60684
111624
121231
111384
79132
6218
5971
5299
1265
3361
1210
115617
134853
4890
2730
78499
2542
318
3947
3384
3498
1272
904
2109
1250
47274
2178
3671
6229
26366
1
7792
4928
8207
4437
4712
2396
2959
68157
1089
2424
106473
1729
778
150
745
3114
296
1957
5747
3811
3111
5198
8128
4103
1273
1211
1197
4326
4262
3679
1172
