3246
588
364
319
306
1245
2330
2677
4023
3499
3916
153
4223
4638
3175
7347
8781
5602
2989
3160
2985
2600
2329
2273
1617
780
494
434
2028
293
215
44199
1036
3994
339
150
745
5064
1291
4011
3949
6218
3114
2424
1250
97938
118997
27611
34321
46578
115617
628
109374
109249
106696
95441
56367
93040
72998
68358
134853
661
1259
904
1059
1242
2288
54290
529
2529
3546
5662
6287
6713
8188
27592
27773
30745
31658
52885
58559
67997
1358
186
1256
236
246
300
337
350
357
520
1219
1080
247
111
40614
5
1954
1376
2361
62849
60072
47099
40148
6016
5608
1
117533
1900
78499
94777
78349
70286
8369
106918
55247
5449
3676
77455
4322
44191
64969
146501
541
53318
39421
7155
5984
3707
3176
63131
1028
59725
45720
8533
6942
6863
2942
1997
1088
106473
3703
1517
2396
3785
3751
3361
3260
3113
3052
2700
2692
2369
3978
2085
2012
2004
1956
26614
1801
1639
1635
3893
4016
107649
5377
88125
68954
65514
8636
6953
6281
5812
5481
5349
4041
5135
4890
4823
4701
4641
4369
4351
4306
26662
32025
8464
1061
3809
3301
3300
3275
3257
2641
2359
80551
121231
2082
104841
69640
8972
7458
5445
608
3882
4069
5219
5507
71057
69712
69526
68319
66934
66097
63992
60684
48394
37733
34405
27904
8928
8861
7373
52319
109487
7161
2174
4467
2968
1199
130682
111624
107999
8623
100365
79132
45950
37729
35957
34162
32892
7478
1955
4911
5909
47465
4388
48780
4995
4226
1704
1258
260
27255
6986
6683
4612
4189
48711
74458
64957
1131
46970
47640
6985
7844
33794
31878
26585
26554
8961
8874
8795
7153
7361
7090
7022
6857
6539
6350
5952
5902
1721
122886
4721
7376
5299
4973
4018
3948
2068
1265
1210
1176
318
232
50
47
35836
914
31221
5782
4993
3996
61024
52973
8528
2502
1103
104
36401
8865
6754
132046
104283
82461
5971
5618
3030
44555
55820
76251
3265
78209
2997
2924
2571
2019
1274
924
741
4121
3793
1610
1200
1120
1042
858
593
757
135518
946
94959
96610
96588
96417
95761
95558
95449
95135
94969
94931
96811
91077
90866
90531
90439
90376
90057
89804
89759
96728
96832
66665
101525
103688
103624
103449
103372
103107
102469
102194
101895
101285
97304
99149
99114
98961
98154
97923
97921
97752
97673
89492
89470
89260
72131
74545
74324
73023
72741
72720
72395
72226
72176
72011
88810
71745
71464
71108
70293
69481
67665
67429
67255
78039
78574
78653
79242
88235
88129
87304
86833
86320
85394
83976
82463
82459
82313
81932
81845
81786
81591
81562
80489
80463
105197
105355
105504
134881
142488
141749
140725
140715
140174
139642
139385
137337
134859
128512
134130
133771
133645
132800
132549
132547
132458
131796
143385
144172
146656
148482
111931
111384
82152
66203
47044
138610
164979
164977
163949
163056
161582
161336
160954
158783
156387
155064
148626
128606
128360
106100
111622
112852
112556
112552
112550
112515
112290
112183
112070
111505
128235
111251
111249
110871
107636
107141
106920
106916
106766
113064
114254
114342
114459
127212
127206
127144
127114
127108
123695
123663
122882
118880
118700
117176
116797
116161
115713
115569
115139
114662
954
67087
64839
5289
6515
6433
6229
5956
5795
5791
5747
5464
5198
8765
5169
4928
4763
4712
4437
4327
4326
4262
6643
6783
6830
6874
8645
64701
8494
8236
8207
8195
8154
8128
8125
7926
7792
7438
7335
7243
7195
6983
6981
4103
3947
3811
2202
2178
2109
1957
1942
1935
1572
1283
1281
1273
1272
1260
1232
1211
1209
1197
1172
1153
2182
2730
3789
2747
3742
3679
3671
3634
3632
3629
3539
3498
3415
3384
3111
3089
3022
2936
2927
2920
2857
8751
8584
8766
56152
55946
55442
55363
55280
55276
55269
55253
55118
55069
55063
55052
54881
54513
54286
54272
8767
53894
56015
56286
53000
56607
64622
64620
64614
63876
63082
61357
61323
61240
61236
60766
60069
58879
58191
57669
56805
56788
56782
53123
53953
52967
39183
45210
45028
42217
41997
41863
41585
40819
40629
38304
46723
37741
34517
31770
26366
26151
26150
25927
25805
52579
46664
47274
48774
52281
52241
51540
50068
47423
49824
49917
48738
48696
48516
47629
599
1732
1079
2542
2959
68157
1089
778
1729
587
377
296
