4121
593
858
1042
1120
1200
1610
7243
1283
3629
2028
8125
954
541
3022
2936
8207
4437
7792
1272
6229
3671
4928
4712
3498
3947
2109
47274
2178
3384
26366
3793
1210
260
2730
2019
2396
1250
41997
52281
924
46664
25927
8795
4993
7153
5952
1281
319
306
588
3246
364
1245
2677
2330
6515
5289
5169
6830
56015
7195
8767
8751
8236
7335
115139
8766
41585
1260
31770
8765
1153
2182
4890
33794
661
1376
1517
2529
1935
946
3632
1942
2927
2202
3089
6983
48394
2920
132046
128235
140715
131796
132458
132549
139642
8584
140725
127212
148482
2747
34517
164977
164979
82313
55946
3539
123695
123663
72176
72741
112070
127144
107636
3703
215
122886
70286
107999
127108
608
27611
8861
2959
109487
3978
5902
3260
48780
135518
2571
1079
109249
62849
34405
4226
8928
3809
4995
94777
46578
27773
47
79132
72998
68319
134853
2068
109374
4973
3751
3361
318
3257
3546
296
25805
1209
26151
2359
26150
1232
1572
42217
150
1955
914
8154
6783
2502
2288
1256
1080
6433
3893
6643
2857
6981
3789
3415
4327
8195
3742
2968
1732
3634
599
4911
4467
47465
6985
67997
1199
3114
4018
778
1729
1089
2424
68157
111384
2542
121231
1061
1219
247
97938
106696
112556
112550
8188
6713
54290
112515
95441
5662
111251
112290
111505
111622
112183
57669
26662
93040
115569
116797
1721
116161
4721
7376
31221
32025
115713
50
232
1176
112852
114662
114459
3948
114342
8464
26614
111249
114254
113064
68358
27592
5
30745
1956
2085
2369
106100
2692
3113
105504
105355
105197
3785
103688
103624
4306
4351
4369
4641
4701
4823
103449
5135
5349
5377
2012
1801
31658
1639
52885
58559
8961
186
110871
236
300
337
357
377
520
529
628
107141
904
1059
106920
56805
106916
106766
1635
26554
6857
117176
69640
163949
163056
161582
161336
160954
52319
158783
5445
7458
8972
104841
5507
2082
80551
156387
155064
148626
3275
3300
3301
146656
4069
1704
138610
27255
6986
111931
7478
32892
34162
35957
37729
45950
100365
8623
82152
130682
66203
5909
47044
4388
1131
64957
48711
4189
4612
6683
5219
144172
7844
1274
134881
134859
134130
133771
133645
132800
132547
128606
741
128512
128360
143385
127206
2924
2997
3996
127114
122882
118880
5812
7090
118700
78209
76251
61024
8528
27904
142488
141749
63992
66097
140174
69526
69712
71057
47640
7361
44555
3030
5618
82461
104283
139385
6754
8865
36401
137337
5481
1358
6281
70293
73023
72720
72395
72226
72131
7438
72011
7926
71745
71464
71108
69481
74324
8494
67665
8645
67429
67255
67087
66665
64839
64701
64622
64620
6874
74545
63876
81786
88235
88129
87304
86833
86320
85394
83976
82463
82459
81932
81845
81591
78039
4763
6953
80489
80463
5464
5791
5795
5956
79242
78653
78574
64614
63082
89260
55253
53123
53894
53953
54272
54286
54513
54881
55052
55063
55069
55118
55269
52967
55276
55280
55363
55442
58879
58191
56152
56286
56607
56782
56788
53000
52579
37741
46723
38304
39183
40629
40819
61357
41863
61323
61240
45028
45210
61236
60766
60069
47423
47629
48516
48696
48738
48774
49824
49917
50068
51540
52241
88810
81562
339
96610
96588
3176
96417
95761
95558
106473
59725
45720
8533
2942
1997
1028
44191
98154
78499
77455
101895
3707
5984
47099
7155
97921
97752
757
146501
97673
98961
97304
96832
99114
96811
99149
96728
101285
101525
3676
53318
39421
60072
4322
40148
102469
88125
68954
103107
8369
65514
91077
90866
8636
90531
90439
106918
90376
90057
89804
89759
89492
89470
78349
97923
95135
6016
103372
1
1900
102194
5608
117533
94969
95449
94959
94931
115617
66934
6350
64969
6942
3882
37733
56367
46970
55820
6539
7161
63131
35836
31878
118997
74458
8874
34321
55247
60684
350
1103
4041
52973
111624
1088
5971
5299
1258
6863
112552
293
7373
107649
2361
4011
40614
6218
3949
1265
3052
2700
587
2641
4016
246
1242
2174
1259
111
1291
5064
745
5782
3265
7022
44199
26585
3994
2004
1954
5449
104
6287
4023
2600
153
434
494
780
1617
2273
2329
2985
4223
8781
7347
2989
5602
3160
3499
3916
4638
3175
1036
3111
1172
8128
1197
1273
1957
5747
5198
4326
4262
4103
3811
3679
1211
