7792
8207
47274
3498
3384
3947
4437
4712
4928
26366
6229
2178
2109
1272
3671
2730
2424
3301
2985
494
7347
8781
3160
2989
3499
3175
2600
3707
2329
3703
1617
5602
2273
780
4638
4223
5
4023
434
153
8623
3916
7161
44199
1036
3994
745
5064
1291
4011
236
3751
3949
1721
2529
59725
7155
6218
293
3114
39421
150
6942
107999
2942
8861
4018
68319
35836
115617
1210
63992
260
1729
1080
1242
1256
1219
1089
109249
1079
1250
247
109374
106696
40614
54290
134853
118997
111
67997
2288
377
58559
52885
31658
246
300
337
350
30745
27773
357
27592
520
186
529
587
628
8188
661
904
6713
1059
6287
5662
3546
215
1956
1259
78349
2542
778
1
117533
2361
1900
94777
70286
5608
8369
106918
55247
5449
3676
106473
44191
2959
6016
1358
1997
5984
3176
64969
63131
45720
8533
6863
1088
40148
1028
4322
78499
77455
62849
60072
47099
107649
88125
68954
2012
3361
3260
2700
2692
2396
2369
2085
2004
65514
95441
1954
1801
1639
1635
1517
1376
3893
3978
4016
4041
8636
6953
6281
5812
5481
5377
5349
5135
4890
4823
4701
4641
4369
4351
4306
97938
135518
93040
2359
4069
3882
3809
3300
3275
3257
2641
1732
72998
1061
80551
104841
69640
8972
7458
5445
5219
5507
7373
8928
7361
6985
47640
46970
71057
69712
69526
68157
66934
66097
60684
48394
37733
34405
27904
608
52319
121231
47465
4911
4467
2968
1199
130682
111624
2174
100365
45950
37729
35957
34162
32892
7478
1955
5909
296
109487
4388
79132
48780
4995
4226
1704
1258
27255
6986
6683
4612
4189
48711
74458
64957
1131
44555
3030
5618
32025
7376
4721
122886
33794
31878
26585
26554
8961
8874
8795
7844
7153
7090
7022
6857
31221
47
6350
232
68358
56367
46578
34321
27611
26662
26614
8464
5299
4973
3948
2068
1265
1176
318
6539
5952
5971
858
78209
76251
61024
55820
52973
8528
2502
1103
104
36401
8865
6754
132046
104283
82461
593
1042
5902
1120
5782
4993
3996
3265
2997
2924
2571
2019
1274
924
741
4121
3793
1610
1200
50
599
53318
95449
96832
96811
96728
96610
96588
96417
95761
95558
95135
306
94969
94959
94931
91077
90866
90531
90439
90376
97304
97673
97752
97921
105355
105197
103688
103624
103449
103372
103107
102469
102194
101895
101525
101285
99149
99114
98961
98154
97923
90057
89804
89759
80463
78653
78574
78039
74545
74324
73023
72741
72720
72395
72226
72176
72131
72011
71745
71464
71108
70293
79242
80489
89492
81562
89470
89260
88810
88235
88129
87304
86833
86320
85394
83976
82463
82459
82313
81932
81845
81786
81591
105504
106100
106766
144172
142488
141749
140725
140715
140174
139642
139385
137337
134881
134859
134130
133771
133645
132800
132549
132547
132458
143385
146656
128606
148482
111931
111384
82152
66203
47044
138610
164979
164977
163949
163056
161582
161336
160954
158783
156387
155064
148626
131796
128512
106916
114342
113064
112852
112556
112552
112550
112515
112290
112183
112070
111622
111505
111251
111249
110871
107636
107141
106920
114254
114459
128360
114662
128235
127212
127206
127144
127114
127108
123695
123663
122882
118880
118700
117176
116797
116161
115713
115569
115139
69481
67665
67429
5956
5791
5747
5464
5289
5198
5169
4763
4327
4326
4262
4103
3811
3789
3742
3679
3634
3632
5795
6433
8645
6515
8494
8236
8195
8154
8128
8125
7926
7438
7335
7243
7195
6983
6981
6874
6830
6783
6643
3629
3539
3415
3246
1260
1245
1232
1211
1209
1197
1172
1153
954
946
914
757
146501
588
541
364
319
1273
1281
1283
2747
3111
3089
3022
2936
2927
2920
2857
2677
1572
2330
2202
2182
2028
1957
1942
1935
67255
8584
8751
55269
56286
56152
56015
55946
55442
55363
55280
55276
55253
56782
55118
55069
55063
55052
54881
54513
54286
54272
56607
56788
8765
63082
67087
66665
64839
64701
64622
64620
64614
63876
61357
56805
61323
61240
61236
60766
60069
58879
58191
57669
53953
53894
53123
37741
41997
41863
41585
40819
40629
39183
38304
34517
45028
31770
26151
26150
25927
25805
8767
8766
53000
42217
45210
46664
52967
52579
52281
52241
51540
50068
49917
49824
48774
48738
48696
48516
47629
47423
46723
339
3113
2082
3785
3052
