2571
260
1210
780
2989
8781
7347
5602
4638
4223
4023
3916
1376
3175
3160
3499
2985
2273
494
434
153
1617
2329
2600
132046
44199
1036
3994
745
1291
5064
4011
27611
70286
72998
79132
3949
135518
1250
6218
293
122886
109487
34405
94777
2019
2068
134853
109249
115617
107999
68319
67997
357
1729
1256
1219
1089
1080
350
1079
247
111
1517
40614
1635
1639
1801
54290
337
1954
300
246
118997
236
2288
3546
661
5662
904
1059
1242
628
5
587
1259
529
520
58559
52885
377
31658
30745
27773
215
27592
1358
8188
6713
6287
186
2012
1956
77455
45720
8533
6942
2942
1997
1028
4322
78499
62849
63131
60072
47099
40148
6016
5608
2959
2542
778
59725
64969
2004
146501
1211
1209
1197
1172
1153
946
914
757
588
3176
364
319
306
53318
39421
7155
5984
3707
1
117533
2361
3785
4701
4641
4369
4351
4306
4041
4016
3893
3361
1900
3114
3113
3052
2700
2692
2396
2369
2085
4823
4890
5135
5349
78349
8369
106918
55247
5449
3676
106473
44191
88125
68954
65514
8636
6953
6281
5812
5481
5377
109374
318
106696
97938
5219
4069
3882
3809
3301
3300
3275
3257
2641
2359
1732
1061
80551
2082
104841
5507
7373
8928
69526
7361
6985
47640
46970
71057
69712
68157
27904
66934
66097
63992
60684
48394
37733
69640
8972
7458
100365
296
5909
130682
111624
8623
150
45950
1131
37729
35957
34162
32892
7478
1955
4388
64957
5445
1704
608
52319
121231
48780
4995
4226
1258
74458
27255
6986
6683
4612
4189
48711
44555
3030
5618
4721
50
47
35836
32025
31221
7376
1721
1245
31878
26585
26554
8961
8874
8795
232
1176
7090
26662
95441
93040
68358
56367
46578
34321
26614
1265
8464
7161
5299
4973
3948
2424
7844
7022
5971
2502
78209
76251
61024
55820
52973
8528
1103
858
104
36401
8865
6754
104283
82461
593
1042
6857
2997
6539
6350
5782
4993
3996
3265
2924
1120
1274
741
4121
3793
1610
1200
1232
599
1260
94959
96610
96588
96417
95761
95558
95449
95135
94969
94931
89470
91077
90866
90531
90439
90376
90057
89804
89759
96728
96811
96832
97304
103624
103449
103372
103107
102469
102194
101895
101525
101285
99149
99114
98961
98154
97923
97921
97752
97673
89492
89260
105197
72131
74545
74324
73023
72741
72720
72395
72226
72176
72011
88810
71745
71464
71108
1272
69481
67665
67429
67255
78039
78574
78653
79242
88235
88129
87304
86833
86320
85394
83976
82463
82459
82313
81932
81845
81786
81591
81562
80489
80463
103688
105355
66665
134881
142488
141749
140725
140715
140174
139642
139385
137337
134859
128512
134130
133771
133645
132800
132549
132547
132458
131796
143385
144172
146656
148482
111931
111384
82152
66203
47044
138610
164979
164977
163949
163056
161582
161336
160954
158783
156387
155064
148626
128606
128360
105504
111505
112852
112556
112550
112515
112290
112183
112070
111622
111251
128235
111249
110871
107636
107141
106920
106916
106766
106100
113064
114254
114342
114459
127212
127206
127144
127114
127108
123695
123663
122882
118880
118700
117176
116797
116161
115713
115569
115139
114662
67087
70293
339
6643
7195
6983
6981
1281
6874
6830
6783
6515
7438
6433
6229
1572
5956
5795
5791
5747
7335
7792
26366
8645
26150
25927
25805
2182
8766
8765
8751
8584
7926
64839
8494
8236
8207
8195
8154
8128
5464
5289
5198
2920
3415
3384
1942
3246
3111
3089
2927
2857
5169
2747
2730
2677
2330
1957
2202
2109
1935
3498
3539
3632
4928
4763
4712
4437
4327
4326
4262
4103
3947
3811
3789
3742
3679
3671
3634
26151
8767
31770
55269
56152
56015
55946
55442
55363
55280
55276
55253
56607
55118
55069
1273
55063
55052
34517
54513
56286
56782
54272
61323
64701
64622
64620
64614
63876
63082
61357
61240
56788
61236
60766
60069
58879
58191
57669
56805
54286
54881
2178
48738
48696
48516
39183
53953
47629
47423
47274
46723
46664
45210
45028
40629
40819
42217
41997
41585
41863
48774
53000
49824
49917
37741
53894
50068
51540
52241
52281
38304
53123
52579
52967
7153
5952
33794
2028
3978
5902
3260
3629
7243
1283
2936
924
3022
8125
541
954
4018
8861
1088
6863
112552
2529
107649
3751
3703
2174
1199
4467
4911
47465
2968
