1250
780
2273
2329
2600
2985
494
434
2989
3160
3175
3499
3916
153
4023
4223
4638
5602
7347
8781
1259
2997
1617
1199
5782
4467
44199
1732
93040
26554
7361
4973
1036
3994
2968
745
4011
44191
1291
5064
3949
60684
6218
1210
293
4306
2959
2361
111624
1079
1729
778
1265
1258
3809
8874
109249
5299
46578
53318
5971
5608
111
34321
6350
8928
56367
118997
35836
94777
79132
109374
1219
2529
115617
6539
64957
47
6942
62849
1704
66934
608
74458
109487
4995
27773
2692
4226
3978
5902
3260
924
3052
236
1517
1376
1358
337
300
246
3751
1242
3785
186
5
3361
1059
904
67997
357
1635
377
2085
2700
3893
661
2396
628
587
2369
2012
1639
2004
1956
1954
529
1801
520
3114
3113
135518
4016
146501
1088
1997
2942
6863
8533
45720
59725
63131
64969
3707
5984
7155
39421
541
757
4322
914
946
954
1153
1209
1232
1260
1272
1281
1283
1572
1935
1942
2109
1028
78499
52885
107649
4351
4369
4701
4823
4890
5135
5349
5377
5481
6281
6953
8636
68954
88125
3703
77455
106473
3676
5449
55247
106918
8369
70286
78349
117533
1
6016
40148
47099
60072
58559
7161
31658
30745
69640
104841
2082
80551
1061
2359
2641
3257
3275
3300
3301
4069
5219
5507
7373
8861
27904
34405
48394
63992
66097
68319
69526
69712
71057
46970
47640
8972
7458
5445
130682
1955
7478
32892
34162
35957
37729
45950
100365
150
2174
8623
107999
4911
52319
5909
47465
4388
1131
48711
4189
4612
6683
6986
27255
260
121231
6985
44555
3030
106696
2424
3948
4018
2182
8464
26614
26662
27611
68358
72998
95441
97938
134853
1176
54290
40614
247
1080
1256
2288
3546
5662
6287
6713
8188
27592
2068
318
5618
741
82461
104283
132046
6754
8865
36401
104
2502
8528
61024
76251
78209
1274
232
2571
6857
8961
26585
33794
1721
122886
4721
7376
31221
32025
50
2178
599
2202
95135
96811
96728
96610
96588
96417
95761
95558
95449
94969
105504
94959
94931
91077
90866
90531
90439
90376
90057
96832
97304
97673
97752
105197
103688
103624
103449
103372
103107
102469
102194
101895
101525
101285
99149
99114
98961
98154
97923
97921
89804
89759
89492
79242
78574
78039
74545
74324
73023
72720
72395
72226
72176
72131
72011
71745
71464
71108
70293
69481
67665
78653
80463
89470
80489
89260
88810
88235
88129
87304
86833
86320
85394
83976
82463
82459
82313
81932
81845
81786
81591
81562
105355
106100
67255
134881
142488
141749
140725
140715
140174
139642
139385
137337
134859
106766
134130
133771
133645
132800
132549
132547
132458
131796
143385
144172
146656
148482
111931
111384
82152
66203
47044
138610
164979
164977
163949
163056
161582
161336
160954
158783
156387
155064
148626
128606
128512
128360
114254
112852
112556
112552
112550
112515
112290
112183
112070
111622
111505
111251
111249
110871
107636
107141
106920
106916
113064
114342
128235
114459
127212
127206
127144
127114
127108
123695
123663
122882
118880
118700
117176
116797
116161
115713
115569
115139
114662
67429
72741
67087
8195
8765
8751
8645
8584
8494
8236
8207
8154
8767
8125
7926
7792
7438
7335
7243
7195
8766
25805
46664
39183
45028
42217
41997
41863
41585
40819
40629
38304
25927
37741
34517
31770
66665
26366
26151
26150
6983
6981
6874
3384
3671
3634
3632
3629
3539
3498
3415
3089
6830
3022
2936
2927
2920
2857
2747
2730
3742
3789
3947
4327
6783
6643
6515
6433
6229
5956
5795
5791
5464
5289
5169
4928
4763
4712
4437
45210
339
46723
56286
53953
54272
60069
58879
54286
58191
54513
57669
56805
56788
56782
56607
54881
53123
56152
55052
55063
55069
56015
55946
55442
55363
55280
55276
55269
55118
55253
53894
53000
52967
47423
64839
47629
64701
64622
64620
48516
64614
63876
48696
63082
48738
48774
49824
49917
61357
50068
61323
51540
61240
52241
52281
61236
52579
60766
47274
31878
48780
3882
37733
55820
65514
215
2028
7022
3265
4041
52973
350
1103
2677
1245
3246
588
2330
364
319
2924
306
3996
7844
7090
296
68157
2542
5812
4262
1957
1273
4103
1211
1172
3111
3811
5747
1197
8128
4326
5198
3679
2019
3793
7153
5952
1900
4993
8795
4121
593
858
1042
1120
1200
1610
1089
4641
3176
