2959
4226
4011
47
5608
79132
296
293
778
1729
48780
1704
2288
2571
2329
2985
2600
2273
1617
4223
2989
3160
3175
3916
4023
4638
5602
7347
3499
780
8781
153
494
434
260
1210
3949
62849
50
26614
27773
1036
4995
2542
1080
74458
97304
97752
97921
96811
101525
97923
98961
99114
99149
94931
94959
95135
95449
95558
96588
98154
96728
132046
1219
1258
96610
96832
593
858
1042
1120
1200
4121
1610
1089
318
76251
58559
44199
745
44191
3994
70286
5064
1291
26585
2529
1079
68157
27611
5782
79242
67255
78574
81845
80463
81932
80489
81562
78039
82463
82459
81591
74324
74545
40148
541
954
3022
8125
3265
7022
135518
109487
1250
97938
6218
107999
60072
2692
2936
7458
78499
1265
2019
3300
26554
89804
3948
2012
6281
104841
68358
91077
90866
90531
90439
89759
90376
83976
85394
86320
86833
90057
88129
88235
88810
89260
89470
89492
87304
122886
588
306
319
1245
2330
3246
364
2677
1199
111
2028
6857
52885
741
104283
1274
111384
60684
33794
1732
3361
5956
103449
132547
96417
95761
103688
8494
55820
88125
27592
1176
2997
111251
215
599
1061
3629
1283
7243
121231
2361
130682
31878
7361
3546
106473
78349
1997
5618
52319
56367
105504
93040
66097
350
52973
4041
1103
72998
5971
64957
134853
232
55247
115617
105197
106920
106916
106766
107141
97673
106100
103624
103372
103107
102194
101895
105355
69712
68319
56805
54286
53894
53000
52967
54272
54513
52241
51540
54881
55052
55118
56788
55253
55269
55276
56152
56286
56607
56782
53123
37733
3882
66934
6942
5299
111624
247
109249
34321
35836
8795
4993
3809
112290
32025
31221
7376
4721
112552
3996
111622
2424
1721
8464
112070
7090
7844
112183
8961
107636
5662
95441
1635
904
1059
1242
72741
1358
1376
1517
1639
628
1801
1954
1956
2004
2085
2369
2396
661
587
54290
5
1256
2924
6287
6713
8188
82313
30745
186
529
236
246
300
337
357
377
520
112556
132458
112852
114342
6683
6986
27255
138610
164979
164977
163949
163056
161582
160954
158783
8972
69640
156387
2082
80551
155064
2359
3257
3275
148626
4612
4189
48711
8623
1955
7478
32892
35957
37729
45950
100365
150
2174
111931
47044
82152
2968
4467
4911
5909
47465
66203
4388
1131
3301
4069
5507
127114
133645
132549
3052
131796
128606
128360
128235
127212
127144
127108
134881
123695
123663
117176
116797
116161
115713
115569
115139
114662
134130
137337
27904
8865
148482
63992
146656
71057
47640
6985
144172
143385
6754
36401
139385
104
2502
8528
142488
141749
140725
140715
140174
139642
2700
1259
3113
2857
3089
3111
3384
3415
3498
3539
3632
3671
3679
3742
3789
3811
3947
4103
4262
4326
4327
4437
4712
2927
2747
146501
3114
946
1153
1172
1197
1209
1211
1232
1260
1272
1273
1281
1572
1935
1942
1957
2109
2178
2182
2202
4928
5169
5198
5289
8767
25805
25927
26150
26151
26366
31770
34517
37741
38304
39183
40629
40819
41585
42217
46664
47274
55946
56015
8766
8765
8751
6981
5747
5795
6229
6433
6515
6643
6783
6830
6983
8584
7195
7335
7792
8128
8154
8195
8207
8236
914
339
4322
4701
4016
3176
8369
5481
4369
5377
6016
59725
45720
3893
3751
8533
5135
2942
1900
1
1088
4890
4823
5984
3707
106918
3676
107649
65514
4351
4641
4306
6953
39421
7155
72176
3785
5812
5449
6539
118997
2068
94777
109374
53318
7373
2641
608
8928
1028
4973
6863
4018
64969
46578
46970
40614
7161
63131
26662
47099
106696
5445
78209
5219
34162
44555
3703
3030
69526
82461
67997
3793
48516
49917
48696
47629
47423
46723
45210
48774
49824
45028
48738
41863
117533
924
77455
34405
8874
7153
5952
48394
68954
31658
3260
3978
5902
61024
81786
6350
55069
55442
3634
72011
72395
67087
73023
78653
71745
72226
72720
71464
71108
70293
69481
66665
72131
2920
41997
52281
2730
112515
118880
118700
134859
122882
5791
5464
55280
50068
6874
8645
7438
114459
132800
114254
113064
7926
127206
52579
128512
112550
53953
111249
133771
102469
161336
101285
4763
111505
94969
757
110871
67665
64839
63876
64622
64701
64620
55063
58191
63082
61357
61323
60766
60069
67429
64614
58879
57669
55363
8861
5349
8636
61240
61236
