150
3114
50
153
3916
8781
7347
5602
4041
4638
4223
1103
4023
52973
434
350
494
780
1617
2273
2329
2600
2985
2989
3160
3175
661
3499
26614
296
47
608
2424
44199
4011
1036
55820
3994
745
3949
2959
37733
3882
5064
1291
778
1729
2288
88125
6218
1089
5608
68157
27592
4226
1258
2542
130682
27773
1079
48394
1219
2529
1997
48780
62849
1704
66097
74458
1732
4995
79132
58559
529
520
337
246
236
5
1256
67997
1639
3546
52885
31658
1080
30745
247
111
40614
54290
134853
118997
628
5662
1635
904
1517
1376
1801
1358
1954
1259
1956
2004
2012
2085
2369
2396
2692
2700
3052
3113
1250
6713
6287
1242
8188
1059
3785
3260
2361
45720
8533
6942
6863
2942
1088
1028
4322
78499
77455
60072
47099
40148
6016
1
59725
63131
64969
757
1197
1172
1153
954
946
914
146501
3176
541
53318
39421
7155
5984
3707
117533
1900
3361
94777
5377
5349
5135
4890
4823
4701
4641
4369
4351
4306
4016
3978
3893
109374
3751
5481
5812
6281
3676
78349
70286
8369
106918
55247
5449
106473
6953
44191
3703
107649
68954
65514
8636
115617
135518
109249
3275
5507
5219
4069
3809
3301
3300
3257
8861
2641
2359
1061
80551
2082
104841
7373
8928
5971
71057
3030
44555
7361
6985
47640
46970
69712
27904
69526
68319
66934
63992
60684
34405
69640
8972
7458
100365
2968
1199
111624
107999
8623
2174
45950
5445
37729
35957
34162
32892
7478
1955
4467
4911
5909
47465
4388
1131
64957
48711
4189
4612
6683
6986
27255
260
109487
121231
52319
5618
82461
106696
32025
1210
1176
318
232
1211
35836
31221
2068
7376
4721
122886
1721
33794
31878
1265
3948
104283
46578
97938
95441
93040
72998
68358
56367
34321
4018
27611
26662
8464
7161
5299
4973
26585
26554
8961
61024
2019
1274
924
741
78209
76251
8528
8874
2502
104
36401
8865
6754
132046
2571
2924
2997
3265
3996
4993
5782
5902
5952
6350
6539
6857
7022
7090
7153
7844
8795
1209
599
1232
94969
96728
96610
96588
96417
95761
95558
95449
95135
94959
89492
94931
91077
90866
90531
90439
90376
90057
89804
96811
96832
97304
97673
103688
103624
103449
103372
103107
102469
102194
101895
101525
101285
99149
99114
98961
98154
97923
97921
97752
89759
89470
105355
72176
78039
74545
74324
73023
72741
72720
72395
72226
72131
89260
72011
71745
71464
71108
70293
69481
67429
67255
78574
78653
79242
80463
88810
88235
88129
87304
86833
86320
85394
83976
82463
82459
82313
81932
81845
81786
81591
81562
80489
105197
105504
66665
134881
142488
141749
140725
140715
140174
139642
139385
137337
134859
128512
134130
133771
133645
132800
132549
132547
132458
131796
143385
144172
146656
148482
111931
111384
82152
66203
47044
138610
164979
164977
163949
163056
161582
161336
160954
158783
156387
155064
148626
128606
128360
106100
111622
112852
112556
112552
112550
112515
112290
112183
112070
111505
128235
111251
111249
110871
107636
107141
106920
106916
106766
113064
114254
114342
114459
127212
127206
127144
127114
127108
123695
123663
122882
118880
118700
117176
116797
116161
115713
115569
115139
114662
67087
67665
64839
6433
7195
6983
6981
6874
6830
6783
6643
6515
6229
7335
5956
5795
5791
5747
5464
5289
5198
5169
7243
7438
31770
8645
26151
64701
25927
25805
8767
8766
8765
8751
8584
7792
8494
8236
8207
8195
8154
8128
8125
7926
4928
4763
4712
2109
2927
2920
2857
2747
2730
2202
2182
2178
1957
4437
1942
1935
1572
1283
1281
1273
1272
1260
2936
3022
3089
3111
4327
4326
4262
4103
3947
3811
3789
3742
3679
3671
3634
3632
3629
3539
3498
3415
3384
26366
26150
34517
55069
55946
55442
55363
55280
55276
55269
55253
55118
55063
52967
55052
54881
54513
54286
54272
37741
53894
53123
56015
56152
56286
56607
64622
64620
64614
63876
63082
61357
61323
61240
61236
60766
60069
58879
58191
57669
56805
56788
56782
53000
53953
52579
46664
45210
52281
47274
45028
42217
41997
47423
47629
41863
41585
48516
48696
40819
48738
48774
40629
39183
49824
49917
38304
50068
51540
52241
46723
3793
593
1120
858
377
4121
186
300
357
339
587
1610
1200
1042
293
215
2028
306
319
2677
3246
588
1245
2330
364
