3160
2985
8781
7347
5602
4638
4223
4023
3916
153
3175
2989
3499
2600
2329
2273
434
1617
494
780
745
44199
1036
3994
5064
1291
8795
4993
7153
5952
318
2571
293
6218
3114
106473
4326
1957
8128
1273
3111
1211
1197
1172
3679
3811
5198
4103
4262
5747
2019
4011
5902
3260
3978
2677
364
588
1245
2330
3246
319
306
3361
3949
924
132046
2028
215
111384
1
5618
121231
78499
1061
27611
135518
5971
741
1274
6857
104283
52885
70286
72998
3030
247
26662
6350
3751
1281
3893
1283
1572
1935
3785
78349
1272
4016
3113
4351
1260
4369
4641
4701
4823
4890
5135
4306
2692
3052
2700
520
529
1942
587
628
661
1059
1242
1259
1358
1376
1517
1635
1639
1801
1954
1956
2004
2012
2085
2369
2396
5377
5349
8636
5481
1088
64969
63131
59725
45720
8533
6942
6863
2942
1997
357
1028
3707
4322
77455
60072
47099
40148
6016
117533
2361
1900
8369
3176
5984
5812
954
6281
6953
65514
1232
68954
1209
88125
107649
44191
1153
946
7155
914
3676
5449
55247
106918
757
146501
541
53318
39421
377
95441
337
69640
2082
80551
2359
2641
3257
3275
3300
3301
4069
5219
5507
7373
8861
27904
48394
60684
63992
66097
66934
69526
69712
71057
46970
47640
6985
7361
44555
82461
6754
104841
8972
36401
7458
1955
7478
32892
34162
35957
37729
45950
100365
2174
8623
111624
130682
1199
2968
4467
4911
5909
47465
4388
1131
64957
48711
4189
4612
6683
6986
27255
52319
5445
8865
104
300
7161
26614
34321
56367
68358
93040
2178
97938
106696
118997
54290
40614
111
1080
1256
2288
3546
5662
6287
6713
8188
27592
30745
31658
58559
67997
5
186
236
246
8464
5299
2502
4018
8528
61024
76251
78209
2924
2997
3265
3996
5782
6539
7022
7090
7844
8874
8961
26554
26585
31878
33794
1721
4721
7376
31221
32025
35836
50
232
1176
3948
2109
599
2182
90531
97752
97673
97304
96832
96811
96728
96610
96588
96417
95761
95558
95449
95135
94969
94959
94931
91077
97921
97923
98154
103372
106100
105504
105355
105197
103688
103624
103449
103107
98961
102469
102194
101895
101525
101285
99149
99114
90866
90439
71745
90376
81591
81562
2202
80463
79242
78653
78574
78039
74545
74324
73023
72741
72720
72395
72226
72176
72131
81786
81845
81932
88235
90057
89804
89759
89492
89470
89260
88810
88129
82313
87304
86833
86320
85394
83976
82463
82459
106766
106916
106920
107141
142488
141749
140725
140715
140174
139642
139385
137337
134881
134859
134130
133771
133645
132800
132549
132547
132458
143385
144172
146656
163949
111931
82152
66203
47044
138610
164979
164977
163056
148482
161582
161336
160954
158783
156387
155064
148626
131796
128606
128512
112290
114254
113064
112852
112556
112552
112550
112515
112183
114459
112070
111622
111505
111251
111249
110871
107636
114342
114662
128360
123663
128235
127212
127206
127144
127114
127108
123695
122882
115139
118880
118700
117176
116797
116161
115713
115569
72011
80489
41863
26151
25927
25805
8767
8766
8765
8751
8645
8584
8494
8236
8207
8195
8154
8125
7926
7792
7438
26150
26366
7243
31770
48516
47629
47423
47274
46723
46664
45210
45028
42217
41997
41585
40819
40629
39183
38304
37741
34517
7335
7195
48738
3947
3742
3671
3634
3632
3629
3539
3498
3415
3384
3089
3022
2936
2927
2920
2857
2747
2730
3789
4327
6983
4437
6981
6874
6830
6783
6643
6515
6433
6229
5956
5795
5791
5464
5289
5169
4928
4763
4712
48696
339
56788
55052
55069
55118
55253
55269
55276
64620
55280
55363
64614
55442
63876
63082
61357
61323
61240
61236
55946
60766
56015
60069
58879
56152
58191
57669
56286
56607
56782
55063
54881
56805
54513
49824
49917
71464
71108
50068
70293
69481
67665
51540
67429
52241
52281
67255
52579
67087
52967
53000
53123
53894
66665
64839
53953
54272
64701
54286
64622
48774
115617
134853
109487
94777
34405
79132
2424
1250
37733
3882
3703
55820
68319
107999
2068
122886
52973
1103
4041
350
27773
150
904
1265
1258
1210
46578
4995
8928
109249
74458
68157
4973
1704
62849
1089
109374
47
48780
2529
1219
1732
2542
608
4226
5608
260
1079
3809
3793
1729
778
2959
296
858
593
1042
1120
1200
1610
4121
