2571
8874
1265
4226
6539
97673
105197
106916
106766
106100
105355
103624
106920
103372
103107
102194
101895
107141
68157
79132
2959
4995
1291
143385
134130
8369
6281
128360
4306
128606
148626
142488
5445
133645
115713
134881
137337
139385
140174
146656
127114
141749
296
3629
1283
7243
5299
1704
52281
41997
1610
4121
593
858
1042
1120
1200
5608
122882
134859
127108
293
1089
56367
132046
68954
4973
35836
3949
5349
7155
2012
1954
55247
69640
3022
954
541
8125
1729
778
7347
494
4023
153
3916
3499
434
3160
2989
2985
8781
2600
1617
780
2329
2273
5602
4223
4638
3175
31878
46578
60072
48394
50
26614
3793
1219
70286
34321
2028
48780
118997
2936
61240
61236
8861
5791
55280
8645
6874
50068
5464
7438
27611
6218
3809
106696
47
111624
1079
67997
2529
52319
115617
1036
105504
135518
3994
55363
7458
745
2692
64969
5064
58879
63082
61323
61357
64614
63876
60766
64620
64622
67429
55063
64701
60069
64839
58191
57669
39421
72998
1732
5971
377
4369
7361
7161
74458
66934
69481
66665
72131
78653
73023
72720
67087
72226
72395
72011
71745
71464
71108
70293
3707
1258
1210
1028
109487
67665
69712
109374
64957
106918
27773
2997
2068
608
63131
5782
61024
46970
26554
94777
260
93040
6942
8928
109249
80489
81562
81845
81591
81932
82459
79242
78574
74324
74545
78039
67255
82463
80463
1176
134853
77455
37729
5812
6953
8636
5481
35957
357
520
34162
5377
107649
65514
32892
31658
52885
47465
58559
5
1955
186
236
246
3676
300
5909
106473
337
88125
350
7478
529
4351
587
8623
2369
2396
107999
2700
3052
3114
3260
3361
4823
3893
3978
4041
150
4701
30745
4641
2085
2004
45950
1250
628
661
5135
904
1059
4890
1242
1259
1956
1358
4911
1376
1517
1635
1639
130682
100365
68319
27592
2019
5507
5219
4069
3882
3301
3300
3275
3257
2641
2359
5449
1061
80551
2082
104841
8972
121231
741
924
7373
27904
34405
6754
71057
47640
6985
3030
5618
82461
104283
66097
8865
37733
36401
104
1103
2502
8528
52973
76251
78209
1274
2924
8188
3265
4612
4189
8464
26662
48711
68358
95441
54290
40614
111
247
1131
1256
4388
2288
3546
5662
6287
6713
3948
6683
318
7844
3996
4993
5902
5952
6857
7022
7090
7153
8795
69526
27255
26585
33794
122886
4721
7376
31221
32025
6986
339
78349
47274
132800
40629
40819
41585
132549
42217
132458
131796
46664
128512
128235
6981
127212
127206
127144
123695
1900
123663
118880
118700
117176
52579
39183
38304
37741
34517
7195
7335
7792
7926
8128
8154
8195
8207
8236
139642
8584
8751
8765
8766
8767
25805
25927
26150
26151
26366
31770
116797
116161
115569
85394
86833
87304
88129
88235
88810
89260
89470
89492
89759
89804
90057
90376
90439
90531
90866
91077
94969
110871
107636
102469
101285
86320
83976
115139
82313
114662
53953
114459
114342
114254
113064
112852
112556
112550
112515
55946
56015
112290
112183
112070
111622
111505
111249
72176
72741
81786
6983
133771
6830
1272
1153
1172
1197
1209
1211
1232
140715
158783
1260
1273
914
1281
1572
1935
1942
1957
2109
2178
2182
2202
946
757
155064
138610
111931
2361
6016
111384
82152
66203
4322
47044
1997
8533
161336
3176
5984
53318
164979
164977
163949
163056
161582
146501
156387
160954
2730
3789
3947
4103
4262
4326
4327
4437
4712
4763
4928
2747
5169
5198
5289
5747
5795
140725
6229
6433
6515
6643
6783
3811
144172
3089
3632
148482
2927
3384
3415
2920
3498
3742
3539
3111
3634
3671
2857
3679
4011
78499
3703
2542
6350
6863
45720
8961
1
117533
232
63992
60684
59725
99114
98961
97752
97304
96811
96728
101525
98154
96588
97921
97923
95558
95449
95135
99149
94959
94931
112552
55069
55442
2174
2424
55820
215
3751
599
111251
44199
47099
2942
44555
8494
132547
103449
103688
96417
95761
5956
96832
96610
44191
1245
588
364
319
306
3246
2677
2330
2968
40148
4018
62849
54272
53894
56805
56788
56782
56607
56286
56152
55276
55269
55253
55118
55052
54881
54513
54286
51540
52241
52967
53000
53123
4467
1721
97938
47629
47423
46723
49917
49824
48738
48696
48516
48774
45210
45028
41863
1199
1801
4016
1088
3785
1080
3113
