7153
5952
4993
8795
2019
50
26614
3978
3260
5902
260
1210
293
296
1957
6857
7361
1
8961
8128
1273
47
1211
1197
104283
5747
52885
4326
1274
3111
3679
741
3811
4103
4262
1172
4306
5198
318
150
924
78499
107999
2997
60072
2959
134853
26662
5782
26554
364
306
319
588
1245
3246
2677
2330
1729
778
132046
5618
93040
1250
106473
6350
3361
3114
1291
2288
88125
115617
1089
122886
5608
70286
27773
72998
27592
4226
2424
1258
2028
215
27611
68157
111384
2542
109487
121231
68319
130682
135518
2571
48394
1219
1061
34405
1997
79132
94777
48780
3703
1079
62849
1704
66097
74458
2529
2068
4995
1732
109249
5812
6281
5481
2182
5135
6953
2202
4890
4701
4823
5377
4369
2747
3022
2012
2085
2369
2396
2692
2700
3052
3089
3113
2936
4641
2927
3751
3785
3893
2920
4016
2857
4351
1935
1942
47099
65514
78349
2361
757
117533
146501
541
53318
5984
3176
45720
8533
1088
4322
77455
6016
40148
1900
914
1572
946
68954
107649
1956
44191
3676
1283
1281
55247
1260
1232
106918
1209
8369
1153
954
2004
3546
1954
8972
2082
80551
2359
2641
3257
3300
3301
4069
5219
5507
7373
27904
60684
63992
69526
69712
71057
47640
6985
44555
3030
5971
82461
6754
36401
104841
5445
8528
52319
1955
7478
32892
34162
35957
37729
45950
100365
2174
8623
111624
1199
2968
4467
4911
5909
47465
4388
1131
48711
4189
4612
6683
6986
27255
2502
61024
1801
5662
8188
30745
31658
58559
67997
5
236
246
300
337
357
520
529
587
628
661
904
1059
1242
1259
1358
1376
1517
1635
1639
6713
3539
76251
1256
78209
2924
3265
3996
7022
7090
7844
26585
33794
1721
4721
7376
31221
32025
232
1176
8464
68358
95441
97938
54290
40614
111
247
1080
3415
599
3629
96610
97921
97752
97673
97304
96832
96811
96728
96588
98154
96417
95761
95558
95449
95135
94969
94959
97923
98961
107141
103449
106916
106766
106100
105355
105197
103688
103624
103372
99114
103107
102469
102194
101895
101525
101285
99149
94931
91077
90866
79242
81932
81845
81786
81591
81562
80489
80463
78653
90531
78574
78039
74545
74324
73023
72741
72720
82313
82459
82463
83976
90439
90376
90057
89804
89759
89492
89470
89260
88810
88235
88129
87304
86833
86320
85394
106920
107636
72226
137337
142488
141749
140725
140715
140174
139642
139385
134881
144172
134859
134130
133771
133645
132800
132549
132547
143385
146656
110871
163949
111931
82152
66203
47044
138610
164979
164977
163056
148482
161582
161336
160954
158783
156387
155064
148626
132458
131796
128606
112550
114459
114342
114254
113064
112852
112556
112552
112515
128512
112290
112183
112070
111622
111505
111251
111249
114662
115139
115569
115713
128360
128235
127212
127206
127144
127114
127108
123695
123663
122882
118880
118700
117176
116797
116161
72395
339
72176
50068
7926
7438
7335
7243
7195
6983
6981
6874
6830
6783
48738
48774
49824
49917
51540
5956
52241
52281
6643
52579
52967
53000
53123
53894
6515
6433
53953
42217
54286
54513
8125
8154
8195
8236
45210
46664
41997
46723
41863
41585
40819
47423
40629
39183
47629
48516
38304
48696
37741
34517
31770
26151
26150
25927
72131
25805
8767
8766
8765
8751
8645
8584
8494
54881
54272
55052
4327
60766
61236
55063
61323
61357
63082
63876
64614
64620
64622
64701
64839
66665
67087
67255
67429
3789
67665
3742
69481
70293
3634
71108
71464
71745
3632
72011
60069
61240
56782
56788
56286
56152
56015
55946
55442
5464
55363
55280
55276
55269
55253
55118
5791
5795
55069
56607
45028
5169
58879
58191
5289
57669
56805
4763
6863
4018
64969
46970
7161
1028
63131
66934
106696
105504
109374
46578
1265
8928
56367
118997
34321
37733
3882
31878
55820
3809
64957
5299
4973
69640
350
52973
1103
4041
2730
1272
3275
8636
2109
7792
5349
6229
8207
2178
3948
4928
4712
4437
3498
26366
3947
377
3671
3384
47274
7458
608
8865
6539
8861
8874
1200
3793
1610
593
1120
858
4121
1042
3949
6218
4011
5064
3994
1036
745
44199
59725
2942
3707
780
494
434
153
1617
2273
3175
2329
5602
3160
3916
4023
2989
3499
4638
4223
7347
8781
2985
2600
5449
104
6287
186
39421
6942
35836
7155
