1997
318
3361
1250
1210
296
8154
1517
2012
4327
914
2857
3789
1209
130682
3634
111384
599
121231
1061
47
27773
1729
778
1089
132046
68157
2959
70286
72998
122886
2542
107999
260
1079
34405
94777
27611
109487
68319
2571
135518
3703
1732
79132
128512
3546
2529
2288
142488
1256
1219
143385
1080
109374
144172
247
111
40614
54290
134853
118997
5662
6287
6713
8188
377
357
350
337
300
246
236
215
186
5
67997
58559
52885
31658
30745
141749
27592
115617
109249
529
32025
148626
1176
155064
232
50
156387
35836
31221
2068
7376
4721
158783
1721
33794
31878
26585
1265
2424
106696
34321
97938
95441
93040
146656
68358
56367
46578
148482
3948
26662
26614
8464
7161
5299
4973
4018
520
628
587
68954
55247
5449
3676
106473
44191
107649
88125
65514
8369
8636
6953
6281
5812
5481
5377
5349
106918
139385
4890
5608
78499
77455
62849
60072
47099
40148
6016
134130
78349
134859
134881
1
117533
2361
1900
137337
5135
4823
8961
140715
140174
2004
1956
1954
1801
1639
1635
1376
2369
1358
1259
140725
1242
1059
904
661
2085
2396
4701
3893
4641
4369
4351
4306
4041
4016
3978
3785
2692
3751
139642
3260
3114
3113
3052
2700
26554
8795
8874
1028
3882
3809
3301
3300
3275
3257
2641
2359
164977
80551
2082
104841
69640
8972
7458
5445
608
4069
5219
5507
66097
46970
71057
69712
69526
161582
163056
66934
63992
7373
60684
48394
37733
163949
27904
8928
8861
52319
164979
138610
150
2968
1199
82152
111624
111931
8623
2174
100365
4911
45950
37729
35957
34162
32892
7478
1955
4467
5909
48780
6683
4995
4226
1704
1258
47044
27255
6986
4612
47465
4189
48711
74458
64957
1131
4388
66203
47640
6985
7361
4223
44199
8781
7347
6218
5602
5064
4638
4121
924
4023
4011
3994
3949
3916
3793
3499
741
1274
3160
5952
7844
7153
7090
7022
6857
6539
6350
5902
2019
5782
4993
3996
3265
2997
2924
160954
3175
2989
44555
36401
61024
55820
52973
8528
2502
1103
104
8865
78209
6754
161336
104283
82461
5971
5618
3030
76251
153
2985
1120
2600
2329
2273
1617
1610
1291
1200
1042
293
1036
858
780
745
593
494
434
4322
1088
128360
90439
81591
81562
80489
80463
79242
78653
78574
78039
74545
74324
73023
72741
72720
72395
72226
72176
72131
81786
81845
81932
88235
90057
89804
89759
89492
89470
89260
88810
88129
82313
87304
86833
86320
85394
83976
82463
82459
72011
71745
71464
56286
58879
58191
57669
56805
56788
56782
56607
56152
60766
56015
55946
55442
55363
55280
55276
55269
60069
61236
71108
64839
70293
69481
67665
67429
67255
67087
66665
64701
61240
64622
64620
64614
63876
63082
61357
61323
90376
90531
55118
90866
114254
113064
112852
112556
112552
112550
112515
112290
112183
112070
111622
111505
111251
111249
110871
107636
107141
114342
114459
114662
123663
128235
127212
127206
127144
127114
127108
123695
122882
115139
118880
118700
117176
116797
116161
115713
115569
106920
106916
106766
96417
97673
97304
96832
96811
96728
96610
96588
95761
97921
95558
95449
95135
94969
94959
94931
91077
97752
97923
106100
103107
105504
105355
105197
103688
103624
103449
103372
102469
98154
102194
101895
101525
101285
99149
99114
98961
55253
55069
133771
5169
3246
3111
3089
3022
2936
2927
2920
132549
2747
2730
2677
2330
2202
2182
2178
2109
2028
3384
3415
3498
3947
4763
4712
4437
131796
4326
4262
4103
3811
3539
132458
3742
3679
3671
132547
3632
3629
1957
1942
1935
3176
319
306
53318
39421
7155
5984
3707
64969
541
63131
59725
45720
8533
6942
6863
2942
364
588
1572
1211
1283
1281
1273
1272
1260
1245
1232
132800
146501
1197
1172
1153
954
946
133645
757
4928
5198
55063
5289
48516
47629
47423
47274
46723
46664
45210
45028
42217
41997
41863
41585
40819
40629
39183
38304
37741
48696
48738
48774
53123
55052
54881
54513
54286
54272
53953
53894
53000
49824
52967
52579
52281
52241
51540
50068
49917
34517
31770
26366
6643
7243
7195
6983
6981
6874
6830
6783
6515
7438
6433
6229
5956
5795
5791
5747
5464
7335
7792
26151
8645
26150
25927
25805
8767
8766
8765
8751
8584
7926
8494
8236
8207
8195
128606
8128
8125
339
