1120
2329
2985
858
780
2273
2989
3160
3175
3499
593
3916
1042
4023
4121
4223
4638
2600
153
494
1617
7347
26614
1200
8781
58559
5602
434
1610
50
318
293
44199
3793
4011
1036
3994
8125
4226
3022
954
541
745
3949
5064
1291
2936
3629
7243
1283
3361
2028
6218
2959
5608
48780
111384
121231
79132
27773
1061
2692
1219
2529
47
62849
1704
1089
74458
4995
1258
6016
3246
2677
588
2330
1245
364
319
306
215
6942
1259
1059
377
45720
520
59725
529
587
628
661
904
1956
1358
1954
1801
1639
1242
1635
1250
1517
350
1376
357
3703
337
2288
109374
115617
118997
134853
54290
40614
111
247
1079
3176
1080
64969
1256
1729
3546
300
5662
6287
6713
8188
27592
30745
31658
52885
63131
67997
5
186
236
8533
246
1028
6863
4641
3113
3114
3260
44191
3751
3785
3893
3978
4016
4041
4306
4351
4369
4701
2942
4823
4890
5135
5349
5377
5481
5812
6281
6953
8636
65514
68954
88125
3052
106473
2700
3676
1997
1088
107649
4322
78499
77455
60072
47099
40148
2542
778
1
117533
2361
1900
94777
78349
70286
8369
106918
55247
5449
2004
2012
106696
2369
2396
109249
135518
97938
8861
5507
5219
4069
3882
3809
3301
3300
3275
3257
2641
2359
1732
80551
2082
104841
7373
8928
8972
27904
6985
47640
46970
71057
69712
69526
68319
68157
66934
66097
63992
60684
48394
37733
34405
69640
7458
95441
4467
1199
130682
111624
107999
8623
2174
150
100365
45950
37729
35957
34162
32892
7478
1955
2968
4911
5445
5909
608
52319
109487
260
27255
6986
6683
4612
4189
48711
64957
1131
4388
296
47465
7361
44555
3030
1210
232
5984
35836
32025
31221
7376
4721
122886
1721
33794
31878
26585
26554
8961
8874
1176
1265
5618
2068
93040
72998
68358
56367
46578
34321
27611
26662
8464
7161
5299
4973
4018
3948
2424
8795
7844
7153
7090
76251
61024
55820
52973
8528
2502
1103
104
36401
8865
6754
132046
104283
82461
5971
78209
741
924
5782
7022
6857
6539
6350
5952
5902
4993
1274
3996
3265
2997
2924
2571
2019
3707
599
7155
97304
96811
96728
96610
96588
96417
95761
95558
95449
95135
94969
94959
94931
91077
90866
90531
90439
90376
96832
97673
89804
97752
105197
103688
103624
103449
103372
103107
102469
102194
101895
101525
101285
99149
99114
98961
98154
97923
97921
90057
89759
105504
80463
78653
78574
78039
74545
74324
73023
72741
72720
72395
72226
72176
72131
72011
71745
71464
71108
70293
79242
80489
89492
81562
89470
89260
88810
88235
88129
87304
86833
86320
85394
83976
82463
82459
82313
81932
81845
81786
81591
105355
106100
67665
143385
141749
140725
140715
140174
139642
139385
137337
134881
134859
134130
133771
133645
132800
132549
132547
132458
131796
142488
144172
128512
146656
111931
82152
66203
47044
138610
164979
164977
163949
163056
161582
161336
160954
158783
156387
155064
148626
148482
128606
128360
106766
114254
112852
112556
112552
112550
112515
112290
112183
112070
111622
111505
111251
111249
110871
107636
107141
106920
106916
113064
114342
128235
114459
127212
127206
127144
127114
127108
123695
123663
122882
118880
118700
117176
116797
116161
115713
115569
115139
114662
69481
67429
39421
6515
6229
5956
5795
5791
5747
5464
5289
5198
5169
4928
4763
4712
4437
4327
4326
4262
4103
6433
6643
3811
6783
8645
8584
8494
8236
8207
8195
8154
8128
7926
7792
7438
7335
7195
6983
6981
6874
6830
3947
3789
67255
1957
1935
1572
1281
1273
1272
1260
1232
1211
1209
1197
1172
1153
946
914
757
146501
53318
1942
2109
3742
2178
3679
3671
3634
3632
3539
3498
3415
3384
3111
3089
2927
2920
2857
2747
2730
2202
2182
8751
8765
8766
56788
56607
56286
56152
56015
55946
55442
55363
55280
55276
55269
55253
55118
55069
55063
55052
54881
54513
56782
56805
54272
57669
67087
66665
64839
64701
64622
64620
64614
63876
63082
61357
61323
61240
61236
60766
60069
58879
58191
54286
53953
8767
53894
45028
42217
41997
41863
41585
40819
40629
39183
38304
37741
34517
31770
26366
26151
26150
25927
25805
45210
46664
46723
47274
53123
53000
52967
52579
52281
52241
51540
50068
49917
49824
48774
48738
48696
48516
47629
47423
339
2085
