8236
115139
41585
2182
5289
31770
1260
6515
6830
56015
1153
5169
7195
8767
7335
8766
8765
8751
25927
46664
2924
3996
7844
7090
3265
7022
31878
65514
4306
52885
67997
5
186
215
31658
30745
236
27773
58559
357
246
300
337
350
8188
377
520
529
587
628
661
904
1059
27592
135518
6713
106696
95441
93040
72998
68358
56367
46578
34321
27611
26662
26614
8464
7161
5299
4973
4018
3948
2424
97938
109249
6287
109374
5662
3546
2529
1242
1729
1256
1219
1089
1080
1079
247
111
40614
54290
134853
118997
115617
2288
1635
1250
5608
2542
778
1
117533
2361
1900
94777
78349
70286
8369
106918
55247
5449
3676
106473
44191
3703
2959
6016
88125
40148
64969
63131
59725
45720
8533
6942
6863
2942
1997
1088
1028
4322
78499
77455
62849
60072
47099
107649
8636
1259
3260
3113
3052
2700
2692
2396
2369
2085
2012
2004
1956
1954
1801
1639
1265
1517
1376
1358
3114
3361
6953
3751
6281
5812
5481
5377
5349
5135
4890
4823
4701
4641
4369
4351
4041
4016
3978
3893
3785
2068
50
1210
2641
5219
4069
3882
3809
3301
3300
3275
3257
2359
7373
1732
1061
80551
2082
104841
69640
8972
7458
5507
8861
1176
69526
3030
44555
7361
6985
47640
46970
71057
69712
68319
8928
68157
66934
66097
63992
60684
37733
34405
27904
5445
608
52319
2174
4911
4467
2968
1199
130682
111624
107999
8623
150
121231
100365
45950
37729
35957
34162
32892
7478
1955
5909
47465
296
4388
109487
79132
48780
4995
4226
1704
1258
260
27255
6986
6683
4612
4189
48711
74458
64957
1131
5618
5971
82461
924
5952
5902
5782
4993
2997
2571
2019
1274
741
4023
44199
8781
7347
6218
5602
5064
4638
4223
6350
6539
6857
7153
318
232
3707
47
35836
32025
31221
7376
4721
122886
1721
33794
26585
26554
8961
8874
8795
4121
4011
104283
55820
593
494
434
293
153
78209
76251
61024
52973
3994
8528
2502
1103
104
36401
8865
6754
132046
745
780
858
1036
3949
3916
3793
3499
3175
3160
2989
2985
2600
2329
2273
1617
1610
1291
1200
1120
1042
3176
599
5984
97304
96811
96728
96610
96588
96417
95761
95558
95449
95135
94969
94959
94931
91077
90866
90531
90439
90376
96832
97673
89804
97752
105197
103688
103624
103449
103372
103107
102469
102194
101895
101525
101285
99149
99114
98961
98154
97923
97921
90057
89759
105504
80463
78653
78574
78039
74545
74324
73023
72741
72720
72395
72226
72176
72131
72011
71745
71464
71108
70293
79242
80489
89492
81562
89470
89260
88810
88235
88129
87304
86833
86320
85394
83976
82463
82459
82313
81932
81845
81786
81591
105355
106100
7155
144172
142488
141749
140725
140715
140174
139642
139385
137337
134881
134859
134130
133771
133645
132800
132549
132547
132458
143385
146656
128606
148482
111931
111384
82152
66203
47044
138610
164979
164977
163949
163056
161582
161336
160954
158783
156387
155064
148626
131796
128512
106766
114254
112852
112556
112552
112550
112515
112290
112183
112070
111622
111505
111251
111249
110871
107636
107141
106920
106916
113064
114342
128360
114459
128235
127212
127206
127144
127114
127108
123695
123663
122882
118880
118700
117176
116797
116161
115713
115569
114662
69481
67665
67429
8154
4262
4103
3947
3811
3789
3742
3679
3671
3634
3632
3629
3539
3498
3415
3384
3246
3111
4326
4327
4437
6643
67255
7926
7792
7243
6983
6981
6783
6433
4712
6229
5956
5795
5747
5198
4928
4763
3089
3022
2936
757
1211
1209
1197
1172
954
946
914
146501
1245
588
541
364
319
306
53318
39421
1232
1272
2927
2178
2920
2857
2747
2730
2677
2330
2202
2109
1273
2028
1957
1942
1935
1572
1283
1281
8128
8125
8195
55063
56286
56152
55946
55276
55269
55253
55118
55052
56782
54881
54513
54286
54272
53953
8207
53123
56607
56788
52967
63876
67087
66665
64839
64701
64622
64620
64614
63082
56805
61357
61323
60766
60069
58879
58191
57669
53000
53894
52579
37741
42217
41863
40819
40629
39183
38304
34517
45210
26366
26151
26150
25805
8584
8494
45028
339
48738
52241
46723
47274
47423
51540
47629
49917
48516
48696
49824
48774
48394
68954
41997
52281
61236
61240
55442
55069
55363
6874
50068
5791
7438
8645
5464
55280
