55442
55069
52281
41997
5618
7438
55280
50068
6874
5791
5464
8645
55363
114662
111622
112852
114342
116161
115569
112556
116797
117176
112290
112183
7090
7844
3996
2924
118700
118880
112515
48394
26662
1274
741
52885
6857
104283
65514
61236
61240
5971
50
26614
44191
6539
111251
31658
68954
56788
56805
56286
56782
54286
51540
52241
52967
53000
56607
53894
54272
53123
54513
55253
54881
55276
55269
56152
55052
55118
107999
115617
47
6350
31878
33794
1
88125
69640
3629
7243
1283
7022
3265
134859
122882
48780
117533
2028
4993
8795
1199
112552
1200
4121
1042
858
593
1120
1610
134853
924
7153
5952
7926
1273
141749
128606
127206
127114
115713
114459
128512
132800
111505
134881
137337
112550
133645
114254
113064
133771
53953
134130
140174
161336
139385
52579
8128
148626
101285
143385
3679
3811
4103
102469
4262
4326
4763
5198
146656
3111
5747
757
37729
1957
128360
8961
1197
1211
110871
111249
1172
142488
94969
56367
109374
127108
2019
3030
67665
81786
3793
78499
2730
247
2920
5299
1258
3634
55247
55820
2288
293
66097
4973
27592
105504
2068
106696
7161
58191
60069
57669
58879
64701
60766
55063
61323
61357
63082
63876
64614
64620
64622
64839
67429
2692
130682
27773
2529
1997
1028
78349
1089
8874
5902
3978
3260
62849
68319
68157
60684
4995
34321
109249
118997
61024
4226
66934
5608
1265
52319
7458
111624
67997
1219
70293
66665
67087
69481
72720
72395
71464
71745
72011
72131
78653
73023
72226
71108
63131
69712
64957
2959
64969
46578
4018
6863
1259
2700
520
377
5135
3052
107649
3113
3361
357
3751
3785
3893
337
4016
4306
4351
4369
3676
4641
4701
300
4823
246
4890
529
2396
1358
587
1376
1242
1059
8636
904
1517
1635
1639
6953
6281
5812
5481
5377
5349
1801
661
1954
628
1956
2004
2012
2085
2369
236
599
215
2359
27255
121231
5445
8972
104841
2082
80551
1061
2641
186
3257
3275
3300
3301
3809
4069
5219
5507
6986
6683
4612
4189
1955
7478
32892
35957
45950
100365
150
2174
8623
2968
4467
4911
5909
47465
4388
1131
48711
7373
8861
8928
232
3948
8464
68358
93040
95441
97938
54290
111
1080
1256
3546
5662
6287
6713
8188
30745
5
318
32025
27904
7376
69526
71057
47640
6985
7361
82461
6754
8865
36401
104
2502
8528
76251
78209
2997
26554
4721
5449
339
106918
106916
72176
72741
8369
156387
155064
148482
144172
140725
140715
139642
132549
132547
132458
131796
128235
127212
127144
123695
123663
115139
112070
107636
107141
158783
56015
55946
38304
8767
25805
164979
25927
26150
26151
26366
31770
34517
37741
97923
160954
40629
164977
40819
41585
42217
163949
163056
46664
161582
47274
106920
106766
8765
106100
90057
98961
90376
90439
90531
90866
91077
94931
94959
95135
95449
95558
95761
96417
96588
96610
96728
98154
96811
96832
97304
97673
97752
89804
89759
89492
85394
105355
105197
103688
103624
103449
82313
103372
103107
83976
102194
101895
89470
101525
86320
99149
99114
86833
87304
88129
88235
88810
89260
8766
39183
138610
1153
1232
1245
1260
1272
1281
1572
1935
1942
2109
2178
2182
2202
2330
2677
8751
2857
2927
2936
3022
3089
3246
3384
3415
1209
954
3539
946
111931
1900
2361
6016
40148
60072
4322
1088
111384
8533
82152
3176
5984
66203
53318
306
319
364
541
47044
588
146501
914
3498
2747
3632
7335
6433
6515
6783
6830
6981
6983
7195
7792
5956
8125
8154
8195
8207
8236
8494
8584
6229
6643
97921
5795
4928
3742
3789
4712
5289
3671
5169
4437
4327
3947
1732
3703
2424
296
74458
1079
122886
94777
2542
1250
34405
77455
2942
1176
40614
3882
37733
3707
1704
47099
44555
39421
1729
778
109487
608
106473
46970
350
58559
49917
34162
49824
1103
52973
41863
45028
45210
46723
47423
47629
48516
48696
48738
48774
4041
135518
6942
6218
70286
260
5782
27611
59725
4011
1721
3949
7155
1291
1210
5064
72998
26585
81562
78039
79242
80463
80489
74545
81591
74324
67255
82459
82463
78574
81845
81932
31221
45720
132046
3994
35836
44199
2571
3114
1036
79132
780
494
434
153
2600
2985
8781
2989
3160
3175
3499
3916
2329
2273
4023
4223
1617
4638
5602
7347
63992
745
