608
296
4041
350
52973
1103
35836
3809
1079
55820
1729
778
4973
37733
3882
7155
1089
68157
1732
8928
2959
109249
46578
109374
2542
5299
6942
39421
34321
8874
2068
118997
3707
31878
2942
63131
1265
7161
59725
115617
6539
2968
46970
94777
6218
56367
64969
6350
4467
4911
47465
4018
6863
1199
66934
236
337
357
300
377
246
1059
520
529
587
628
661
904
186
1242
1250
1259
1358
1376
1517
1635
215
2288
5
67997
68358
72998
93040
95441
97938
106696
134853
54290
40614
111
247
1080
1219
1256
1801
2529
3546
5662
6287
6713
8188
27592
27773
30745
31658
52885
58559
1639
135518
1954
77455
60072
47099
40148
6016
5608
1
117533
2361
1900
78349
70286
8369
106918
55247
5449
62849
78499
106473
4322
757
146501
588
541
364
319
306
53318
5984
3176
45720
8533
1997
1088
1028
3676
44191
1956
4351
4016
3978
3893
3785
3361
3260
3114
3113
3052
2700
2692
2396
2369
2012
2004
4306
4369
3703
4641
107649
88125
68954
65514
8636
6953
6281
5812
5481
5377
5349
5135
4890
4823
4701
3751
232
27611
3300
27904
8861
7373
5507
5219
4069
3301
3275
8972
3257
2641
2359
1061
80551
2082
104841
34405
48394
60684
63992
132046
104283
82461
5971
5618
3030
44555
7361
6985
47640
71057
69712
69526
68319
66097
69640
7458
26662
150
4388
5909
130682
111624
107999
8623
2174
100365
5445
45950
37729
35957
34162
32892
7478
1955
1131
64957
74458
48711
52319
121231
109487
79132
48780
4995
4226
1704
1258
260
27255
6986
6683
4612
4189
6754
8865
36401
5952
8961
8795
7844
7153
7090
7022
6857
5902
104
5782
4993
3996
3265
2997
2924
2571
26554
26585
33794
1721
26614
8464
3948
2424
1210
1176
318
954
50
47
32025
31221
7376
4721
122886
2019
1274
924
2600
2273
1617
1291
1036
780
745
494
434
293
153
78209
76251
61024
8528
2502
2329
2985
741
2989
44199
8781
7347
5602
5064
4638
4223
4023
4011
3994
3949
3916
3499
3175
3160
946
339
1153
95135
96811
96728
96610
96588
96417
95761
95558
95449
94969
89759
94959
94931
91077
90866
90531
90439
90376
90057
96832
97304
97673
97752
105197
103688
103624
103449
103372
103107
102469
102194
101895
101525
101285
99149
99114
98961
98154
97923
97921
89804
89492
67255
72226
78574
78039
74545
74324
73023
72741
72720
72395
72176
89470
72131
72011
71745
71464
71108
70293
1172
67665
78653
79242
80463
80489
89260
88810
88235
88129
87304
86833
86320
85394
83976
82463
82459
82313
81932
81845
81786
81591
81562
105355
105504
106100
134881
142488
141749
140725
140715
140174
139642
139385
137337
134859
106766
134130
133771
133645
132800
132549
132547
132458
131796
143385
144172
146656
148482
111931
111384
82152
66203
47044
138610
164979
164977
163949
163056
161582
161336
160954
158783
156387
155064
148626
128606
128512
128360
114254
112852
112556
112552
112550
112515
112290
112183
112070
111622
111505
111251
111249
110871
107636
107141
106920
106916
113064
114342
128235
114459
127212
127206
127144
127114
127108
123695
123663
122882
118880
118700
117176
116797
116161
115713
115569
115139
114662
67429
69481
67087
5791
6830
6783
6643
6515
6433
6229
5956
5795
5747
4262
5464
5289
5198
5169
4928
4763
4712
4437
6874
6981
6983
7195
8767
8766
66665
8751
8645
8584
8494
8236
8207
8195
8128
8125
7926
7792
7438
7335
7243
4326
4103
25927
1572
2202
2182
2178
2109
2028
1957
1942
1935
1283
3947
1281
1273
1272
1260
1245
1232
1211
1197
2330
2677
2730
2747
3811
3742
3679
3671
3632
3629
3539
3498
3415
3384
3246
3111
3089
3022
2936
2927
2920
25805
8765
26150
55118
56015
55946
55442
55363
55280
55276
55269
55253
55069
56286
55063
55052
54881
54513
54286
54272
53953
26151
56152
56607
53000
61323
64839
64701
64622
64620
64614
63876
63082
61357
61240
56782
61236
60766
60069
58879
58191
57669
56805
56788
53123
53894
52967
41997
42217
45028
41585
45210
40819
40629
39183
46664
38304
37741
46723
47274
47423
47629
48516
48696
48738
48774
49824
49917
50068
34517
51540
52241
52281
31770
26366
52579
41863
3793
1200
593
858
1042
1120
1610
4121
599
3634
8154
4327
2857
2085
3789
1209
914
