116161
117176
112290
112183
114342
111622
114662
112852
116797
115569
112556
118700
118880
112515
111251
112552
117533
81562
80489
81591
80463
79242
78574
81845
78039
81932
74324
74545
67255
82459
82463
1259
296
106916
106766
106100
106920
105197
103624
103372
103107
101895
107141
97673
105355
102194
109374
78499
77455
74458
1729
778
105504
1089
68157
79132
2959
2542
1079
1732
186
1376
54290
904
134853
118997
1059
1242
115617
337
1250
357
1358
1517
5
1635
1639
1801
106696
1954
1956
2004
2012
2085
2369
2396
661
40614
247
300
377
67997
58559
52885
236
31658
30745
520
27592
8188
6713
6287
5662
3546
2288
529
587
628
350
1256
3052
1080
246
2700
135518
3113
64969
59725
45720
8533
6942
6863
2942
1997
1088
1028
4322
60072
40148
6016
1
1900
63131
3176
3114
3707
1260
1211
1209
1197
1172
1153
954
946
914
757
146501
541
39421
7155
5984
94777
78349
70286
8369
5349
5135
4890
4823
4701
4641
4369
4351
4306
4041
4016
3893
3785
3751
3361
72998
5377
5481
3703
106918
55247
5449
3676
106473
44191
107649
5812
88125
68954
65514
8636
6953
6281
95441
4721
68358
2641
4069
3882
3301
3300
3275
3257
2359
5445
1061
80551
2082
104841
69640
8972
5219
5507
7373
8861
27904
34405
37733
48394
60684
63992
66097
66934
68319
69526
69712
71057
46970
7458
52319
3030
100365
130682
111624
107999
8623
2174
150
45950
121231
37729
35957
34162
32892
7478
1955
1199
2968
4467
4911
5909
47465
4388
1131
64957
48711
4189
4612
6683
6986
27255
260
109487
47640
5618
56367
1721
35836
32025
31221
7376
1273
122886
31878
6857
26585
8961
8874
8795
7844
7090
50
232
318
1176
1210
1265
2068
2424
3948
4018
5299
7161
8464
26614
26662
27611
34321
7022
6539
5971
1103
76251
61024
55820
52973
8528
2502
104
6350
36401
8865
6754
132046
104283
82461
78209
593
858
1042
1120
1200
1610
3793
4121
741
1274
2019
2571
2924
3265
3996
4993
1272
599
1281
72226
81786
78653
73023
72741
72720
72395
72176
83976
72131
72011
71745
71464
71108
70293
82313
85394
91077
89492
90531
90439
90376
90057
89804
89759
89470
86320
89260
88810
88235
88129
87304
86833
69481
67665
67429
56015
56805
56788
56782
56607
56286
56152
55946
67087
55442
55363
55280
55276
55269
55253
57669
58191
58879
60069
60766
61236
61240
61323
61357
63082
63876
64614
64620
64622
1283
64839
66665
90866
94969
55069
140715
146656
144172
143385
142488
141749
140725
140174
148626
139642
139385
137337
134881
134859
134130
148482
155064
95761
164979
111931
111384
82152
66203
47044
138610
164977
156387
163949
163056
161582
161336
160954
158783
133771
133645
132800
111249
114459
114254
113064
112550
112070
111505
110871
132549
107636
103688
103449
102469
101285
96417
115139
115713
122882
123663
123695
127108
127114
127144
127206
127212
128235
128360
128512
128606
131796
132458
132547
55118
64701
339
26366
4326
4262
4103
3947
3811
3789
8207
8236
8494
3679
8584
8645
8751
3671
3634
3632
8765
3629
8766
8767
25927
7195
3539
4327
4437
8154
8125
6874
7243
6830
55063
7335
6515
7438
7792
7926
6229
5956
4712
5795
5791
5747
5464
5289
5198
5169
8128
4928
4763
3498
6983
31770
52579
3384
2182
2178
50068
2109
51540
52241
1957
52281
1942
52967
2747
53000
53123
53894
53953
54272
54286
54513
54881
1935
55052
2730
2202
39183
46664
41585
41997
3089
40819
3022
40629
2936
3111
2927
38304
47274
37741
2920
2857
34517
109249
8928
4973
111
3809
27773
608
2692
53318
4995
1704
62849
2361
47
6218
1258
93040
2529
1219
26554
48780
46578
5782
1291
5064
47099
745
3994
215
1036
44555
2028
97938
5608
2997
293
4226
3949
4011
7361
153
8781
41863
5602
3246
47629
45028
48738
1245
49917
49824
48774
2330
2677
588
364
45210
319
306
48696
48516
4223
47423
46723
4638
7347
4023
2600
434
494
3916
1617
2273
2329
780
3175
3499
2985
3160
2989
96610
96832
44199
97921
97752
97304
96811
96728
98961
96588
98154
95558
95449
95135
94959
94931
97923
101525
99149
99114
7153
5952
33794
3260
3978
5902
924
6985
1572
1232
8195
6981
3742
25805
26151
6433
3415
6643
42217
6783
26150
