4121
1610
1200
1120
1042
858
593
3789
1209
914
2857
4327
8154
3634
599
3793
1250
1210
1259
377
1281
47
924
1199
26585
1291
1942
2202
3632
2927
1935
6983
946
3089
1036
4467
107636
123695
2747
112070
3539
8584
34517
55946
82313
72176
123663
72741
164977
127144
164979
148482
127212
140725
128235
140715
139642
132549
132458
131796
5902
3978
3260
3265
7022
2920
5782
46664
25927
41997
52281
33794
2968
48394
44191
7153
5952
127108
7243
3629
1283
2936
88125
2288
2028
5608
27592
1258
60684
70286
130682
27773
72998
1219
2529
34405
1997
4011
3949
132046
62849
1704
122886
66097
74458
107999
4995
27611
109487
68319
2571
135518
94777
4226
3703
48780
337
114254
30745
31658
52885
58559
67997
5
186
215
236
246
300
1635
1517
114342
113064
520
529
587
628
661
904
1059
1242
112852
112556
1358
357
96417
1801
8188
50
232
318
1176
116161
2424
3948
8464
26614
26662
115713
68358
115569
93040
95441
97938
54290
40614
111
247
115139
114662
114459
3546
5662
6287
6713
1639
1956
1954
1900
65514
68954
112515
107649
112290
106473
3676
5449
106918
8369
112183
78349
2361
6953
117533
1
111622
6016
40148
47099
60072
111505
77455
78499
4322
111251
8636
95761
32025
3893
2004
2012
2085
2369
2396
2700
3052
3113
3114
3361
3751
3785
112550
5812
4016
4306
4351
4369
4641
4701
4823
4890
5135
5349
5377
5481
116797
31221
45720
155064
161582
161336
121231
52319
5445
7458
8972
69640
104841
2082
80551
1061
2359
2641
3257
3275
3300
3301
4069
5219
5507
7373
8861
27904
160954
158783
156387
163056
163949
27255
82152
1955
7478
32892
34162
35957
37729
45950
100365
150
8623
111931
111384
66203
6986
47044
4911
5909
47465
4388
1131
64957
138610
48711
4189
4612
6683
63992
148626
7376
69526
133771
133645
741
132800
1274
132547
2924
2997
128606
3996
4993
128512
128360
127206
6857
127114
7090
122882
7844
8795
8961
26554
118880
118700
1721
117176
4721
134130
134859
134881
8865
69712
71057
47640
6985
7361
44555
3030
5618
82461
104283
146656
6754
36401
137337
104
2502
8528
61024
76251
78209
144172
143385
142488
141749
140174
139385
8533
6281
59725
55442
53953
54272
54286
54513
54881
55052
55063
55069
55118
55253
55269
55276
55280
55363
96811
53123
56015
56152
56286
56607
56782
56788
56805
57669
58191
58879
60069
60766
61236
61240
53894
53000
61357
45210
26151
26366
31770
97752
37741
38304
39183
40629
40819
41585
41863
97673
42217
45028
97304
52967
46723
47423
47629
48516
48696
48738
48774
49824
49917
50068
51540
52241
96832
52579
61323
63082
97921
89470
81845
81932
96588
82459
82463
83976
85394
86320
86833
87304
88129
88235
88810
89260
89492
81591
89759
89804
90057
90376
90439
90531
90866
91077
94931
94959
94969
95135
95449
95558
81786
81562
63876
71745
64614
64620
64622
64701
64839
66665
67087
67255
67429
67665
69481
70293
71108
71464
72011
80489
72131
96728
72226
72395
72720
96610
73023
74324
74545
78039
78574
78653
79242
80463
26150
47274
99149
2330
101895
102194
102469
3498
3415
3384
3246
3111
103107
103372
103449
103624
103688
105197
2730
101525
3671
3679
4712
5464
5289
5198
5169
4928
4763
4437
3742
4326
4262
4103
3947
3811
101285
2677
105355
5791
2182
1153
110871
111249
757
146501
588
364
319
306
53318
39421
7155
5984
3707
3176
1172
1197
107141
1572
2178
2109
105504
1957
106100
106766
106916
1211
106920
1273
1272
1260
1245
1232
5747
339
98154
99114
6643
6783
8128
8765
8751
6830
8766
6433
8767
6874
25805
6981
8645
6229
5956
7335
5795
7926
8195
8207
7792
8236
7438
6515
8494
98961
97923
7195
293
5064
745
3994
44199
2329
2600
8781
434
2273
1617
2985
2989
3160
3175
3499
780
3916
7347
494
153
4023
4223
4638
5602
134853
4018
6350
64969
56367
46970
6942
7161
66934
79132
46578
63131
31878
35836
2019
115617
8928
8874
34321
55247
111624
2692
6539
2959
6218
109374
5971
5299
2068
118997
1732
106696
541
954
8125
3022
109249
4973
6863
3882
37733
112552
3809
55820
2174
68157
1729
778
2542
260
608
1028
1080
1256
1376
1103
52973
4041
1265
350
1079
2942
1089
296
1088
