628
306
2330
588
3246
319
2677
364
1245
2028
215
52973
350
4041
1103
293
55820
37733
3882
1259
1956
1801
1639
1954
1358
1635
1517
1376
1250
1242
2004
135518
2012
2085
4016
3978
3893
3785
3751
3361
3260
3114
3113
3052
904
2700
2692
2396
2369
1059
377
661
8188
6287
5662
3546
2529
2288
1729
1256
1219
1089
1080
247
111
40614
54290
134853
6713
27592
587
27773
529
520
4351
357
337
300
246
236
186
5
67997
58559
52885
31658
30745
4306
5135
4369
6942
3707
3176
64969
63131
59725
45720
8533
6863
60072
2942
1997
1088
1028
4322
78499
77455
5984
7155
39421
53318
1273
1272
1260
1232
1211
1209
1197
1172
1153
954
946
914
757
146501
541
62849
47099
4641
6281
3703
107649
88125
68954
65514
8636
6953
5812
40148
5481
5377
5349
115617
4890
4823
4701
44191
106473
3676
5449
6016
5608
2959
2542
778
1
117533
2361
1900
94777
78349
70286
8369
106918
55247
118997
93040
106696
97938
5219
4069
3301
3300
3275
3257
2641
2359
1061
80551
2082
104841
69640
8972
7458
5445
52319
5507
7373
8861
69526
44555
7361
6985
47640
46970
71057
69712
68319
27904
68157
66934
66097
63992
60684
48394
34405
121231
109487
79132
150
2968
1199
130682
111624
107999
8623
2174
100365
4911
45950
37729
35957
34162
32892
7478
1955
4467
5909
48780
6683
4995
4226
1704
1258
260
27255
6986
4612
47465
4189
48711
74458
64957
1131
4388
296
3030
5618
5971
4721
232
50
47
35836
32025
31221
7376
122886
1176
1721
33794
31878
26585
26554
8961
8874
318
1210
7844
26662
95441
1283
72998
68358
56367
34321
27611
26614
1265
8464
7161
5299
4018
3948
2424
2068
8795
7153
82461
61024
1200
1120
1042
858
593
78209
76251
8528
3793
2502
104
36401
8865
6754
132046
104283
1610
4121
7090
4993
7022
6857
6539
6350
5952
5902
5782
3996
741
3265
2997
2924
2571
2019
1274
924
1281
599
1572
90531
97752
97673
97304
96832
96811
96728
96610
96588
96417
95761
95558
95449
95135
94969
94959
94931
91077
97921
97923
98154
103372
106100
105504
105355
105197
103688
103624
103449
103107
98961
102469
102194
101895
101525
101285
99149
99114
90866
90439
106916
90376
81591
81562
80489
1935
79242
78653
78574
78039
74545
74324
73023
72741
72720
72395
72226
72176
72131
81786
81845
81932
88235
90057
89804
89759
89492
89470
89260
88810
88129
82313
87304
86833
86320
85394
83976
82463
82459
106766
106920
71745
131796
143385
142488
141749
140725
140715
140174
139642
139385
137337
134881
134859
134130
133771
133645
132800
132549
132547
144172
146656
148482
164977
111931
111384
82152
66203
47044
138610
164979
163949
148626
163056
161582
161336
160954
158783
156387
155064
132458
128606
107141
128512
114342
114254
113064
112852
112556
112552
112550
112515
112290
112183
112070
111622
111505
111251
111249
110871
107636
114459
114662
115139
123695
128360
128235
127212
127206
127144
127114
127108
123663
115569
122882
118880
118700
117176
116797
116161
115713
72011
80463
71464
47629
8751
8645
8584
8494
8236
8207
8195
8154
8128
8125
7926
7792
7438
7335
7243
7195
6983
6981
6874
6830
6783
8765
8766
8767
40819
47274
46723
46664
45210
45028
42217
41997
41863
41585
40629
25805
39183
38304
37741
34517
31770
26366
26151
26150
25927
6643
6515
6433
2927
3629
3539
3498
3415
3384
3111
3089
3022
2936
2920
3634
2857
2747
2730
2202
2182
2178
2109
1957
1942
3632
3671
6229
4763
5956
5795
5791
5747
5464
5289
5198
5169
4928
4712
3679
4437
4327
4326
4262
4103
3947
3811
3789
3742
71108
47423
48516
55363
56805
56788
56782
56607
56286
56152
56015
55946
55442
55280
54272
55276
55269
55253
55118
55069
55063
55052
54881
48696
57669
58191
58879
60069
70293
69481
67665
67429
67255
67087
66665
64839
64701
64622
64620
64614
63876
63082
61357
61323
61240
61236
60766
54286
54513
53953
52579
48738
48774
49824
49917
50068
51540
52241
52281
339
53894
53123
53000
52967
6218
608
1732
3949
109374
46578
4011
5064
109249
745
8928
3994
1036
4973
44199
1079
153
780
434
494
1617
2989
3175
4638
4223
4023
3916
7347
3499
3160
2985
2600
2329
2273
5602
8781
3809
1291
