593
4121
1610
1200
1120
1042
858
3793
3052
2692
2396
2369
135518
2085
2012
2004
1956
1954
1801
1639
1635
1517
1376
2700
3361
3113
3114
3260
4890
3751
3785
3893
3978
4016
4306
4351
4369
4641
4701
1358
1259
1250
2288
27592
8188
6713
6287
5662
3546
2529
1256
30745
1219
1089
1080
247
111
40614
54290
27773
31658
1242
357
1059
904
628
587
529
520
377
337
52885
300
246
236
186
5
67997
58559
4823
5135
118997
5349
954
946
914
757
146501
541
53318
39421
7155
5984
3707
3176
64969
63131
59725
45720
8533
1153
1172
1197
1935
2730
2202
2182
2178
2109
1957
1942
1572
1209
1283
1281
1273
1272
1260
1232
1211
6942
6863
2942
88125
55247
5449
3676
106473
44191
3703
107649
68954
8369
65514
8636
6953
6281
5812
5481
5377
106918
70286
1997
47099
1088
1028
4322
78499
77455
62849
60072
40148
78349
6016
5608
1
117533
2361
1900
94777
134853
95441
115617
80551
3301
3300
3275
3257
2641
2359
1061
2082
106696
104841
69640
8972
7458
5445
52319
121231
4069
5219
5507
7373
47640
46970
71057
69712
69526
68319
68157
66934
66097
63992
60684
48394
34405
27904
8861
109487
79132
48780
4467
1199
130682
111624
107999
8623
2174
150
100365
45950
37729
35957
34162
32892
7478
1955
2968
4911
4995
5909
4226
1704
1258
260
27255
6986
6683
4612
4189
48711
74458
64957
1131
4388
47465
6985
7361
44555
1265
1176
318
232
50
47
35836
32025
31221
7376
4721
122886
1721
33794
31878
26585
1210
2068
8961
2424
97938
2857
93040
72998
68358
56367
34321
27611
26662
26614
8464
7161
5299
4018
3948
26554
8874
3030
1274
741
78209
76251
61024
8528
2502
104
36401
8865
6754
132046
104283
82461
5971
5618
924
2019
8795
2571
7844
7153
7090
7022
6857
6539
6350
5952
5902
5782
4993
3996
3265
2997
2924
2747
599
2920
97752
97304
96832
96811
96728
96610
96588
96417
95761
95558
95449
95135
94969
94959
94931
91077
90866
90531
97673
97921
106766
97923
105504
105355
105197
103688
103624
103449
103372
103107
102469
102194
101895
101525
101285
99149
99114
98961
98154
90439
90376
90057
89804
80489
80463
79242
78653
78574
78039
74545
74324
73023
72741
72720
72395
72226
72176
72131
72011
71745
2927
81591
81786
87304
89759
89492
89470
89260
88810
88235
88129
86833
81845
86320
85394
83976
82463
82459
82313
81932
106100
106916
71108
144172
142488
141749
140725
140715
140174
139642
139385
137337
134881
134859
134130
133771
133645
132800
132549
132547
132458
143385
146656
106920
148482
111931
111384
82152
66203
47044
138610
164979
164977
163949
163056
161582
161336
160954
158783
156387
155064
148626
131796
128606
128512
128360
114254
113064
112852
112556
112552
112550
112515
112290
112183
112070
111622
111505
111251
111249
110871
107636
107141
114342
114459
114662
123663
128235
127212
127206
127144
127114
127108
123695
122882
115139
118880
118700
117176
116797
116161
115713
115569
71464
81562
70293
8207
8767
8766
8765
8751
8645
8584
8494
8236
8195
6983
8154
8128
8125
7926
7792
7438
7335
7243
25805
25927
26150
26151
47274
46723
46664
45210
45028
42217
41997
41863
41585
40819
40629
39183
38304
37741
34517
31770
26366
7195
6981
47629
3632
4103
3947
3811
3789
3742
3679
3671
3634
3629
6874
3539
3498
3415
3384
3111
3089
3022
2936
4262
4326
4327
4437
6830
6783
6643
6515
6433
6229
5956
5795
5791
5747
5464
5289
5198
5169
4928
4763
4712
47423
339
55069
53953
55063
55052
54881
54513
61236
54286
54272
53894
49824
53123
53000
52967
52579
52281
51540
50068
60766
55118
55253
55269
57669
56805
56788
58879
56782
56607
56286
56152
56015
55946
60069
55442
55363
55280
55276
49917
52241
48774
64614
69481
67665
67429
67255
67087
48516
66665
64839
64701
64622
64620
48738
58191
63082
61240
61323
61357
63876
48696
109374
46578
109249
8928
4973
3882
37733
296
1732
55820
3809
2542
215
2028
6218
2959
1079
1103
4041
350
52973
3949
4011
5064
1291
293
745
608
306
2677
2330
3246
1729
1245
319
364
778
661
588
3994
1036
44199
2600
2329
2273
1617
3160
3175
3499
780
8781
2985
3916
494
434
153
4023
4223
4638
5602
7347
2989
