2959
2542
5952
7153
4226
4011
8795
4993
593
1120
1200
1610
4121
858
1042
778
1729
79132
62849
48780
40148
1704
4995
3793
55442
55069
2019
48394
61236
61240
1089
2571
296
5608
3260
5902
3978
52281
41997
5791
8645
55280
5464
50068
6874
7438
47
924
70286
74458
56367
1079
132046
68157
6539
55363
56286
55118
54286
54513
54881
53894
52241
52967
55052
55269
55253
56607
55276
56805
53123
53000
56788
56152
56782
51540
54272
2529
72998
2028
2692
64614
63082
61357
61323
64620
60766
60069
58879
58191
57669
64622
64701
63876
64839
67429
55063
1732
1219
27773
3949
33794
58559
3052
68358
37729
88125
318
7243
3629
1283
34405
66097
1258
2677
319
306
3246
1245
364
2330
588
2997
260
69640
1061
27611
55820
5299
46578
7361
68954
8928
135518
520
1639
4016
4306
4369
3275
5349
5377
5445
377
71745
72395
72226
72011
69481
71464
71108
70293
73023
67087
72720
66665
72131
78653
7458
31878
8874
4973
40819
40629
39183
38304
37741
109487
1210
5782
60684
64957
5064
93040
608
94777
26554
67997
67665
52973
1103
4041
350
215
61024
118997
111384
69712
954
8125
3022
541
1176
35836
150
3300
2396
3176
3948
7844
7090
3996
1059
8961
26614
8636
4701
50
337
71057
2924
339
6985
2936
81932
81845
82459
82463
81591
81562
80489
79242
78574
78039
80463
67255
74324
74545
40614
111624
66934
34321
1131
1088
3994
55247
115617
68319
2361
3030
232
27592
106696
52319
105504
121231
6863
26150
6433
6643
8195
26151
25805
1232
6981
1572
3742
42217
3415
6783
4890
2288
78349
3265
7022
2359
37733
109249
65514
77455
107999
111
2942
53318
78499
1028
1199
122886
1273
1211
3679
3111
3811
4103
1957
4262
4326
5198
1197
5747
8128
1172
130682
1997
247
293
44191
3160
5602
4638
434
4223
153
1617
4023
3499
8781
7347
2985
3175
2989
2273
2600
3916
2329
494
780
52885
31658
103107
102469
30745
53953
140725
1801
132458
1358
1376
143385
1635
98961
1956
128360
2004
144172
2369
98154
97923
2700
142488
1242
99114
904
131796
628
128606
529
99149
101285
55946
101525
101895
128512
246
141749
102194
103372
26662
8188
116797
4721
112556
112852
113064
114254
114342
114459
114662
115139
6857
115569
115713
116161
117176
31221
118700
118880
122882
123663
123695
1274
127108
741
139385
128235
127114
127144
127206
7376
32025
6713
107141
5662
3546
103624
1256
105197
105355
54290
97938
95441
106100
106766
106916
106920
107636
112550
146656
110871
8464
111249
140715
111505
140174
139642
111622
112070
112183
112290
112515
97921
127212
80551
47044
3632
8865
48711
134130
138610
104283
4763
82313
66203
5169
5289
5795
47465
6515
83976
3539
4189
4612
85394
3089
86320
2927
2920
47640
2747
6683
86833
87304
2202
2182
6986
6830
6983
88129
35957
2968
46664
82152
100365
45950
111931
34162
7195
32892
7478
72741
72176
52579
56015
41585
34517
31770
4467
25927
8767
8766
8765
8751
8584
8236
4911
5618
81786
7926
5909
7335
97752
27255
1942
8369
95449
148626
155064
156387
3676
132549
95135
90531
94969
1900
132800
94959
94931
91077
95558
76251
78209
5812
8972
96588
5135
134859
96728
4351
96811
97304
97673
3893
148482
104841
2082
1935
90866
158783
89260
89492
89470
146501
757
134881
946
1153
89804
133771
88810
1260
164979
1281
88235
89759
90057
90439
164977
160954
161336
161582
163056
163949
133645
90376
5984
137337
112552
3707
106918
39421
117533
6350
44555
1036
6218
111251
96610
96832
7155
1291
3634
82461
26585
64969
2068
27904
104
914
1209
6754
2857
5449
3789
4327
5956
8154
8494
1
4823
95761
6953
1080
103688
103449
6287
5219
4641
661
1259
1954
132547
96417
6281
3301
134853
109374
599
63131
5971
3361
7373
107649
106473
7161
6016
236
47099
3703
3751
745
3114
3809
44199
1265
2174
2730
69526
2641
47423
45028
46723
41863
47629
48516
48696
48774
49917
49824
45210
48738
3671
3947
2109
3384
2178
3498
4437
8207
26366
4712
7792
1272
357
47274
36401
8623
5481
6229
2085
2012
1250
587
4069
300
186
5
1955
4928
45720
3882
59725
8861
6942
4018
2424
4322
60072
8528
8533
3257
5507
4388
1721
63992
1517
3113
2502
3785
46970
