3175
4638
2329
2273
7347
2600
4223
780
3160
4023
1617
3916
8781
434
494
3499
5602
2985
153
2989
44199
1036
3994
5064
7153
5952
8795
4993
745
1291
1210
3949
72998
2019
4011
260
293
5902
3260
3978
4016
6754
68358
6218
924
132046
2571
122886
8972
3793
34405
1200
1120
1042
593
858
1610
4121
70286
7373
94777
8961
377
8636
1801
106696
48696
48738
48774
48516
47629
49917
47423
46723
45210
45028
49824
41863
27611
107999
5507
3301
3111
1273
33794
1211
1172
1957
58559
6281
35957
5747
5349
1197
5198
4326
4262
8128
4103
3811
3679
4306
44191
40614
135518
6350
1250
26585
114662
117176
116797
111622
112183
112290
112556
112852
114342
116161
115569
1274
52885
741
104283
6857
44555
47099
1028
112515
118700
118880
37733
68319
5782
2641
1199
26662
1704
3300
1
4069
5445
2330
3246
1245
2677
588
364
319
306
6539
31658
109487
3030
69640
106473
60684
215
50
26614
5608
79132
7022
3265
5618
2942
1088
105504
2692
1176
2068
60072
3384
2927
3089
30745
2920
5
186
2857
2747
2730
318
236
3498
529
246
2202
300
337
3415
4322
3539
1256
5791
54290
5464
5289
111
5169
4928
4763
4712
1080
4437
4327
1729
3948
3546
5662
3947
8464
904
3789
6713
3742
8188
3671
3634
3632
628
1956
2182
5135
5377
1272
5481
5812
6953
1260
1232
68954
1209
1153
3676
946
914
757
146501
106918
53318
8369
5984
3176
1900
2361
778
2542
40148
1281
4701
1059
4641
1242
2178
2109
1259
1358
1376
1635
1639
1954
2997
2004
2012
32025
2369
7376
2700
4721
3361
1942
26554
1935
1572
3893
4351
4369
5795
26366
6229
106100
102194
102469
103107
103372
34162
103624
32892
105197
105355
106766
101285
106916
106920
107141
107636
110871
111249
7478
111505
112070
101895
37729
163949
1131
161582
27255
6986
6683
94969
4612
4189
6433
48711
4388
45950
296
47465
5909
4911
4467
2968
97673
8623
100365
112550
113064
52319
142488
134881
137337
139385
139642
140174
140715
140725
141749
163056
143385
134130
144172
146656
148482
148626
155064
156387
158783
160954
161336
134859
133771
114254
127206
114459
115139
115713
122882
123663
123695
127108
127114
127144
127212
133645
128235
128360
128512
128606
131796
132458
1955
132549
132800
121231
164977
104841
56015
26150
26151
95441
31770
34517
37741
38304
39183
40629
40819
41585
41997
42217
46664
47274
50068
52281
52579
53953
55280
55363
25927
25805
8767
7438
6515
6643
6783
6830
6874
6981
6983
7195
7335
7792
8766
7926
8154
8195
8207
8236
8584
8645
8751
8765
2082
55946
78209
72176
80551
1061
164979
3257
3275
82313
138610
47044
27904
66203
72741
8528
82152
2502
8865
111931
71057
7361
6985
69712
47640
111384
46578
1997
130682
27592
247
67665
2288
232
78653
66665
69481
67087
70293
72720
72395
72226
72131
72011
71745
71464
71108
73023
1089
109374
3707
78349
5971
1258
117533
1732
48394
39421
112552
93040
134853
64969
81786
69526
67997
46970
8928
5219
339
88235
90439
90376
90057
2085
89759
89492
89470
89260
88810
4823
88129
87304
86833
86320
85394
83976
587
89804
90531
90866
91077
68157
63131
1079
115617
88125
2028
78499
2359
111251
6016
111624
109249
66934
7155
55247
65514
66097
3809
6863
34321
1219
77455
1103
4041
52973
350
8861
35836
27773
7161
1283
3629
7243
8874
7458
4973
2936
1265
56367
107649
47
2424
59725
97938
608
74458
599
2396
1721
55820
3022
3113
3785
7844
7090
3996
8125
36401
541
954
2924
8533
3114
31878
3703
3882
62849
64957
55069
55442
4226
6942
2959
80489
80463
79242
81591
78574
78039
74545
81562
82459
81845
81932
67255
82463
74324
8494
95761
96417
103449
103688
132547
5956
5299
52967
54272
56788
56805
56782
53000
53123
53894
55052
54881
56607
54513
51540
54286
52241
55118
55253
55269
56286
56152
55276
520
661
4890
45720
150
63992
48780
4018
4995
61024
82461
118997
2174
1517
3052
357
31221
76251
2529
3751
6287
5449
104
96832
96610
61236
61240
96811
96728
96588
101525
99149
99114
94959
95558
95449
95135
97752
94931
98961
98154
97923
97921
97304
64620
64622
57669
58191
58879
60069
60766
61323
61357
63082
63876
67429
64614
64839
64701
55063
