593
4121
1610
1200
1120
1042
858
3793
2028
8125
3022
541
954
7243
1283
3629
745
1258
111
494
4223
7347
3160
2985
5602
4638
2600
2329
434
780
3916
2273
3499
3175
153
1617
8781
4023
2989
2330
306
319
364
588
1245
3246
2677
2936
2692
1089
1704
3176
1956
26366
1954
3384
1259
2178
2109
1272
8207
47274
4437
3671
3498
924
4712
4928
6229
3947
7792
1199
1028
318
1997
2361
260
44199
3949
2730
4467
1036
3994
215
3260
3978
5902
5608
3114
5064
1291
33794
2968
52281
41997
4226
1732
44191
2542
7153
5952
3809
106473
68157
1219
6218
60684
3361
47
4995
106696
608
94777
1079
48394
4973
296
109249
2288
8928
130682
78349
1176
109487
27592
4011
111384
46578
109374
121231
53318
1061
2019
118997
132046
48780
2068
6539
122886
66934
27611
1210
134853
135518
2571
70286
72998
79132
2959
115617
27773
74458
55247
3257
5812
6281
6953
106918
8636
65514
68954
88125
5449
5377
2641
2359
107649
80551
2082
3676
104841
5481
5782
8369
3893
2396
63992
2700
3052
3113
34405
27904
7373
5507
3785
5219
4069
5349
3301
4016
3300
4306
4351
4369
4641
4701
4823
4890
5135
3275
7458
69640
4911
111624
8623
1088
2174
150
2942
6863
6942
8533
45720
100365
59725
63131
64969
45950
37729
35957
34162
32892
7478
1955
4322
78499
8972
77455
2085
5445
52319
1900
27255
6986
117533
6683
4612
1
778
4189
48711
64957
1131
6016
4388
47465
5909
40148
47099
2369
2004
2012
34321
1265
76251
2424
3948
5984
5299
7161
8464
26662
61024
8528
40614
56367
68358
93040
95441
97938
2502
104
36401
8865
6754
78209
741
1274
232
6350
3996
6857
7022
7090
3265
7844
8795
8874
8961
26554
26585
31878
2997
1721
2924
4721
7376
31221
32025
35836
54290
104283
4993
1059
337
357
520
47640
529
587
628
661
904
46970
1250
247
71057
1358
1376
1517
1635
1639
1801
69712
69526
66097
300
246
236
6985
82461
1080
5971
5618
1256
1729
3030
3546
5662
6287
6713
8188
44555
30745
31658
52885
7361
58559
67997
5
186
3707
599
7155
90439
97673
97304
96832
96811
96728
96610
96588
96417
95761
95558
95449
95135
94969
94959
94931
91077
90866
97752
97921
97923
103107
105504
105355
105197
103688
103624
103449
103372
102469
98154
102194
101895
101525
101285
99149
99114
98961
90531
90376
106766
90057
81562
80489
80463
79242
78653
78574
78039
74545
74324
73023
72741
72720
72395
72226
39421
72131
72011
81591
81786
81845
88129
89804
89759
89492
89470
89260
88810
88235
87304
81932
86833
86320
85394
83976
82463
82459
82313
106100
106916
71464
128606
142488
141749
140725
140715
140174
139642
139385
137337
134881
134859
134130
133771
133645
132800
132549
132547
132458
143385
144172
146656
163949
111931
82152
66203
47044
138610
164979
164977
163056
148482
161582
161336
160954
158783
156387
155064
148626
131796
128512
106920
128360
114254
113064
112852
112556
112552
112550
112515
112290
112183
112070
111622
111505
111251
111249
110871
107636
107141
114342
114459
114662
123663
128235
127212
127206
127144
127114
127108
123695
122882
115139
118880
118700
117176
116797
116161
115713
115569
71745
72176
71108
45210
8645
8584
8494
8236
8195
8154
7926
7438
7335
7195
6983
6981
6874
6830
6783
8751
8765
8766
38304
42217
41863
41585
40819
40629
39183
37741
8767
70293
31770
26151
26150
25927
25805
6643
6515
6433
1260
2202
2182
1942
1935
1572
1281
1232
2857
1209
1153
946
914
757
146501
2747
2920
5956
4327
5795
5791
5464
5289
5169
4763
3789
2927
3742
3634
3632
3539
3415
3089
45028
34517
56015
56286
58879
58191
57669
56805
56788
56782
56607
56152
55069
55946
55442
55363
55280
55276
55269
55253
60069
60766
61236
61240
69481
67665
67429
67255
67087
66665
64839
64701
64622
64620
64614
63876
63082
61357
61323
55118
339
51540
52579
52241
53000
55063
50068
49917
49824
48774
53123
53894
53953
48738
54272
54286
48696
54513
48516
47629
54881
47423
46723
55052
46664
52967
293
68319
107999
3882
37733
4018
55820
62849
52973
4041
1103
350
3751
50
26614
60072
8861
5198
1211
3111
4103
1172
1197
1242
3679
8128
5747
1273
4262
3811
4326
1957
3703
2529
377
