52973
4041
1103
350
593
858
1042
1120
1200
1610
4121
924
608
3978
5902
3260
55820
3793
33794
3882
37733
7153
5952
111
1028
904
1219
5608
2361
1258
3949
106696
4226
1704
47
118997
6539
66934
1801
1517
1639
1956
1376
1635
1954
2529
2004
54290
93040
3113
3052
95441
97938
2700
40614
2012
2692
247
2396
1089
2369
2085
1358
587
1259
215
5662
6287
6713
8188
27592
27773
30745
31658
52885
58559
67997
5
186
2288
1242
236
246
300
337
1256
3114
377
520
529
3546
628
661
1059
357
599
3361
63131
53318
39421
7155
5984
3707
3176
64969
59725
319
45720
8533
6942
6863
2942
1997
1088
306
364
77455
1211
1572
1281
1273
1272
1260
1245
1232
1209
588
1197
1172
1153
946
914
757
146501
4322
62849
3751
4701
5812
5481
5377
5349
5135
4890
4823
4641
6953
4369
4351
4306
4016
56367
3893
3785
6281
8636
60072
106918
47099
40148
6016
117533
1900
78349
8369
55247
65514
5449
3676
106473
44191
107649
88125
68954
68358
50
34321
48394
8861
7373
5507
5219
4069
3301
3300
3275
3257
2641
2359
1061
80551
2082
104841
27904
60684
8865
63992
104283
82461
5971
5618
3030
44555
7361
6985
47640
46970
71057
69712
69526
68157
66097
69640
8972
7458
5445
2968
1199
130682
111624
8623
2174
150
100365
45950
37729
35957
34162
32892
7478
1955
4467
4911
5909
6683
52319
121231
48780
4995
27255
6986
4612
47465
4189
48711
74458
64957
1131
4388
6754
36401
26662
1721
26585
26554
8961
8874
8795
7844
7090
7022
6857
6350
5782
4993
3996
3265
2997
31878
4721
104
7376
26614
8464
7161
5299
4018
3948
2424
1265
1176
318
232
1942
35836
32025
31221
2924
1274
741
44199
2273
1617
1291
1036
780
745
494
434
293
153
78209
76251
61024
8528
2502
2329
2600
2985
4223
8781
7347
6218
5602
5064
4638
4023
2989
4011
3994
3916
3499
3175
3160
1935
339
1957
82459
88129
87304
86833
86320
85394
83976
82463
82313
134859
81932
81845
81786
81591
81562
80489
80463
134881
88235
78653
90531
95449
95135
94969
94959
94931
91077
90866
90439
88810
90376
90057
89804
89759
89492
89470
89260
79242
78574
95761
64622
140174
67255
67087
66665
64839
64701
140715
64620
67665
64614
140725
63876
63082
61357
61323
141749
67429
69481
78039
72226
74545
74324
73023
137337
72741
72720
72395
72176
139642
72131
72011
71745
71464
71108
139385
70293
95558
96417
142488
114254
115713
115569
133645
115139
114662
114459
114342
113064
116797
112852
133771
112556
112552
112550
112515
112290
116161
117176
112070
127206
132458
131796
128606
128512
128360
128235
127212
132800
118700
127144
127114
127108
123695
123663
122882
118880
112183
111622
96588
97923
101895
101525
101285
99149
99114
98961
98154
97921
102469
97752
97673
97304
96832
96811
96728
96610
102194
103107
111505
106916
111251
111249
110871
107636
134130
107141
106920
106766
103372
106100
105504
105355
105197
103688
103624
103449
132549
132547
61240
164977
161336
6433
6229
5956
161582
163056
163949
5795
160954
5791
5747
5464
5289
5198
5169
164979
6515
6643
4763
7438
8207
8195
8154
8128
155064
7926
7792
7335
6783
156387
158783
7195
6983
6981
6874
6830
4928
4712
143385
2747
3089
66203
82152
111384
2927
2920
2857
2730
3246
2677
2330
2202
2182
2178
2109
111931
3111
47044
4437
3742
4327
4326
4262
4103
3947
3811
3789
3679
3384
3671
3634
3632
138610
3539
3498
3415
8236
8494
8584
54881
55276
55269
55253
55118
55069
55063
55052
54513
55363
54286
54272
53953
53894
53123
53000
52967
55280
55442
52281
57669
61236
60766
60069
58879
144172
146656
58191
56805
55946
148482
56788
56782
56607
56286
56152
56015
8645
52579
52241
26366
40819
40629
39183
38304
37741
34517
31770
26151
51540
26150
25927
25805
8767
8766
8765
8751
41585
41863
41997
42217
50068
49917
148626
49824
48774
48738
48696
48516
47629
47423
47274
46723
46664
45210
45028
109374
46578
79132
8928
2068
4973
2019
94777
1732
34405
3703
296
135518
2571
68319
109487
3809
27611
2959
2542
72998
107999
70286
122886
115617
1250
109249
132046
1729
778
134853
2028
7243
1283
3629
2936
78499
1079
954
3022
1080
541
1
8125
1210
260
