7153
5952
8795
4993
2959
4226
5608
47
1704
2019
3978
3260
5902
318
2502
7361
1219
3949
924
4995
48780
2529
4011
79132
778
1729
2997
62849
1258
27773
74458
5782
4262
4103
3679
1273
4326
3111
5198
5747
1172
1197
1211
1957
8128
3811
26554
93040
3361
2542
88125
2288
2692
1079
27592
48394
296
1176
2396
5377
8645
7090
6874
55280
2924
5791
3996
7844
50068
5464
1639
7438
111384
121231
1089
130682
55363
55442
55069
1061
61236
61240
1732
1997
3265
7022
2571
52281
41997
4890
31878
66097
65514
68954
232
2989
8781
7347
5602
4638
4223
4023
3916
3499
3175
3160
1617
2985
2329
2273
153
2600
434
780
494
44199
1036
3994
745
5064
1291
1517
146501
541
757
53318
1250
1259
1358
1376
1956
1635
5984
1801
1954
6281
3176
2004
2012
44191
904
914
529
337
350
357
377
1272
1260
1232
520
587
946
1209
1153
661
2369
1059
6953
1242
954
2085
6863
64969
4823
4041
4306
4351
5449
1
117533
2361
1900
94777
5812
78349
4701
4369
8369
4641
106918
55247
300
5135
5349
40148
107649
63131
2700
3052
45720
5481
106473
3113
3114
1088
1028
3785
3676
3893
4322
78499
4016
77455
47099
599
246
8972
104841
2082
80551
2641
3257
3275
3300
3301
3809
3882
4069
5219
5507
7373
8861
8928
27904
34405
37733
60684
66934
68157
69526
69712
71057
46970
47640
69640
7458
44555
608
1955
7478
32892
34162
35957
37729
45950
100365
150
2174
8623
1199
2968
4467
4911
5909
47465
4388
1131
64957
48711
4189
4612
6683
6986
27255
52319
6985
3030
236
7161
26662
34321
1281
56367
68358
95441
97938
106696
109374
118997
54290
40614
111
247
1080
1256
3546
5662
6287
6713
8188
30745
31658
52885
58559
5
186
8464
5299
5618
3948
5971
82461
104283
6754
8865
36401
104
1103
8528
52973
55820
61024
76251
78209
741
1274
6350
6539
6857
8874
8961
26585
33794
4721
7376
31221
32025
46578
339
1283
86833
85394
83976
82463
82459
82313
81932
81845
81786
81591
81562
80489
80463
79242
131796
132458
86320
87304
94969
88129
94931
128606
91077
90866
90531
90439
90376
90057
89804
89759
89492
89470
89260
88810
88235
78653
78574
78039
74545
137337
71745
71464
71108
70293
69481
67665
67429
67255
139385
67087
139642
66665
140174
64839
72011
134881
72131
1572
132547
74324
132549
73023
72741
72720
132800
72176
133645
133771
72395
134130
134859
72226
94959
95135
118700
112290
112070
111622
111505
111251
111249
110871
107636
107141
106920
106916
123663
106766
106100
105504
105355
112183
112515
128512
122882
116797
116161
115713
115569
115139
114662
114459
114342
114254
113064
112852
118880
112556
112552
112550
105197
103688
103624
103449
97923
97921
97752
97673
97304
96832
96811
96728
96610
128360
96588
96417
95761
95558
95449
128235
98154
127212
101525
103372
103107
102469
102194
101895
123695
101285
127206
127108
99149
99114
127114
98961
127144
64701
64622
64620
6433
5956
5795
5289
5169
4928
4763
4712
4437
4327
146656
3947
3789
148482
3742
3671
6229
6515
64614
6643
8207
8195
8154
8125
7926
143385
7792
7335
7243
7195
144172
6983
6981
6830
6783
3634
3632
3629
3539
2920
138610
2857
2747
2730
47044
66203
2202
2182
2178
2109
82152
1942
111931
1935
164979
164977
163949
158783
3498
148626
3415
155064
156387
3384
160954
2927
3089
3022
161336
2936
161582
163056
8236
8494
8584
55276
55269
55253
140725
55118
55063
55052
54881
54513
54286
54272
53953
53894
53123
141749
53000
140715
55946
8751
56015
63876
63082
61357
61323
60766
60069
58879
58191
57669
56805
56788
56782
56607
56286
56152
52967
52579
52241
51540
40629
39183
38304
37741
142488
34517
31770
26366
26151
26150
25927
25805
8767
8766
8765
40819
41585
41863
47629
49917
49824
48774
48738
48696
48516
47423
47274
46723
46664
45210
45028
42217
117176
72998
70286
135518
4973
27611
63992
115617
1265
109249
109487
2424
2942
134853
68319
3707
132046
111624
39421
67997
107999
35836
122886
215
2028
59725
2068
1721
6218
1210
2359
6016
3246
1245
2330
2677
588
364
319
306
7155
26614
50
60072
3793
4018
293
3703
6942
8636
858
5445
628
593
1042
4121
1120
1200
1610
260
3751
8533
