593
1042
1610
1200
1120
4121
858
1036
1291
434
2989
4023
494
3916
3175
3160
2985
153
2600
2329
4223
1617
780
2273
3499
4638
5602
7347
8781
1210
260
1517
3948
4306
2502
3793
44199
26585
3994
745
3265
7022
5782
5064
4011
3949
6218
6287
104
5449
132046
1250
293
122886
70286
107999
72998
27611
109487
68319
2571
135518
3703
34405
94777
2019
2068
79132
134853
109249
115617
4351
529
7155
58559
67997
5
186
246
300
337
5984
350
357
377
520
3707
31658
587
628
3176
661
1059
64969
63131
1242
59725
1259
45720
8533
6942
52885
30745
1997
39421
109374
1172
118997
1153
54290
946
40614
111
247
1079
1080
1089
1219
914
757
1256
146501
1729
2288
2529
3546
5662
53318
6713
8188
27592
27773
2942
1028
4369
2396
5135
106696
1639
1801
1954
4890
1956
4823
2004
2012
2085
4701
2369
2692
5377
2700
3052
3113
3114
3260
3361
3751
3785
3893
3978
4641
4016
4041
1358
5481
4322
2361
78499
77455
62849
60072
47099
40148
6016
5608
2959
2542
778
1
117533
1900
5812
78349
8369
106918
55247
3676
106473
44191
88125
68954
65514
8636
6953
6281
1635
4721
97938
2082
3257
2641
2359
1732
1061
80551
104841
48780
69640
8972
7458
5445
608
52319
3275
3300
3301
3809
3882
4069
5219
5507
7373
8861
8928
27904
37733
60684
63992
66097
66934
121231
4995
95441
100365
2968
1199
130682
111624
8623
150
45950
4226
37729
35957
34162
32892
7478
1955
4467
4911
5909
47465
296
4388
1131
64957
74458
48711
4189
4612
6683
6986
27255
1258
1704
68157
69526
69712
1721
47
35836
32025
31221
7376
1209
33794
71057
31878
26554
8961
8874
8795
7844
50
232
318
1176
1265
4018
4973
5299
7161
8464
26614
26662
34321
46578
56367
68358
93040
7153
7090
6857
8528
46970
47640
6985
7361
44555
3030
5618
5971
82461
104283
6754
8865
36401
1103
52973
6539
55820
61024
76251
78209
741
924
1274
2924
2997
3996
4993
5902
5952
6350
1197
599
1211
91077
96417
95761
95558
95449
95135
94969
94959
94931
90866
96610
90531
90439
90376
90057
89804
89759
89492
89470
96588
96728
88810
99149
103449
103372
103107
102469
102194
101895
101525
101285
99114
96811
98961
98154
97923
97921
97752
97673
97304
96832
89260
88235
64622
71464
72741
72720
72395
72226
72176
72131
72011
71745
71108
74324
70293
69481
67665
67429
67255
67087
66665
64839
73023
74545
88129
81932
87304
86833
86320
85394
83976
82463
82459
82313
81845
78039
81786
81591
81562
80489
80463
79242
78653
78574
103624
103688
105197
134859
141749
140725
140715
140174
139642
139385
137337
134881
134130
143385
133771
133645
132800
132549
132547
132458
131796
128606
142488
144172
105355
163949
111931
111384
82152
66203
47044
138610
164979
164977
163056
146656
161582
161336
160954
158783
156387
155064
148626
148482
128512
128360
128235
111251
112556
112550
112515
112290
112183
112070
111622
111505
111249
127212
110871
107636
107141
106920
106916
106766
106100
105504
112852
113064
114254
114342
127206
127144
127114
127108
123695
123663
122882
118880
118700
117176
116797
116161
115713
115569
115139
114662
114459
1232
64701
64620
5956
6874
6830
6783
6643
6515
6433
6229
5795
25927
5791
5747
5464
5289
5198
5169
4928
6981
6983
7195
7335
8767
8766
8765
8751
8645
8584
8494
8236
8207
64614
8154
8128
7926
7792
7438
4763
4712
4437
2927
2857
2747
2730
2202
2182
2178
2109
1957
1942
1935
1572
1281
1273
1272
1260
2920
3089
4327
3111
4326
4262
4103
3947
3811
3789
3742
3679
3671
3634
3632
3539
3498
3415
3384
25805
8195
26150
52579
55363
55280
55276
55269
55253
55118
55069
55063
55052
26151
54513
54286
54272
53953
53894
53123
53000
55442
55946
56015
60069
63876
63082
61357
61323
61240
61236
60766
58879
56152
58191
57669
56805
56788
56782
56607
56286
52967
54881
339
41863
40819
42217
45028
40629
45210
39183
38304
46664
46723
37741
34517
47274
47423
47629
48516
48696
48738
31770
26366
48774
49824
49917
50068
51540
52241
41585
48394
215
2936
52281
41997
306
2677
2330
1245
588
364
319
3246
954
541
8125
3022
3629
7243
1283
2028
5349
1376
1088
6863
112552
107649
2424
904
2174
236
