5618
858
1200
4121
1610
1042
1120
593
8125
954
3022
541
4226
3793
2936
7243
3629
1283
5971
741
52885
1274
6857
104283
2028
2959
3030
5608
247
48780
107999
79132
2692
26662
1219
2529
4011
3949
6350
47
62849
1704
260
7844
1259
7090
5747
8128
3996
2924
5198
4326
4262
4103
3811
3679
3111
1957
1273
1211
1197
1172
4973
318
1089
74458
4995
27773
3265
7022
31878
1258
65514
3361
608
109249
111624
3809
1265
8874
5299
111384
121231
1079
1210
1061
93040
8928
34321
2019
115617
132046
56367
118997
2068
46578
6218
109374
35836
122886
1732
6539
64957
6942
27611
66934
109487
68319
134853
2571
135518
3703
70286
72998
106473
1036
4041
3052
52319
3113
3260
27255
3751
3785
3893
3978
4016
4351
4306
4612
4369
4641
6986
4701
4823
6683
4890
5135
5349
5377
5481
2700
5445
2396
7458
337
350
357
377
520
529
587
628
661
904
1059
1242
1250
69640
1358
1376
1517
1635
1639
1801
1954
1956
2004
2012
2085
2369
8972
5812
48711
4189
78499
8623
2174
6016
100365
40148
47099
60072
45950
37729
77455
35957
34162
32892
2542
4322
1028
1088
1997
2942
7478
6863
1955
8533
45720
59725
63131
130682
1199
246
5909
6281
1131
6953
8636
4388
296
68954
88125
47465
107649
44191
3676
5449
2968
4911
4467
55247
106918
8369
78349
94777
1900
2361
117533
1
778
300
236
780
215
8528
2502
1103
2997
104
36401
4993
5782
5902
5952
8865
6754
82461
44555
7361
7153
6985
8795
47640
8961
26554
26585
46970
33794
1721
71057
4721
52973
924
55820
293
494
1291
434
1617
2273
2329
2600
2985
2989
3160
3175
3499
3916
44199
153
3994
78209
4023
76251
4223
4638
5064
5602
61024
7347
8781
7376
31221
32025
3546
54290
40614
111
3275
3257
1080
2641
2359
1256
1729
2288
80551
5662
3301
6287
6713
8188
27592
2082
30745
31658
104841
58559
67997
5
186
3300
3882
69712
7161
69526
50
232
3176
1176
68157
66097
63992
3948
4018
60684
48394
8464
4069
26614
37733
34405
27904
8861
7373
68358
5507
95441
97938
106696
5219
64969
599
3707
97673
96832
96811
96728
96610
96588
96417
95761
95558
95449
95135
94969
94959
94931
91077
90866
90531
90439
97304
97752
90057
97921
105355
105197
103688
103624
103449
103372
103107
102469
102194
101895
101525
101285
99149
99114
98961
98154
97923
90376
89804
69481
80489
79242
78653
78574
78039
74545
74324
73023
72741
72720
72395
72226
72176
72131
72011
71745
71464
71108
80463
81562
89759
81591
89492
89470
89260
88810
88235
88129
87304
86833
86320
85394
83976
82463
82459
82313
81932
81845
81786
105504
106100
106766
143385
141749
140725
140715
140174
139642
139385
137337
134881
134859
134130
133771
133645
132800
132549
132547
132458
131796
142488
144172
106916
146656
111931
82152
66203
47044
138610
164979
164977
163949
163056
161582
161336
160954
158783
156387
155064
148626
148482
128606
128512
128360
128235
113064
112852
112556
112552
112550
112515
112290
112183
112070
111622
111505
111251
111249
110871
107636
107141
106920
114254
114342
114459
122882
127212
127206
127144
127114
127108
123695
123663
118880
114662
118700
117176
116797
116161
115713
115569
115139
5984
70293
67665
6783
6515
6433
6229
5956
5795
5791
5464
5289
5169
4928
4763
4712
4437
4327
3947
3789
3742
6643
6830
67429
6874
8766
8765
8751
8645
8584
8494
8236
8207
8195
8154
7926
7792
7438
7335
7195
6983
6981
3671
3634
3632
3539
1272
1260
1245
1232
1209
1153
946
914
757
146501
588
364
319
306
53318
39421
7155
1281
1572
1935
2857
3498
3415
3384
3246
3089
2927
2920
2747
1942
2730
2677
2330
2202
2182
2178
2109
8767
25805
25927
56805
56782
56607
56286
56152
56015
55946
55442
55363
55280
55276
55269
55253
55118
55069
55063
55052
54881
56788
57669
54286
58191
67255
67087
66665
64839
64701
64622
64620
64614
63876
63082
61357
61323
61240
61236
60766
60069
58879
26150
54513
54272
40819
46664
45210
45028
42217
41997
41863
41585
40629
47274
39183
38304
37741
34517
31770
26366
26151
53953
46723
47423
47629
53894
53123
53000
52967
52579
52281
52241
51540
50068
49917
49824
48774
48738
48696
48516
339
2424
150
745
3114
