1089
2692
1265
47640
8528
306
3111
3811
3246
5449
319
2502
588
3679
364
5747
1172
1197
6287
2677
1957
104
4326
4262
1273
1211
2330
1721
1245
4103
1
8128
5198
33794
318
78499
1732
46970
2028
215
293
2542
4226
296
94777
68157
134853
115617
59725
6942
5299
2424
4018
6218
3361
48780
7022
3265
2361
63992
63131
2068
1258
34321
7161
7844
7090
3948
50
3996
26614
2924
1080
357
377
1036
47
31878
5971
118997
111384
79132
26585
35836
53318
121231
64969
111624
60684
1061
6350
55247
6539
8874
6863
111
27773
8781
7347
3175
5602
4638
4223
4023
3916
3499
780
494
3160
153
2989
2985
2600
434
2329
2273
1617
109487
65514
2959
3751
4011
44199
3949
56367
2288
88125
3994
745
5608
1729
778
5064
1291
27592
66934
130682
48394
1219
2529
1997
62849
1704
66097
74458
4995
3703
3114
5377
5481
5812
2396
6281
5135
6953
2369
2085
2004
8636
5349
4890
1283
1260
1209
3113
3785
3893
4016
1272
4369
1281
4641
3052
4701
4823
1232
2700
1954
146501
68954
3707
6016
40148
47099
60072
77455
4322
1028
1088
117533
2942
1900
8533
45720
3176
5984
1153
7155
39421
78349
8369
541
106918
757
3676
914
106473
44191
946
107649
954
1956
599
1801
104283
7458
8972
69640
104841
2082
80551
2359
2641
3257
3275
3300
3301
5219
5507
7373
8861
27904
34405
69526
69712
71057
6985
44555
3030
5618
5445
52319
27255
1199
1955
7478
32892
34162
35957
37729
45950
100365
150
2174
8623
2968
6986
4467
4911
5909
47465
4388
1131
64957
48711
4189
4612
6683
82461
6754
1639
8865
30745
31658
52885
58559
67997
5
186
236
246
300
337
520
529
587
628
661
904
1059
1242
1250
1259
1358
1376
1517
1635
8188
6713
5662
232
36401
61024
76251
78209
741
1274
6857
4721
7376
31221
32025
1176
3546
8464
26662
68358
95441
97938
106696
1935
54290
40614
247
1256
1572
339
1942
72131
97921
97752
97673
97304
96832
96811
96728
96610
96588
96417
95761
95558
95449
95135
94969
94959
94931
97923
98154
98961
103449
106766
106100
105504
105355
105197
103688
103624
103372
99114
103107
102469
102194
101895
101525
101285
99149
91077
90866
90531
78574
81786
81591
2109
80489
80463
79242
78653
78039
81932
74545
74324
73023
72741
72720
72395
72226
81845
82313
90439
88810
90376
90057
89804
89759
89492
89470
89260
88235
82459
88129
87304
86833
86320
85394
83976
82463
106916
106920
107141
137337
142488
141749
140725
140715
140174
139642
139385
134881
144172
134859
134130
133771
133645
132800
132549
132547
143385
146656
131796
163949
111931
82152
66203
47044
138610
164979
164977
163056
148482
161582
161336
160954
158783
156387
155064
148626
132458
128606
107636
112515
114342
114254
113064
112852
112556
112552
112550
112290
114662
112183
112070
111622
111505
111251
111249
110871
114459
115139
128512
123695
128360
128235
127212
127206
127144
127114
127108
123663
115569
122882
118880
118700
117176
116797
116161
115713
72176
81562
47423
5464
48696
48516
47629
5791
5795
5956
6229
6433
6515
6643
6783
47274
46723
46664
45210
48738
5289
7792
48774
53000
52967
4327
52579
52281
52241
51540
50068
4437
49917
4712
4763
4928
49824
5169
6830
45028
42217
41997
8766
8765
7195
8751
8645
8584
7243
7335
7438
8494
8236
8207
8195
8154
8125
6983
8767
25805
38304
41863
41585
40819
6874
40629
39183
37741
25927
34517
31770
6981
26366
26151
26150
53123
3947
53894
53953
2857
64622
64620
64614
63876
63082
61357
61323
61240
61236
60766
2920
60069
58879
58191
64701
64839
66665
2202
72011
2178
71745
71464
2182
71108
70293
67087
69481
67665
2730
67429
2747
67255
57669
2927
2936
3634
55363
3742
55280
55276
55269
55253
55118
55069
55063
55052
54881
3789
54513
54286
54272
56805
3671
55442
3632
3022
56788
3089
56782
56607
56286
56152
3384
3415
3498
3539
3629
56015
55946
7926
72998
70286
135518
2571
68319
27611
107999
122886
132046
1210
109374
46578
4973
4306
8961
5782
8928
93040
7361
26554
3809
3882
37733
109249
55820
260
2012
4351
2997
1079
1103
52973
4041
350
3793
4069
608
1120
1042
593
4121
858
1610
1200
924
5902
3978
3260
2019
8795
4993
7153
5952
