1610
593
1042
1120
1200
858
4121
3793
5952
7153
8795
4993
2959
2542
4226
296
2019
1089
4011
1210
5349
37729
62849
1729
778
40148
2571
3260
5902
3978
48780
5608
4306
8636
8125
5445
541
3022
954
1291
79132
50068
5464
5791
6874
8645
55280
7438
2529
47
260
132046
55363
2936
55442
55069
61236
61240
7243
3629
1283
2288
52281
41997
27773
2174
4701
1376
6539
924
1219
68157
74458
4995
2692
70286
1250
27611
1704
3949
1258
48394
68954
135518
72998
69640
1079
122886
109487
107999
94777
34405
1273
1211
1197
1080
1172
3111
4262
3679
3811
4103
4326
5198
8128
8961
5747
1957
107649
1732
112552
6863
68319
2068
5299
1088
105504
106696
34321
8874
115617
118997
35836
63131
1028
88125
7161
46970
27592
56367
64969
6350
134853
66934
66097
2028
1900
78349
4069
80551
4351
2361
5812
117533
2082
104841
1
8972
7458
52319
121231
27255
1061
3882
4369
4641
6953
3257
5481
5377
2359
3275
44191
5135
3301
106473
3676
6016
4890
4823
5449
55247
106918
8369
6281
6986
1274
6683
53318
111624
146501
757
914
946
8623
150
1153
100365
45950
35957
34162
1209
32892
1232
1260
1272
7478
1281
1955
1572
1199
39421
4612
2968
47099
60072
4189
77455
78499
4322
4016
48711
64957
1131
4388
2942
8533
45720
47465
5909
4911
3707
4467
5984
7155
4041
60684
5507
8464
26662
8865
68358
104283
93040
95441
97938
54290
111
247
82461
5971
5618
3030
1935
44555
7361
6985
3546
5662
6287
26614
3948
3893
36401
2997
78209
5782
76251
61024
55820
6857
52973
8528
1103
26554
26585
104
4721
7376
31221
32025
50
232
318
1176
6713
8188
47640
30745
1259
1358
1517
1635
1639
1801
1954
1956
2004
2012
2085
2369
2396
741
37733
3113
3114
27904
8861
3361
3785
69526
69712
1242
300
31658
52885
58559
67997
5
186
236
246
71057
337
1059
350
357
377
520
529
587
628
661
904
1256
599
1942
96832
98961
98154
97923
97921
97752
97673
97304
96811
94969
96728
96610
96588
96417
95761
95558
95449
99114
99149
101285
101525
107141
106920
106916
106766
106100
105355
105197
103688
103624
103449
103372
103107
102469
102194
101895
95135
94959
72741
81562
82463
82459
82313
81932
81845
81786
81591
80489
94931
80463
79242
78653
78574
78039
74545
74324
83976
85394
2109
86833
91077
90866
90531
90439
90376
90057
89804
89759
89492
89470
89260
88810
88235
88129
87304
107636
110871
111249
139642
144172
143385
142488
141749
140725
140715
140174
139385
111251
137337
134881
134859
134130
133771
133645
132800
146656
148482
148626
155064
111931
111384
82152
66203
47044
138610
164979
164977
163949
163056
161582
161336
160954
158783
156387
132549
132547
132458
115713
115139
114662
114459
114342
114254
113064
112852
112556
112550
112515
112290
112183
112070
111622
111505
115569
116161
131796
116797
128606
128512
128360
128235
127212
127206
127144
127114
127108
123695
123663
122882
118880
118700
117176
73023
86320
339
6783
6515
52241
51540
49917
49824
6643
6830
6229
6981
72720
6983
48774
48738
48696
6433
5956
3671
4437
8207
3789
3947
53123
4327
53000
52967
5795
52579
4712
4763
4928
5169
5289
48516
47629
47423
8766
26151
7792
26150
25927
25805
8767
8765
7195
8751
8584
7926
8494
8154
8236
26366
31770
34517
37741
38304
39183
40629
40819
41585
41863
42217
45028
7335
45210
46664
46723
47274
3742
8195
58879
71745
56805
57669
58191
3634
60069
60766
61323
61357
2747
63082
63876
64614
2730
64620
72131
64622
2202
2182
64701
64839
66665
67087
67255
67429
67665
72011
69481
70293
71108
2857
2920
2927
55118
3632
53894
53953
54272
54286
54513
3539
54881
72395
3498
3415
55052
72226
56788
55063
55253
55269
56782
2178
56607
56286
72176
56152
3089
56015
3384
55946
55276
71464
130682
63992
2641
6218
6942
2424
59725
5064
109249
46578
745
1036
40614
1997
1265
8928
4973
44199
7373
33794
1721
5219
3300
3703
3994
4223
4638
2985
5602
3916
3499
3175
3160
2989
4023
7347
2600
2329
2273
8781
1617
780
494
434
153
4018
109374
608
293
31878
65514
215
3052
6754
3176
3265
7022
3996
364
3809
2330
2677
1245
3751
588
2924
2700
319
7844
3246
7090
306
2502
