778
1729
2542
3246
306
319
364
588
1245
2330
2677
296
1079
2959
293
4973
1610
1200
1120
4121
593
858
1042
608
2028
260
2571
215
1089
3948
3751
1219
1732
3809
745
40148
3114
109249
132046
1265
5608
60072
26614
50
4011
106473
8928
4018
46578
31878
109374
4041
52973
1103
350
68157
3176
2747
3996
7844
47274
131796
132458
132549
3539
3498
3384
7090
139642
72741
140715
55946
140725
2178
2109
148482
72176
1272
164977
164979
337
3947
357
7792
4712
4928
6229
4306
3671
123663
123695
2924
127144
128235
4437
26366
127212
82313
8207
8584
112070
107636
1517
34517
1059
924
3949
79132
62849
27611
111624
5299
1210
8874
2730
135518
5971
1704
127108
3265
7022
70286
1281
5902
3978
3260
6218
55820
4226
33794
34321
3882
37733
118997
2068
65514
109487
7153
5952
6350
56367
35836
2019
3703
6539
5602
4638
780
153
1617
2273
2329
2600
2985
2989
3160
3175
3499
3916
4023
434
4223
8781
7347
494
122886
107999
64957
66934
44199
72998
1036
2692
68319
60684
55247
5064
1291
63131
3793
7161
46970
94777
64969
6863
69640
107649
88125
52319
68954
5445
7458
121231
44191
8636
6953
27255
6281
8972
6857
5349
5812
104841
3300
3275
3361
2641
3785
2359
4016
1061
80551
4351
2082
4369
4641
4701
4823
5135
6986
5377
5481
3676
48711
6683
2174
100365
45950
37729
77455
4322
1028
1088
1997
2942
8533
45720
35957
34162
32892
7478
1955
3707
150
47099
5449
8623
4612
4189
106918
8369
3052
1900
117533
1131
4388
47465
5909
4911
4467
2968
1199
130682
6016
3113
2004
3301
97938
6754
26662
104283
82461
5618
3030
68358
95441
106696
8464
44555
6985
47640
54290
247
1080
71057
69712
8865
36401
2700
31221
1274
741
8795
8961
26585
7155
4721
7376
32025
104
232
318
1176
78209
76251
61024
8528
2502
1256
69526
3546
1635
27904
7373
1242
1250
1259
1358
1376
5507
1639
5662
1801
5219
1954
1956
4069
4993
2085
2369
34405
661
628
587
6287
6713
8188
30745
31658
52885
58559
67997
5
186
236
246
300
66097
48394
520
529
5984
599
39421
99149
91077
90866
90531
90439
90376
90057
89804
89759
89492
89470
89260
88810
88235
88129
87304
86833
86320
94931
94959
94969
96832
98961
98154
97923
97921
97752
97673
97304
96811
95135
96728
96610
96588
96417
95761
95558
95449
85394
83976
82463
67087
71464
71108
70293
69481
67665
67429
67255
66665
72011
64839
64701
64622
64620
64614
63876
63082
71745
72131
82459
79242
81932
81845
81786
81591
81562
80489
80463
78653
72226
78574
78039
74545
74324
73023
72720
72395
99114
101285
61323
101525
140174
139385
137337
134881
134859
134130
133771
133645
132800
132547
128606
128512
128360
127206
127114
122882
118880
141749
142488
143385
163056
111931
111384
82152
66203
47044
138610
163949
161582
144172
161336
160954
158783
156387
155064
148626
146656
118700
117176
116797
105197
107141
106920
106916
106766
106100
105504
105355
103688
111249
103624
103449
103372
103107
102469
102194
101895
110871
111251
116161
113064
115713
115569
115139
114662
114459
114342
114254
112852
111505
112556
112552
112550
112515
112290
112183
111622
61357
339
8494
8125
8195
1572
1935
8154
8128
1942
7926
1957
7438
7335
7243
7195
6983
6981
8236
61240
8645
8751
8765
8766
8767
25805
25927
26150
26151
31770
1283
37741
38304
39183
40629
6874
6830
2936
3634
4262
4103
3811
3789
3742
3679
3632
6783
3629
3415
3111
2920
3089
3022
4326
4327
4763
5169
5198
2857
5289
5464
2202
5747
5791
5795
5956
6433
6515
2182
6643
40819
1273
41585
55118
55363
55280
55276
55269
914
55253
946
54272
55069
55063
55052
54881
54513
54286
55442
56015
56152
56286
56607
56782
56788
56805
757
146501
57669
58191
541
58879
60069
60766
61236
41863
954
1153
47629
1232
1260
48774
48738
48696
48516
47423
50068
46723
46664
45210
45028
42217
41997
49824
49917
52967
51540
1172
53953
53894
53123
53000
2927
52579
1197
52281
1209
1211
52241
6942
93040
63992
4995
47
53318
2424
59725
115617
27773
27592
4890
111
78349
3994
7361
26554
2288
5782
48780
40614
3257
2997
3893
377
1721
2396
134853
8861
2361
74458
1258
2529
78499
1
904
2012
