2012
1258
3793
858
1200
1610
593
1042
1120
4121
2361
2288
111
74458
5608
78349
47
1732
27592
53318
48780
2959
1219
3949
4226
1704
27773
67997
1250
58559
5
52885
1259
31658
1358
1376
30745
1242
520
1059
529
186
904
661
215
236
246
8188
337
628
350
357
587
377
300
1729
6713
26614
72998
68358
56367
46578
34321
27611
26662
8464
95441
7161
5299
4973
4018
3948
2424
2068
93040
97938
6287
1079
5662
3546
2529
1635
1256
1089
1080
247
106696
40614
54290
134853
118997
115617
109374
109249
1517
135518
1639
4322
77455
62849
60072
47099
40148
6016
2542
778
1
117533
1900
94777
70286
8369
106918
55247
5449
78499
1028
106473
1997
588
541
364
319
306
39421
7155
5984
3707
3176
64969
63131
59725
45720
8533
6942
2942
3676
44191
1801
4016
3893
3785
3751
3361
3260
3114
3113
3052
2700
2692
2396
2369
2085
1210
2004
1956
1954
3978
4041
3703
4306
88125
68954
65514
8636
6953
6281
5812
5481
5377
5349
5135
4890
4823
4701
4641
4369
4351
1265
31221
1176
69640
8928
8861
7373
5507
5219
4069
3882
3809
3301
3300
3275
3257
2641
2359
1061
80551
2082
27904
34405
37733
71057
5618
3030
44555
7361
6985
47640
46970
69712
48394
69526
68319
68157
66934
66097
63992
60684
104841
8972
318
7458
4911
4467
2968
1199
130682
111624
107999
8623
150
100365
45950
37729
35957
34162
32892
7478
1955
5909
47465
296
260
5445
608
52319
121231
109487
79132
4995
27255
4388
6986
6683
4612
4189
48711
64957
1131
5971
82461
104283
132046
6857
6539
6350
5952
5902
5782
4993
3996
3265
2997
2924
2571
2019
1274
924
741
44199
7022
7090
7153
122886
232
50
35836
32025
757
7376
4721
1721
7844
33794
31878
26585
26554
8961
8874
8795
8781
7347
6218
55820
494
434
293
153
78209
76251
61024
52973
780
8528
2502
1103
104
36401
8865
6754
745
1036
5602
3499
5064
4638
4223
4023
4011
3994
3916
3175
1291
3160
2989
2985
2600
2329
2273
1617
146501
599
914
94931
96588
96417
95761
95558
95449
95135
94969
94959
91077
96728
90866
90531
90439
90376
90057
89804
89759
89492
96610
96811
64839
101285
103624
103449
103372
103107
102469
102194
101895
101525
99149
96832
99114
98961
98154
97923
97921
97752
97673
97304
89470
89260
88810
72011
74324
73023
72741
72720
72395
72226
72176
72131
71745
88235
71464
71108
70293
69481
67665
67429
67255
67087
74545
78039
78574
78653
88129
87304
86833
86320
85394
83976
82463
82459
82313
81932
81845
81786
81591
81562
80489
80463
79242
103688
105197
105355
134881
142488
141749
140725
140715
140174
139642
139385
137337
134859
128512
134130
133771
133645
132800
132549
132547
132458
131796
143385
144172
146656
148482
111931
111384
82152
66203
47044
138610
164979
164977
163949
163056
161582
161336
160954
158783
156387
155064
148626
128606
128360
105504
111505
112852
112556
112550
112515
112290
112183
112070
111622
111251
128235
111249
110871
107636
107141
106920
106916
106766
106100
113064
114254
114342
114459
127212
127206
127144
127114
127108
123695
123663
122882
118880
118700
117176
116797
116161
115713
115569
115139
114662
946
66665
64701
4437
5747
5464
5289
5198
5169
4928
4763
4712
4327
8207
4326
4262
4103
3947
3811
3789
3742
3679
5791
5795
5956
6229
64622
8128
8125
7926
7792
7438
7335
7243
7195
6983
6981
6874
6830
6783
6643
6515
6433
3671
3634
3632
2109
1957
1942
1935
1572
1283
1281
1273
1272
1260
1245
1232
1211
1209
1197
1172
1153
954
2028
2178
3629
2182
3539
3498
3415
3384
3246
3111
3089
3022
2936
2927
2920
2857
2747
2730
2677
2330
2202
8195
8154
8236
55063
55442
55363
55280
55276
55269
55253
55118
55069
55052
52579
54881
54513
54286
54272
53953
53894
53123
53000
55946
56015
56152
56286
64620
64614
63876
63082
61357
61323
61240
61236
60766
60069
58879
58191
57669
56805
56788
56782
56607
8494
52967
52281
26151
40819
40629
39183
38304
37741
34517
31770
26366
26150
41585
25927
25805
8767
8766
8765
8751
8645
8584
52241
339
41863
41997
51540
50068
49917
49824
48774
48738
48696
48516
47629
47423
47274
46723
46664
45210
45028
42217
1088
6863
112552
107649
2174
