6983
946
1935
1942
2202
2927
3089
3632
2920
1281
25927
46664
2936
1572
6981
6783
6643
6433
26150
8195
3415
25805
3742
26151
1232
42217
3676
52579
111505
114459
114254
113064
112550
757
111249
127206
110871
161336
102469
4763
7926
94969
53953
101285
128512
132800
133771
6985
81786
134859
122882
118700
67665
112515
118880
55363
3634
77455
117533
3948
5
109249
31658
52885
4973
5299
58559
67997
40614
215
106696
186
95441
529
520
1265
377
2068
357
97938
350
337
300
2424
246
236
30745
7161
27592
8464
1729
93040
68358
56367
111
247
1079
1080
46578
1089
1219
587
1256
54290
134853
27773
118997
34321
27611
26662
115617
2288
5662
6287
109374
6713
8188
72998
26614
3546
135518
628
55247
106473
44191
107649
88125
68954
65514
8636
6953
6281
5812
5481
5377
5349
5135
4890
5449
106918
661
8369
62849
60072
47099
40148
6016
5608
2959
2542
778
1
2361
1900
94777
78349
70286
4823
4701
4641
4369
2004
318
1956
1954
1801
1639
1635
1517
1376
1358
1259
1250
1242
1059
904
2012
2085
2369
3785
4351
4306
4041
4016
3978
3893
3361
2396
3260
3114
3113
3052
2700
2692
1176
26585
232
3275
7373
5507
5219
4069
3882
3809
3301
3300
3257
7458
2641
2359
1732
1061
80551
2082
104841
69640
8928
27904
34405
37733
82461
5971
5618
3030
44555
7361
47640
46970
71057
69712
69526
68157
66934
66097
63992
60684
48394
8972
5445
132046
2174
5909
4911
4467
2968
1199
130682
111624
8623
150
608
100365
45950
37729
35957
34162
32892
7478
1955
47465
296
4388
1131
52319
121231
109487
79132
48780
4995
4226
1704
1258
27255
6986
6683
4612
4189
48711
74458
64957
104283
6754
50
2571
5952
5902
5782
4993
3996
3265
2997
2924
2019
4638
1274
924
741
44199
8781
7347
6218
5602
6350
6539
6857
7022
47
32025
31221
7376
4721
122886
1721
33794
31878
4322
26554
8961
8874
8795
7844
7153
7090
5064
4223
8865
78209
858
780
745
593
494
434
293
153
76251
4121
61024
55820
52973
8528
2502
1103
104
36401
1036
1042
1120
1200
4023
4011
3994
3949
3916
3793
3499
3175
3160
2989
2985
2600
2329
2273
1617
1610
1291
78499
599
1028
89492
90866
90531
90439
90376
90057
89804
89759
89470
94931
89260
88810
88235
88129
87304
86833
86320
91077
94959
83976
96832
98961
98154
97923
97921
97752
97673
97304
96811
95135
96728
96610
96588
96417
95761
95558
95449
85394
82463
61357
67255
72011
71745
71464
71108
70293
69481
67429
67087
72176
66665
64839
64701
64622
64620
64614
63876
72131
72226
82459
79242
82313
81932
81845
81591
81562
80489
80463
78653
72395
78574
78039
74545
74324
73023
72741
72720
99114
99149
101525
137337
142488
141749
140725
140715
140174
139642
139385
134881
144172
134130
133645
132549
132547
132458
131796
128606
143385
146656
101895
164977
111931
111384
82152
66203
47044
138610
164979
163949
148482
163056
161582
160954
158783
156387
155064
148626
128360
128235
127212
105504
111251
107636
107141
106920
106916
106766
106100
105355
127144
105197
103688
103624
103449
103372
103107
102194
111622
112070
112183
112290
127114
127108
123695
123663
117176
116797
116161
115713
115569
115139
114662
114342
112852
112556
112552
1088
63082
61323
4103
5289
5198
5169
4327
4326
4262
3811
8645
3789
3679
3629
3539
3246
3111
5464
5747
5791
5795
5956
6515
6830
61240
7195
7243
7335
7438
8125
8128
8154
8236
8494
3022
2857
2747
146501
1997
6863
8533
45720
63131
64969
3176
5984
53318
306
319
364
541
588
914
2677
954
1153
1172
1197
1209
1211
1245
1260
1273
1283
1957
2028
2182
2330
8584
6874
8751
50068
55253
55118
55069
55063
55052
54881
54513
54286
54272
53894
53123
8765
52967
52281
52241
55269
55276
55280
56805
61236
60766
60069
58879
58191
57669
56788
55442
56782
56607
56286
56152
56015
55946
51540
53000
41863
40629
45210
45028
41997
49917
41585
40819
39183
47423
38304
37741
34517
31770
8767
8766
46723
339
48738
49824
48774
48696
48516
47629
260
1210
68319
4018
8861
107999
6942
35836
2529
59725
2942
3751
2730
39421
7155
26366
3384
3498
8207
7792
4928
3947
4712
6229
4437
2178
2109
1272
47274
3671
3703
3707
