296
608
150
364
3246
2330
2677
1245
306
588
319
1103
4041
52973
350
3114
3809
2028
1079
215
55820
778
1729
3882
37733
4973
1089
2424
68157
1732
8928
109249
46578
109374
2542
2959
293
4351
4306
4823
4701
4369
4641
599
4890
68954
5449
3676
106473
44191
107649
37729
65514
5135
8636
6953
6281
5481
45950
5349
5812
3260
4016
1956
661
904
1059
1242
1250
1259
1358
1376
1517
1635
1639
1801
1954
2004
3978
2012
2085
2369
2396
2692
2700
3052
3113
106918
3361
3751
3785
3893
55247
6016
8369
1232
1572
1283
1281
1273
1272
1260
1211
757
1209
1197
1172
1153
954
946
1935
1942
1957
2109
2178
2182
2202
2730
2747
2857
2920
2927
2936
3022
3089
3111
3384
914
146501
78349
40148
4322
7478
77455
32892
60072
47099
587
541
34162
35957
117533
2361
1900
94777
1028
1088
1955
2942
6863
6942
8533
45720
59725
63131
64969
3176
3707
5984
7155
39421
53318
100365
5
529
4121
5445
7458
8972
69640
104841
2082
80551
741
1061
2359
2641
3793
3257
3275
52319
924
520
5782
7022
6857
6539
6350
5952
5902
4993
1274
3996
3265
2997
2924
27255
121231
3300
3301
4069
5971
104
36401
8865
6754
104283
82461
69526
5219
3030
44555
7361
6985
47640
46970
2502
8528
61024
76251
78209
66934
63992
593
34405
858
8861
1042
1120
1200
7373
1610
5507
7090
7153
7844
1080
5662
3546
111624
1199
1256
2968
4467
47465
111
40614
54290
4911
118997
5909
6287
6713
8188
8623
2174
30745
31658
52885
58559
67997
3498
186
236
246
300
357
377
106696
95441
8795
6986
6683
35836
32025
31221
7376
4721
1721
93040
33794
31878
26585
26554
8961
8874
4612
4189
318
1176
48711
1265
1131
3948
4018
5299
7161
8464
4388
26662
34321
56367
68358
69712
3415
3539
97752
101285
99149
99114
98961
98154
97923
97921
97673
3629
97304
96832
96811
96728
96610
96588
96417
101525
101895
102194
102469
110871
107636
107141
106920
106916
106766
106100
105504
105355
105197
103688
103624
103449
103372
103107
95761
95558
95449
87304
86320
85394
83976
82463
82459
82313
81932
81845
81786
81591
81562
80489
80463
79242
78653
86833
88129
95135
88235
94969
94959
94931
91077
90866
90531
90439
90376
90057
89804
89759
89492
89470
89260
88810
111249
111251
111505
148482
144172
143385
142488
141749
140725
140715
140174
139642
139385
137337
134881
134859
134130
133771
133645
146656
148626
132549
155064
111931
111384
82152
66203
47044
138610
164979
164977
163949
163056
161582
161336
160954
158783
156387
132800
132547
111622
116161
115569
115139
114662
114459
114342
114254
113064
112852
112556
112552
112550
112515
112290
112183
112070
115713
116797
132458
117176
131796
128606
128512
128360
128235
127212
127206
127144
127114
127108
123695
123663
122882
118880
118700
78574
78039
74545
8584
25927
25805
8767
8766
8765
8751
8645
8494
47629
8236
8207
8195
8154
8128
8125
7926
26150
26151
26366
31770
47274
46723
46664
45210
45028
42217
41997
41863
41585
40819
40629
39183
38304
37741
34517
7792
7438
7335
5169
4763
4712
4437
4327
4326
4262
4103
3947
3811
3789
3742
3679
3671
3634
3632
4928
5198
7243
5289
7195
6983
6981
6874
6830
6783
6643
6515
6433
6229
5956
5795
5791
5747
5464
47423
48516
74324
66665
64701
64622
64620
64614
63876
63082
61357
61323
61240
61236
60766
60069
58879
58191
57669
64839
67087
48696
67255
73023
72741
72720
72395
72226
72176
72131
72011
71745
71464
71108
70293
69481
67665
67429
56805
56788
56782
54513
54272
53953
53894
53123
53000
52967
52579
52281
52241
51540
50068
49917
49824
48774
48738
56607
54286
54881
55052
56286
56152
56015
55946
55442
55363
55280
55276
55269
55253
55118
55069
55063
71057
72998
70286
3703
135518
2571
68319
109487
27611
107999
4995
64957
79132
122886
74458
66097
2068
1704
62849
132046
2019
48780
1997
2529
1219
48394
1210
130682
97938
60684
1258
4226
5618
5608
27904
5377
2288
88125
27773
115617
134853
27592
6218
78499
5064
1291
3949
4011
745
47
247
232
260
50
337
628
1
26614
339
3994
1036
44199
494
434
153
4223
780
1617
4638
2329
2600
2985
2989
3160
3175
3499
3916
4023
8781
7347
5602
2273
