6942
8533
58559
8972
5064
4995
318
2359
7155
6016
1704
67997
1721
3916
4023
2273
1617
2985
2989
3160
3175
2600
8781
780
7347
5602
3499
4638
494
434
4223
153
2329
4011
59725
6218
3361
44199
39421
1036
3994
745
3707
2529
1291
111384
2942
2959
27773
121231
2424
3949
48780
62849
1061
4226
74458
293
63992
47
79132
35836
31658
529
3114
52885
30745
186
215
5
27592
3260
377
8188
357
6713
6287
5662
3546
350
2288
300
3113
236
520
246
587
628
661
904
1059
1242
1250
1259
1358
1376
1517
1635
1639
1801
1954
1956
2004
337
2085
2369
2396
2692
2700
3052
2012
135518
3751
4322
64969
63131
45720
6863
1997
1088
1028
78499
117533
77455
60072
47099
40148
5608
2542
778
3176
5984
53318
306
1232
1211
1209
1197
1172
1153
954
946
914
757
146501
588
541
364
319
1
2361
3785
4641
5481
5377
5349
5135
4890
4823
4701
4369
1900
4351
4306
4041
1256
4016
3978
3893
5812
6281
6953
8636
94777
78349
70286
8369
106918
55247
5449
3676
106473
44191
3703
107649
88125
68954
65514
1729
1176
1219
4069
34405
27904
8861
7373
5507
5219
3882
48394
3300
3275
3257
2641
80551
2082
37733
60684
69640
6985
104283
82461
5618
3030
44555
7361
47640
66097
46970
71057
69712
69526
68319
68157
104841
7458
1089
100365
1199
130682
107999
8623
2174
150
45950
4467
37729
35957
34162
32892
7478
1955
2968
4911
5445
6683
52319
109487
1258
260
27255
6986
4612
5909
4189
48711
1131
4388
296
47465
132046
6754
36401
31221
2068
1210
1260
232
50
32025
7376
4018
4721
122886
33794
26585
26554
8961
3948
7161
104
106696
1080
247
111
40614
54290
134853
97938
8464
95441
72998
68358
27611
26662
26614
8795
7844
7153
78209
1610
1200
1120
1042
858
593
76251
7090
61024
55820
52973
8528
2502
1103
3793
4121
741
924
1274
2019
2571
2924
2997
3265
3996
4993
5782
5902
5952
6857
7022
1245
599
1272
94969
96728
96610
96588
96417
95761
95558
95449
95135
94959
89492
94931
91077
90866
90531
90439
90376
90057
89804
96811
96832
97304
97673
103688
103624
103449
103372
103107
102469
102194
101895
101525
101285
99149
99114
98961
98154
97923
97921
97752
89759
89470
67087
72176
78039
74545
74324
73023
72741
72720
72395
72226
72131
89260
72011
71745
71464
1273
70293
69481
67665
67429
78574
78653
79242
80463
88810
88235
88129
87304
86833
86320
85394
83976
82463
82459
82313
81932
81845
81786
81591
81562
80489
105197
105355
105504
134859
141749
140725
140715
140174
139642
139385
137337
134881
134130
106100
133771
133645
132800
132549
132547
132458
131796
128606
142488
143385
144172
146656
111931
82152
66203
47044
138610
164979
164977
163949
163056
161582
161336
160954
158783
156387
155064
148626
148482
128512
128360
128235
113064
112556
112552
112550
112515
112290
112183
112070
111622
111505
111251
111249
110871
107636
107141
106920
106916
106766
112852
114254
127212
114342
127206
127144
127114
127108
123695
123663
122882
118880
118700
117176
116797
116161
115713
115569
115139
114662
114459
67255
71108
25927
6433
7195
6983
6981
6874
6830
6783
6643
6515
6229
7335
5956
5795
5791
5747
5464
5289
5198
5169
7243
7438
4763
8645
26366
26151
26150
25805
8767
8766
8765
8751
8584
7792
8494
8236
8207
8195
8154
8128
8125
7926
4928
4712
34517
2182
2927
2920
2857
2747
2730
2677
2330
2202
2178
3022
2109
2028
1957
1942
1935
1572
1283
1281
2936
3089
4437
3679
4327
4326
4262
4103
3947
3811
3789
3742
3671
3111
3634
3632
3629
3539
3498
3415
3384
3246
31770
339
37741
55280
56607
56286
56152
56015
55946
55442
55363
55276
56788
55269
38304
55118
55069
55063
55052
54881
56782
56805
54286
63082
66665
64839
64701
64622
64620
64614
63876
61357
57669
61323
61240
61236
60766
60069
58879
58191
54513
55253
47274
46723
48738
48696
41863
47629
47423
40629
46664
49824
45210
40819
45028
42217
41997
41585
48774
48516
53000
49917
50068
39183
51540
52241
54272
53953
52281
52579
53894
53123
52967
66934
8865
64957
6539
115617
1732
109374
46578
118997
56367
6350
34321
8928
93040
1079
31878
5971
111624
1265
5299
8874
109249
3809
3301
608
4973
