1210
260
51540
56286
56607
56782
56788
56805
858
5747
1120
5445
5198
1517
1200
8128
1610
3111
4326
4262
4103
4121
3679
1957
1042
56152
54881
52241
52967
53000
53123
54272
54286
54513
1172
1197
53894
593
55118
55276
1211
55269
1273
55253
3811
55052
1291
117176
116797
112556
114342
114662
115569
112290
116161
112183
112852
111622
2571
55069
55442
3793
111251
118700
118880
112515
132046
55820
1250
70286
122886
3160
2329
153
434
494
780
8781
2273
1617
2600
2985
2989
3175
3499
3916
7347
4223
4023
4638
5602
72998
56367
55247
107999
112552
27611
135518
117533
44199
68319
109374
3703
34405
3994
94777
745
5064
2068
6218
293
109487
134853
109249
115617
215
31658
520
27592
377
30745
2361
357
350
186
52885
337
1
67997
300
246
236
5
47099
6016
45720
53318
2288
3546
39421
7155
5984
3707
5662
3176
64969
63131
59725
6287
40148
8533
6942
6863
2942
1997
6713
1088
8188
1028
4322
60072
587
529
3751
628
661
5812
5481
5377
5349
5135
4890
4823
4701
4641
4369
4351
4306
4041
4016
1256
3893
2085
2369
2396
3785
2692
2700
3052
3113
3114
6281
6953
8636
1954
904
1059
3361
1242
1259
1358
1376
78349
1635
1639
1801
1956
65514
8369
106918
2004
2012
5449
3676
106473
44191
107649
88125
68954
1900
7161
1089
3882
8972
69640
104841
2082
80551
1061
2359
2641
3257
3275
3300
3301
3809
4069
608
5219
5507
7373
8861
8928
27904
37733
48394
63992
66097
66934
68157
69526
7458
52319
71057
1199
1955
7478
32892
34162
35957
37729
45950
100365
150
2174
8623
111624
130682
2968
121231
4467
4911
5909
47465
4388
1131
64957
48711
4189
4612
6683
6986
27255
69712
46970
1080
319
1721
4721
7376
31221
32025
35836
50
232
318
2424
4018
4973
5299
8464
26554
26614
26662
34321
46578
93040
95441
97938
106696
118997
54290
40614
111
247
31878
8874
47640
2502
6985
7361
44555
3030
5618
5971
82461
104283
6754
8865
36401
104
1103
8528
7844
52973
61024
76251
78209
741
1274
2924
2997
3996
6350
6539
6857
7090
306
599
364
89759
90866
90531
90439
90376
90057
89804
89492
86320
89470
89260
88810
88235
88129
87304
91077
94931
94959
95135
95449
95558
95761
96417
96588
96610
96728
96811
96832
97304
97673
97752
97921
86833
85394
58191
63876
66665
64839
64701
64622
64620
64614
63082
83976
61357
61323
61240
61236
60766
60069
67087
67429
69481
70293
71108
71464
71745
72011
72131
541
72226
72395
72720
72741
73023
78653
82313
97923
98154
98961
140715
146656
144172
143385
142488
141749
140725
140174
99114
139642
139385
137337
134881
134130
133645
148482
148626
155064
156387
158783
160954
161582
163056
163949
164977
164979
138610
47044
66203
82152
111384
111931
132549
132547
132458
106916
99149
101525
101895
102194
103107
103372
103449
103624
103688
105197
105355
105504
106100
106766
106920
131796
107141
107636
112070
115139
115713
123663
123695
127108
127114
127144
127212
128235
128360
128606
58879
72176
57669
5795
6830
6783
6643
6515
6433
6229
5956
5791
6981
5464
5289
5169
4928
4712
4437
4327
6874
6983
3789
8236
8767
8766
8765
8751
8645
8584
8494
8207
56015
8195
8154
8125
7792
7438
7335
7243
3947
3742
25927
1245
1942
1935
1572
1283
1281
1272
1260
1232
2109
1209
1153
954
946
914
146501
588
2028
2178
3671
3089
3632
3629
3539
3498
3415
3384
3246
3022
2182
2936
2927
2857
2747
2677
2330
2202
25805
7195
26150
41997
45028
26151
45210
46664
46723
47274
47423
47629
48516
48696
48738
48774
49824
49917
50068
52281
55063
55280
55946
42217
339
40819
37741
41585
40629
39183
38304
41863
34517
31770
26366
3949
1258
1732
296
3634
2920
2730
55363
67665
134859
122882
81786
1079
1036
2542
1219
52579
101285
161336
127206
94969
53953
102469
133771
132800
128512
4763
7926
757
114459
110871
111249
112550
111505
114254
113064
27773
4995
47
5608
1176
5782
778
1729
4011
3265
7022
62849
78499
26585
1265
1704
58559
8961
33794
2529
74458
2019
48780
3260
3978
5902
924
60684
81562
80463
82459
82463
81932
78039
81845
81591
78574
79242
67255
74545
80489
74324
77455
2959
4226
4993
8795
7153
5952
68358
79132
3948
