8533
64620
1617
3916
3499
3175
3160
2989
2985
2600
2329
2273
780
4223
434
153
8128
5747
5198
4326
4262
4103
4023
4638
3679
63082
55063
57669
58191
58879
60069
60766
61323
61357
63876
5602
64614
64622
64701
64839
67429
1250
8781
7347
3811
494
1957
1273
1172
1197
3111
1211
61236
61240
44199
1036
3994
745
5064
1291
4011
3949
61024
1210
6218
293
377
186
30745
1242
31658
52885
58559
67997
1059
5
661
628
357
587
215
529
520
236
246
300
337
27592
350
27773
5662
8188
54290
6863
6942
45720
59725
63131
64969
40614
134853
6713
118997
115617
109374
109249
3176
106696
97938
2942
1997
1088
1028
6287
1358
3546
2529
2288
1729
1256
1219
1089
78499
1080
1079
247
4322
111
1259
3703
1376
4041
4641
4369
55247
4351
4306
106918
4016
4823
3978
3893
3785
3751
3361
3260
4701
4890
1517
5812
88125
68954
65514
8636
6953
6281
5481
5135
5377
44191
5349
106473
3676
5449
3114
3113
3052
6016
117533
1
778
2542
2959
5608
40148
2700
47099
60072
107649
62849
77455
1635
2361
1900
94777
93040
78349
70286
1639
1801
1954
8369
1956
2004
2012
2085
2369
2396
2692
95441
135518
72998
2359
3882
3809
3301
3300
3275
3257
2641
1732
68358
1061
80551
2082
104841
69640
8972
7458
4069
5219
5507
7373
46970
71057
69712
69526
68319
68157
66934
66097
63992
60684
37733
34405
27904
8928
8861
5445
608
52319
4388
5909
130682
111624
107999
8623
2174
150
100365
45950
37729
35957
34162
32892
7478
1955
296
1131
121231
64957
109487
79132
48780
4995
4226
1704
1258
260
27255
6986
6683
4612
4189
48711
74458
47640
6985
7361
318
50
47
35836
32025
31221
7376
4721
122886
1721
33794
31878
26585
26554
8961
8874
232
1176
7844
1265
56367
46578
34321
27611
26662
26614
8464
7161
5299
4973
5984
4018
3948
2424
2068
8795
7153
44555
78209
55820
52973
8528
2502
1103
104
36401
8865
6754
132046
104283
82461
5971
5618
3030
76251
741
7090
924
7022
6857
6539
6350
5952
5902
5782
4993
3996
3265
2997
2924
2571
2019
1274
3707
599
7155
72176
97923
97921
97752
97673
97304
96832
96811
96728
96610
96588
96417
95761
95558
95449
95135
94969
94959
98154
98961
99114
103624
106916
106766
106100
105504
105355
105197
103688
103449
99149
103372
103107
102469
102194
101895
101525
101285
94931
91077
90866
78653
81845
81786
81591
81562
80489
80463
79242
78574
82313
78039
74545
39421
73023
72741
72720
72395
81932
82459
90531
89260
90439
90376
90057
89804
89759
89492
89470
88810
82463
88235
88129
87304
86833
86320
85394
83976
106920
107141
107636
139385
143385
142488
141749
140725
140715
140174
139642
137337
146656
134881
134859
134130
133771
133645
132800
132549
144172
148482
132458
164977
111931
111384
82152
66203
47044
138610
164979
163949
148626
163056
161582
161336
160954
158783
156387
155064
132547
131796
110871
112550
114459
114342
114254
113064
112852
112556
112552
112515
115139
112290
112183
112070
111622
111505
111251
111249
114662
115569
128606
127108
128512
128360
128235
127212
127206
127144
127114
123695
115713
123663
122882
118880
118700
117176
116797
116161
72226
74324
72131
5289
6515
6433
6229
5956
5795
5791
5464
5169
6783
4928
4763
4712
4437
4327
3947
3789
6643
6830
3671
8195
8765
8751
8645
8584
8494
72011
8207
8154
6874
7926
7792
7438
7335
7195
6983
6981
3742
3634
8767
946
1281
1272
1260
1245
1232
1209
1153
914
1935
757
146501
588
364
319
306
53318
1572
1942
3632
2920
3539
3498
3415
3384
3246
3089
2927
2857
2109
2747
2730
2677
2330
2202
2182
2178
8766
8236
52967
50068
55276
55269
55253
55118
55069
55052
54881
54513
54286
54272
53953
53894
53123
53000
25805
52579
52241
55280
55363
55442
67087
71745
71464
71108
70293
69481
67665
67255
66665
55946
56805
56788
56782
56607
56286
56152
56015
51540
339
26150
45210
37741
38304
39183
40629
40819
41585
26366
41863
49917
26151
31770
25927
42217
45028
34517
46664
47629
49824
48774
48738
46723
48516
48696
47274
47423
48394
1199
2936
52281
41997
3022
954
8125
541
4467
4911
47465
2028
2968
7243
3629
1283
904
3793
4121
593
858
1120
1200
1610
1042
