2028
2959
4326
4103
1211
5198
1172
3811
1197
5747
1957
3679
3111
1273
8128
4262
2330
2677
588
364
319
306
3246
1245
4226
593
858
1042
1120
1200
1610
4121
7153
5952
1219
5608
5902
3978
3260
608
4973
2936
1283
3629
7243
2692
541
954
3022
8125
111
47
350
4041
52973
1103
2997
7361
3176
6016
318
3949
3793
2924
7090
7844
3996
215
4993
8795
1721
5971
260
4995
2019
296
1729
778
1732
2361
6942
924
1258
1704
40819
37741
38304
39183
40629
48780
1079
293
93040
2068
337
2012
1059
904
2396
246
62849
3809
26554
6539
44191
25927
46664
109249
1265
2529
2542
3632
6983
946
1935
2202
3089
2927
1942
55820
2920
74458
31878
1210
3882
236
5782
79132
65514
27773
50
26614
40148
37733
69640
4011
41997
52281
1250
111624
4890
2571
59725
3265
7022
3361
48394
94777
1089
8928
8766
31770
4823
1080
41585
3751
5289
6830
5135
6515
6281
8236
7335
8765
5169
300
7195
8751
56015
8767
4641
32892
1260
115139
1153
2182
1955
2502
3546
60684
132046
109374
247
1281
40614
109487
106473
72998
63992
27592
1199
88125
5618
53953
52579
114459
111249
4763
111505
127206
114254
128512
110871
113064
101285
112550
7926
94969
132800
133771
102469
161336
757
121231
2288
3703
111384
44555
60072
27611
3114
70286
81786
134859
122882
135518
67665
118700
112515
118880
122886
2424
4018
105504
134853
106696
130682
27904
107999
77455
8874
68319
1028
66097
6350
6218
1061
55247
34405
56367
53318
66934
55363
34321
35836
2942
3676
8533
5481
4322
45720
4701
106918
8369
5812
54290
4369
8861
3257
3275
3300
3301
4069
5219
5507
7373
69526
2359
69712
71057
47640
82461
6754
8865
36401
8528
2641
80551
76251
4388
7478
34162
35957
37729
45950
4911
5909
47465
48711
2082
4189
4612
6683
6986
27255
52319
8972
104841
61024
78209
4351
1801
661
1242
1259
1358
1376
1517
1635
1639
2004
587
2085
2369
2700
3113
3785
3893
4016
4306
628
529
8961
5984
4721
7376
31221
32025
3948
68358
95441
97938
5662
520
6713
8188
30745
58559
67997
186
357
377
3707
339
7155
89492
81932
82459
82463
83976
85394
86320
86833
87304
88129
88235
88810
89260
89470
89759
96811
89804
90057
90376
90439
90531
90866
91077
94931
94959
95135
95449
95558
96588
81845
39421
81562
80489
64614
64620
64622
64701
64839
66665
67087
67255
67429
69481
70293
71108
71464
71745
72011
72131
72226
72395
72720
73023
74324
74545
78039
78574
78653
79242
80463
96728
97304
63082
144172
117176
127114
128360
128606
133645
134130
134881
137337
139385
140174
141749
142488
143385
146656
97673
148626
155064
156387
158783
160954
161582
163056
163949
138610
47044
66203
82152
111931
116797
116161
115713
115569
97752
97921
97923
98154
98961
99114
99149
101525
101895
102194
103107
103372
103624
105197
105355
106100
106766
106916
106920
107141
111622
112183
112290
112556
112852
114342
114662
63876
81591
61357
54286
55276
55269
55253
55118
55052
54881
54513
54272
56152
53894
53123
53000
52967
52241
51540
61323
146501
55063
60766
56607
5795
60069
56286
58879
58191
57669
56805
56788
56782
117533
1997
1088
78349
64969
112552
3030
100365
46970
232
107649
741
104283
6857
52885
1274
63131
6863
1131
68954
47099
2968
118997
4467
26662
111251
96832
96610
745
61236
61240
55442
55069
8464
5377
96417
132547
6953
8494
95761
104
103688
41863
5449
5956
103449
3052
8636
2174
47423
45028
49824
48516
46723
48696
49917
48738
31658
48774
45210
6287
1256
47629
1900
55280
7438
50068
6874
8645
5464
5791
33794
46578
127108
68157
150
82313
164979
72741
55946
112070
123663
72176
123695
107636
8584
140715
127212
128235
148482
164977
2747
131796
132458
34517
132549
127144
140725
3539
139642
115617
3994
3634
78499
26585
5064
5445
1954
1
599
1176
64957
1291
2857
3789
914
1209
8154
4327
2730
44199
8623
5
1036
5299
3947
47274
2178
3384
3498
2109
4928
26366
6229
1272
3671
8207
4712
4437
7792
4638
5602
7347
4023
3175
3916
8781
3499
4223
2600
3160
2273
2989
494
780
1617
153
2329
2985
434
6985
7458
5349
7161
1956
3415
6643
6783
6981
3742
6433
8195
1572
26150
1232
42217
26151
25805
