4226
102194
101895
103107
103372
97673
103624
105197
105355
106100
106766
106916
106920
107141
4011
2997
7361
2692
3949
1089
293
3916
8781
7347
5602
4638
4223
4023
3499
434
3175
3160
2989
2985
2600
2329
2273
153
494
1617
780
48780
5782
93040
97938
56286
2502
61323
55276
55269
55253
55118
55063
55052
54881
54513
54286
54272
53894
53123
53000
52967
52241
51540
56152
64614
56607
56788
61357
63082
63876
6016
60766
64620
64622
3275
64701
64839
1259
67429
60069
58879
58191
57669
56805
56782
26554
62849
8874
1732
105504
109374
2529
40148
61236
61240
2959
55442
55069
5608
1036
745
2542
60072
1291
5064
50
26614
47
55820
8861
95449
94931
94959
101525
95558
96811
99149
99114
98961
98154
97923
97921
97752
97304
96728
96588
95135
608
61024
1245
306
588
364
319
2330
2677
3246
1219
56367
3809
1258
27773
6942
96610
96832
2361
4973
232
2028
215
68157
53318
31878
8928
6350
6218
60684
109249
111
64957
55247
5299
34321
66934
118997
3978
104841
5902
3260
318
296
35836
115617
6539
52973
1103
4041
350
7153
5952
924
3361
3882
37733
111384
121231
1061
68954
357
4306
236
4351
4369
246
4701
300
2012
2004
337
1956
1954
1801
1639
1635
4016
3893
186
31658
27592
3052
3113
30745
2396
2369
52885
3785
2085
58559
5
3114
6713
3751
4823
377
65514
520
2700
5812
6281
5449
1250
3676
1059
6953
106473
1242
44191
3703
107649
88125
8636
5481
106918
5377
1376
529
587
628
1517
1
661
1358
5349
1900
78349
8369
904
4890
5135
8188
599
6287
3257
27255
52319
5445
7458
8972
69640
2082
80551
2359
2641
3300
6683
3301
4069
5219
5507
7373
27904
48394
63992
66097
68319
6986
4612
69712
8623
1955
7478
32892
34162
35957
37729
45950
100365
150
2174
107999
4189
130682
1199
2968
4467
4911
5909
47465
4388
1131
48711
69526
71057
5662
8464
26585
33794
1721
122886
4721
7376
31221
32025
2424
3948
26662
8795
68358
95441
106696
134853
54290
247
1080
1256
2288
3546
8961
1028
47640
76251
6985
3030
5618
82461
104283
6754
8865
36401
104
8528
78209
7844
741
1274
2019
2924
3265
3996
4993
6857
7022
7090
4322
339
1088
90376
86320
86833
87304
88129
88235
88810
89260
89470
89492
89759
89804
90057
90439
111505
90531
90866
91077
94969
95761
96417
101285
102469
103449
103688
107636
110871
85394
83976
82313
81786
26150
26151
26366
31770
34517
37741
38304
39183
40629
40819
41585
41997
42217
46664
47274
50068
52281
52579
53953
55280
55363
1997
56015
72176
72741
111249
112070
25805
156387
139642
140174
140715
140725
141749
142488
143385
144172
146656
148482
148626
155064
158783
112550
160954
161336
161582
163056
163949
164977
164979
138610
47044
66203
82152
111931
139385
137337
134881
134859
113064
114254
114459
115139
115713
122882
123663
123695
127108
127114
127144
127206
127212
128235
128360
128512
128606
131796
132458
132547
132549
132800
133645
133771
134130
25927
55946
8767
6830
2927
2936
3022
3089
3384
3415
3498
3539
3629
3632
3634
3671
3742
3789
3947
4327
4437
4712
4928
5169
5289
5464
5791
5795
5956
6229
6433
6515
6643
2920
2857
2747
954
2942
45720
59725
3176
3707
5984
7155
39421
541
146501
757
914
946
1153
2730
1209
1232
1260
1272
1281
1283
1572
1935
1942
2109
2178
2182
2202
6783
4763
8236
7243
6981
7438
8494
7792
7926
7195
6874
8645
6983
8751
8207
8195
8765
8125
8766
8584
8154
7335
4995
6863
4018
64969
1079
1176
46970
7161
67997
63131
2068
111624
5971
117533
67665
112552
79132
260
71464
72226
72720
73023
72131
72395
66665
67087
72011
71108
78653
71745
70293
69481
109487
1704
46578
111251
1265
3793
118700
112515
118880
778
1729
117176
116161
115569
114662
116797
114342
112852
111622
112556
112290
112183
77455
94777
4262
8128
1273
5198
4103
3811
1957
4641
1211
4326
4121
1197
1172
3679
593
858
5747
1042
1120
1200
1610
3111
8533
78499
74458
3994
135518
34405
1210
27611
47099
44199
44555
80463
81932
67255
74324
78039
80489
78574
82459
81845
74545
81591
81562
79242
82463
40614
2571
70286
132046
45028
45210
49917
49824
48774
41863
48738
48696
48516
47629
47423
46723
72998
