608
904
26614
50
296
1103
4041
52973
350
3809
1079
55820
1729
778
37733
3882
4973
8928
1732
2959
68157
109249
1089
46578
109374
293
2542
946
1801
2085
2012
2004
1956
1954
1635
1639
2396
1517
1376
1358
1259
1250
2369
3052
2700
1059
3113
3114
3260
3361
3785
3893
3978
4016
1283
4306
4351
4369
4641
1242
1572
4823
6713
52885
31658
30745
27773
27592
8188
6287
67997
5662
2529
2288
2109
1256
1219
58559
5
661
1942
628
587
1935
529
520
377
337
2028
300
246
1957
236
215
186
4701
1281
914
1153
8533
6942
6863
2942
1997
1088
1028
59725
4322
78499
77455
62849
60072
1172
45720
954
47099
306
757
146501
588
541
364
319
53318
63131
39421
7155
5984
3707
3176
64969
1197
40148
1273
6281
44191
107649
88125
68954
65514
6953
5812
3676
5481
5377
5349
1272
5135
4890
106473
5449
6016
117533
5608
1209
1211
1232
1245
1
1900
55247
94777
78349
1260
70286
8369
106918
8636
135518
1080
8861
5507
5219
4069
3301
3300
3275
3257
2641
2359
1061
80551
2082
104841
69640
8972
7373
27904
5445
34405
3030
44555
7361
6985
47640
46970
71057
69712
69526
68319
66934
66097
63992
60684
48394
7458
52319
247
4467
1199
130682
111624
107999
8623
2174
150
100365
45950
37729
35957
34162
32892
7478
1955
2968
4911
121231
5909
109487
79132
4995
1704
260
27255
6986
6683
4612
4189
48711
64957
1131
4388
47465
5618
5971
82461
7161
2424
2068
1265
1210
1176
318
232
47
35836
32025
31221
7376
4721
122886
1721
5299
8464
104283
26662
40614
54290
134853
118997
115617
2182
106696
97938
95441
93040
72998
68358
56367
34321
27611
33794
31878
26585
26554
2571
2019
1274
924
741
78209
76251
61024
8528
2502
104
36401
8865
6754
132046
2924
2997
3265
7022
8961
8874
8795
7844
7153
7090
6857
3996
6539
6350
5952
5902
5782
4993
2178
599
2202
90531
97752
97673
97304
96832
96811
96728
96610
96588
96417
95761
95558
95449
95135
94969
94959
94931
91077
97921
97923
98154
103372
106100
105504
105355
105197
103688
103624
103449
103107
98961
102469
102194
101895
101525
101285
99149
99114
90866
90439
106916
90376
81786
81591
81562
80489
80463
79242
78653
78574
78039
74545
74324
73023
72741
72720
72395
72226
72176
81845
2330
81932
88235
90057
89804
89759
89492
89470
89260
88810
88129
82313
87304
86833
86320
85394
83976
82463
82459
106766
106920
72011
131796
143385
142488
141749
140725
140715
140174
139642
139385
137337
134881
134859
134130
133771
133645
132800
132549
132547
144172
146656
148482
164977
111931
111384
82152
66203
47044
138610
164979
163949
148626
163056
161582
161336
160954
158783
156387
155064
132458
128606
107141
128512
114342
114254
113064
112852
112556
112552
112550
112515
112290
112183
112070
111622
111505
111251
111249
110871
107636
114459
114662
115139
123695
128360
128235
127212
127206
127144
127114
127108
123663
115569
122882
118880
118700
117176
116797
116161
115713
72131
339
71745
46723
5791
48738
48696
48516
47629
47423
47274
46664
48774
45210
45028
42217
41997
41863
41585
40819
71464
5747
3634
4326
5956
3742
3789
3811
3947
4103
4262
4327
5464
4437
4712
4763
4928
5169
5198
5289
40629
39183
38304
7195
8128
8125
7926
7792
7438
7335
7243
6983
37741
6981
6874
6830
6783
6643
6515
6433
8154
8195
5795
8207
34517
31770
26366
26151
26150
25927
25805
8767
8766
8765
8751
8645
8584
8494
8236
3671
3679
3632
3629
61240
61236
60766
60069
58879
58191
57669
56805
56788
56782
56607
56286
2857
56152
56015
55946
55442
2747
61323
61357
67087
71108
2677
70293
69481
67665
67429
67255
66665
63082
64839
64701
2730
64622
64620
64614
63876
55363
55280
55276
52281
51540
50068
49917
49824
2920
2927
2936
3022
3089
3111
3246
3384
3415
3498
3539
55269
52241
54272
52579
55253
55118
55069
55063
55052
54881
54513
54286
6229
53953
53894
53123
53000
52967
48780
2692
4226
1258
3703
4018
2361
357
3751
111
6218
74458
3949
4011
5064
1291
745
3994
1036
44199
3546
4638
4223
4023
3948
3916
7347
8781
5602
3175
153
780
3160
2989
2985
2600
434
2329
2273
1617
3499
494
3793
1042
858
1120
593
1200
4121
1610
