4121
1610
1200
1120
1042
593
858
364
588
1245
306
2330
2677
3246
319
2028
608
1079
778
1729
52973
1103
350
4041
296
293
1036
3793
3265
7022
215
26585
2542
1089
4326
1211
1273
1957
8128
3111
1172
1197
5747
5198
3679
3811
4103
4262
260
5782
2019
2959
3022
8125
541
954
111
26614
2641
50
357
1131
2288
1358
1242
3361
2968
2174
55820
2936
37733
3882
1732
3629
1283
7243
47465
4467
4911
7347
2985
780
2600
4023
3499
2329
494
2273
153
4223
1617
4638
3160
3175
2989
5602
3916
434
8781
3809
7090
2924
7844
3996
8795
4993
68157
109249
1199
2361
1258
44199
4973
1061
3994
745
8928
31878
1291
27773
318
107649
65514
5064
4011
47
46578
109374
68319
3949
7373
112552
6218
1210
6863
1088
4226
2692
6983
3632
2927
2202
3089
1942
946
1935
1281
132046
46664
25927
2068
48780
122886
107999
27611
109487
2424
2571
135518
1721
1250
70286
3703
150
72998
79132
1704
1256
127212
128235
131796
132458
132549
529
139642
140715
72176
1265
55946
148482
164977
164979
140725
1376
127144
8584
520
72741
82313
587
377
1059
1259
2369
3539
107636
2747
112070
123663
123695
34517
3114
127108
59725
4995
6942
41997
52281
5608
236
63992
48394
1219
5299
5971
94777
1176
111624
60684
55247
34321
34405
8874
118997
35836
63131
7161
6539
46970
56367
64969
6350
4018
66934
106918
5449
80551
2359
3257
5377
5349
5135
3275
3300
3301
4890
4069
4823
78349
4701
5219
5507
8861
27904
37729
1900
4641
4369
4351
35957
34162
32892
7478
66097
4306
2082
5481
104841
8369
3676
106473
44191
130682
5909
4388
64957
48711
4189
4612
88125
68954
6683
8623
69640
6986
27255
69526
52319
100365
45950
8636
5445
6953
7458
6281
5812
8972
121231
47640
4016
7376
8188
27592
4721
30745
31658
52885
26554
58559
67997
5
186
8961
246
300
337
6713
6287
3893
5662
68358
26662
93040
95441
97938
106696
8464
54290
40614
247
3948
232
32025
6016
2529
6857
2997
1274
741
2004
2085
5618
2396
3030
44555
2700
3052
3113
7361
6985
3751
71057
3785
69712
1954
1801
1639
2502
78209
76251
61024
628
661
8528
104
1635
36401
8865
6754
104283
82461
1517
31221
339
40148
81932
86833
86320
85394
83976
82463
82459
81845
78039
81591
81562
80489
80463
79242
78653
87304
88129
88235
88810
89260
89470
89492
89759
89804
90057
90376
90439
90531
90866
91077
94931
94959
78574
74545
95449
61323
64622
64620
64614
63876
63082
61357
61240
74324
61236
60766
60069
58879
58191
57669
47099
64839
66665
67087
67255
67429
69481
70293
71108
71464
71745
72011
72131
72226
72395
72720
73023
95135
95558
56788
134130
142488
141749
140174
139385
137337
134881
133645
115569
128606
128360
127114
117176
116797
116161
143385
144172
146656
148626
155064
156387
158783
160954
161582
163056
163949
138610
47044
66203
82152
111384
111931
115713
115139
96588
98154
102194
101895
101525
99149
99114
98961
97923
114662
97921
97752
97673
97304
96811
96728
103107
103372
103624
105197
105355
105504
106100
106766
106916
106920
107141
111622
112183
112290
112556
112852
114342
56805
64701
56782
8236
6433
6515
6643
6783
56607
6874
6981
7195
7335
7438
8195
8645
40819
8751
8765
8766
8767
25805
26150
26151
31770
37741
38304
39183
5795
5791
5464
5289
60072
62849
4322
1028
1997
2942
8533
45720
3176
3707
5984
7155
39421
53318
146501
1153
1232
1260
1572
2182
3415
3742
5169
40629
6830
41585
53123
49917
50068
56015
51540
52241
55442
55276
52967
55269
53000
55253
48774
55118
55069
53894
55063
55052
41863
54881
54513
54286
54272
49824
55280
56286
45210
47629
48516
46723
56152
48696
48738
47423
45028
42217
7153
5952
115617
3671
26366
4928
3498
3947
4437
3384
1272
4712
2178
47274
6229
8207
7792
2109
134853
2857
1209
8154
3789
914
4327
77455
74458
78499
5902
3978
3260
117533
1
1080
2012
1955
904
1956
111251
96832
96610
2920
599
55363
118880
118700
67665
112515
122882
134859
81786
132547
5956
103688
8494
103449
96417
95761
2730
3634
33794
7926
94969
101285
102469
52579
161336
4763
110871
111249
757
112550
113064
114254
133771
114459
132800
128512
53953
127206
111505
3546
924
