608
350
52973
1103
4041
3809
55820
3160
4023
3175
3499
3916
5602
4223
4638
2985
7347
8781
2989
153
2600
1617
780
434
494
2273
2329
37733
3882
1079
4973
8928
44199
109249
1036
46578
3994
109374
745
5064
1291
1732
4011
3949
6218
293
357
1358
1729
1256
1219
1089
1080
247
111
40614
1250
54290
1259
1376
2529
134853
1517
118997
115617
106696
1635
97938
95441
93040
72998
68358
2288
1242
377
186
520
529
337
587
628
661
904
300
246
236
215
5
3546
67997
58559
52885
31658
30745
1059
27592
8188
6713
6287
5662
135518
1956
1639
106918
4322
78499
77455
62849
60072
47099
40148
6016
5608
2959
2542
778
1
117533
2361
1900
94777
78349
70286
1028
1088
1997
5984
588
541
364
319
306
53318
39421
7155
3707
2942
3176
64969
63131
59725
45720
8533
6942
6863
8369
55247
1801
5449
4306
4016
3978
3893
3785
3751
3361
3260
3114
3113
3052
2700
2692
2396
2369
2085
2012
2004
1954
4351
4369
4641
8636
3676
106473
44191
3703
107649
88125
68954
65514
6953
4701
6281
5812
5481
5377
5349
5135
4890
4823
56367
32025
34321
5219
3301
3300
3275
3257
2641
2359
80551
2082
104841
69640
8972
7458
5445
52319
121231
4069
5507
79132
7373
47640
46970
71057
69712
69526
68319
68157
66934
66097
63992
60684
48394
34405
27904
8861
109487
48780
27611
4467
1199
130682
111624
107999
8623
2174
150
100365
45950
37729
35957
34162
32892
7478
1955
2968
4911
4995
5909
4226
1704
1258
260
27255
6986
6683
4612
4189
48711
74458
64957
4388
296
47465
6985
7361
44555
31221
4721
122886
1721
33794
31878
26585
26554
8961
8874
8795
7844
7153
7090
7022
6857
7376
757
3030
35836
26662
26614
8464
7161
5299
4018
3948
2424
2068
1265
1210
1176
232
50
47
6539
6350
5952
5902
593
78209
76251
61024
8528
2502
104
36401
8865
6754
132046
104283
82461
5971
5618
858
1042
1120
2571
5782
4993
3996
3265
2997
2924
2019
1200
1274
924
741
4121
3793
1610
146501
599
914
94959
96610
96588
96417
95761
95558
95449
95135
94969
94931
89470
91077
90866
90531
90439
90376
90057
89804
89759
96728
96811
96832
97304
103624
103449
103372
103107
102469
102194
101895
101525
101285
99149
99114
98961
98154
97923
97921
97752
97673
89492
89260
105197
72131
74545
74324
73023
72741
72720
72395
72226
72176
72011
88810
71745
71464
71108
70293
69481
67665
67429
67255
78039
78574
78653
79242
88235
88129
87304
86833
86320
85394
83976
82463
82459
82313
81932
81845
81786
81591
81562
80489
80463
103688
105355
66665
134859
141749
140725
140715
140174
139642
139385
137337
134881
134130
128360
133771
133645
132800
132549
132547
132458
131796
128606
142488
143385
144172
146656
111931
82152
66203
47044
138610
164979
164977
163949
163056
161582
161336
160954
158783
156387
155064
148626
148482
128512
128235
105504
111505
112556
112552
112550
112515
112290
112183
112070
111622
111251
127212
111249
110871
107636
107141
106920
106916
106766
106100
112852
113064
114254
114342
127206
127144
127114
127108
123695
123663
122882
118880
118700
117176
116797
116161
115713
115569
115139
114662
114459
946
67087
64839
4712
5791
5747
5464
5289
5198
5169
4928
4763
4437
3671
4327
4326
4262
4103
3947
3811
3789
3742
5795
5956
6229
6433
8195
8154
8128
8125
7926
7792
7438
7335
7243
7195
6983
6981
6874
6830
6783
6643
6515
3679
3634
8236
1272
2028
1957
1942
1935
1572
1283
1281
1273
1260
3632
1245
1232
1211
1209
1197
1172
1153
954
2109
2178
2182
2202
3629
3539
3498
3415
3384
3246
3111
3089
3022
2936
2927
2920
2857
2747
2730
2677
2330
64701
8207
8494
55069
55946
55442
55363
55280
55276
55269
55253
55118
55063
52967
55052
54881
54513
54286
54272
53953
53894
53123
56015
56152
56286
56607
64622
64620
64614
63876
63082
61357
61323
61240
61236
60766
60069
58879
58191
57669
56805
56788
56782
8584
53000
52579
26366
41585
40819
40629
39183
38304
37741
34517
31770
26151
52281
26150
25927
25805
8767
8766
8765
8751
8645
41863
41997
48738
48696
52241
51540
50068
49917
49824
48774
42217
339
48516
47629
47423
47274
46723
46664
45210
45028
318
27773
111384
1131
1061
