1704
4995
2959
2571
1256
48394
5608
55820
8795
4993
4226
5952
7153
1210
260
132046
2019
778
1729
47
5445
1080
2174
41997
52281
1219
3949
4011
2529
350
4041
1103
52973
88125
79132
1283
7243
3629
48780
608
48696
49917
46723
47423
47629
48516
45210
41863
49824
48774
48738
45028
62849
2028
6874
7438
50068
55280
8645
5791
5464
44199
27611
55069
55442
74458
2542
70286
55363
72998
135518
1079
61240
61236
46578
924
5902
3978
3260
37733
3882
27773
44555
1258
296
1176
47099
1250
109487
107649
4103
4262
4326
5198
2997
1517
8128
8125
3811
5747
1211
45950
3022
541
954
3679
1172
1197
1957
1273
3111
33794
745
1732
66097
122886
68954
112552
107999
2936
5782
3114
26554
7361
1088
93040
55118
55253
56286
56782
56152
56788
55276
56805
55269
54272
54286
55052
54881
51540
52241
52967
53000
53123
53894
56607
54513
68319
4023
3175
4638
2273
2329
2600
780
2985
2989
3160
494
434
3499
3916
153
4223
1617
5602
8781
7347
34405
106473
1036
3994
5064
1291
109249
67997
134853
293
68157
8928
6281
3676
5812
44191
529
5449
8636
65514
106918
6953
2085
8369
78349
236
246
300
337
1997
4322
357
78499
77455
60072
40148
6016
377
1
520
2361
1900
5481
3361
5377
1801
3052
1259
1358
1376
1635
1639
1954
5135
1956
2700
2004
2692
2012
2396
186
3113
1242
1059
904
628
2369
3785
3893
4016
4351
4369
4641
4701
587
4823
4890
215
40614
5
8865
2082
80551
1061
2359
2641
3257
3275
3300
3301
4069
5219
5507
7373
8861
27904
63992
69526
69712
71057
47640
6985
3030
5618
82461
104283
104841
8972
7458
4911
1955
7478
32892
34162
35957
150
8623
130682
1199
2968
4467
5909
52319
47465
4388
1131
64957
48711
4189
4612
6683
6986
27255
121231
6754
36401
58559
104
50
232
318
2424
3948
26614
26662
68358
95441
97938
54290
8533
111
247
1089
2288
3546
5662
6287
6713
8188
27592
30745
31658
52885
32025
31221
7376
3793
2502
8528
61024
76251
78209
593
858
1042
1120
1200
1610
4121
4721
741
1274
2924
3265
3996
6857
7022
7090
7844
26585
1721
2942
599
78574
96811
98154
97923
97921
97752
97673
97304
96832
96728
94959
96610
96588
96417
95761
95558
95449
95135
98961
99114
99149
101285
106920
106916
106766
106100
105355
105197
103688
103624
103449
103372
103107
102469
102194
101895
101525
94969
94931
107636
80489
82459
82313
81932
81845
81786
81591
81562
80463
91077
79242
78653
78039
74545
74324
73023
72741
82463
83976
85394
86320
90866
90531
90439
90376
90057
89804
89759
89492
89470
89260
88810
88235
88129
87304
86833
107141
110871
72395
139642
144172
143385
142488
141749
140725
140715
140174
139385
132547
137337
134881
134859
134130
133771
133645
132800
146656
148482
148626
155064
111931
111384
82152
66203
47044
138610
164979
164977
163949
163056
161582
161336
160954
158783
156387
132549
132458
111249
112556
115139
114662
114459
114342
114254
113064
112852
112550
131796
112515
112290
112183
112070
111622
111505
111251
115569
115713
116161
116797
128606
128512
128360
128235
127212
127206
127144
127114
127108
123695
123663
122882
118880
118700
117176
72720
339
72226
5169
4763
4712
4437
4327
3947
3789
3742
3671
3634
3632
3539
3498
3415
3384
3246
4928
5289
2927
5795
8207
8195
8154
7926
7792
7335
6983
6981
6830
6783
6643
6515
6433
6229
5956
3089
2920
8494
1153
914
757
146501
588
364
319
306
53318
39421
7155
5984
3707
3176
59725
45720
946
1209
2857
1232
2747
2730
2677
2330
2202
2182
2178
2109
1942
1935
1572
1281
1272
1260
1245
8236
7195
8584
55946
57669
58191
58879
60069
60766
61323
61357
63082
63876
8751
64620
64622
64701
64839
66665
67087
67255
67429
67665
69481
70293
71108
71464
71745
72011
72131
72176
56015
64614
55063
39183
8765
8766
8767
25805
25927
53953
26151
26366
31770
34517
37741
38304
26150
41585
52579
47274
46664
40629
40819
42217
6863
117533
100365
66934
94777
6942
109374
1028
55247
56367
6350
64969
106696
105504
115617
7161
46970
60684
111624
3703
2068
63131
31878
35836
5971
3809
8464
661
4306
37729
118997
6218
8874
34321
4973
4018
5299
69640
3751
5349
8961
6539
1265
