1721
1079
26614
1028
5377
50
318
628
5445
4995
6942
2424
778
1729
296
59725
4973
1704
3176
4306
8636
5349
5
8623
377
587
357
109249
3361
63992
106696
232
2542
2959
7161
3809
1732
111384
4226
121231
1089
7155
118997
111624
1061
6016
48780
2359
6539
608
8928
1265
35836
2692
3114
79132
46578
109374
150
68157
66934
8874
115617
5299
2529
5971
31878
67997
39421
62849
93040
74458
3707
34321
6350
2942
56367
64957
3260
4016
3978
246
300
3785
3113
3751
186
3052
2700
3893
1242
2396
1639
1259
1358
904
661
1376
1517
1635
1801
337
1250
529
520
1956
2004
2085
2369
1954
135518
4351
1272
8533
45720
63131
64969
5984
53318
146501
757
914
946
1153
1209
1232
1260
1281
1088
1572
1935
1942
2109
2178
2182
2202
2730
2747
2857
2920
2927
3089
3384
6863
4322
4369
3676
4641
4701
4823
4890
5135
5481
5812
6281
6953
65514
68954
107649
3703
44191
5449
78499
55247
106918
8369
70286
78349
94777
1900
2361
117533
1
40148
47099
60072
77455
106473
97938
58559
34405
2082
80551
2641
3257
3275
3300
3301
4069
5219
5507
7373
8861
27904
60684
6754
68319
69526
69712
71057
46970
47640
6985
7361
44555
3030
5618
82461
104283
104841
69640
8972
7458
1955
7478
32892
34162
35957
37729
45950
100365
2174
107999
1199
2968
4467
4911
5909
47465
4388
1131
48711
4189
4612
6683
6986
27255
260
109487
52319
132046
8865
52885
3498
7376
31221
32025
1176
1210
2068
4018
8464
26662
27611
68358
72998
95441
134853
36401
54290
40614
111
247
1080
1256
3546
5662
6287
6713
8188
30745
31658
4721
122886
33794
26585
104
2502
8528
61024
76251
78209
741
924
1274
2019
2571
2924
2997
3265
3996
4993
5782
5902
5952
6857
7022
7090
7153
7844
8795
8961
26554
3415
599
3539
97673
96832
96811
96728
96610
96588
96417
95761
95558
95449
95135
94969
94959
94931
91077
90866
90531
90439
97304
97752
90057
97921
105355
105197
103688
103624
103449
103372
103107
102469
102194
101895
101525
101285
99149
99114
98961
98154
97923
90376
89804
67665
80463
78653
78574
78039
74545
74324
73023
72741
72720
72395
72226
72176
72131
72011
71745
71464
71108
70293
79242
80489
89759
81562
89492
89470
89260
88810
88235
88129
87304
86833
86320
85394
83976
82463
82459
82313
81932
81845
81591
105504
106100
106766
143385
141749
140725
140715
140174
139642
139385
137337
134881
134859
134130
133771
133645
132800
132549
132547
132458
131796
142488
144172
106916
146656
111931
82152
66203
47044
138610
164979
164977
163949
163056
161582
161336
160954
158783
156387
155064
148626
148482
128606
128512
128360
128235
113064
112852
112556
112552
112550
112515
112290
112183
112070
111622
111505
111251
111249
110871
107636
107141
106920
114254
114342
114459
122882
127212
127206
127144
127114
127108
123695
123663
118880
114662
118700
117176
116797
116161
115713
115569
115139
69481
81786
5795
7792
4712
4437
4327
7335
7195
6983
6981
3947
6874
5791
6830
6783
6643
3789
3742
6515
6433
3671
3634
6229
45210
46664
46723
47274
47423
47629
48696
48738
48774
7438
7926
49917
8154
8751
8765
8766
8767
25805
25927
26150
26151
26366
31770
34517
37741
38304
39183
40629
40819
41585
41863
8584
8494
42217
45028
5169
4928
4763
8236
8207
67429
8195
49824
48516
50068
61236
56152
56286
51540
56607
56782
56788
56805
57669
58191
5289
58879
60069
60766
61240
55946
61323
5464
61357
63082
63876
64614
64620
64622
64701
64839
66665
67087
67255
56015
8645
55442
53123
53953
54272
54286
53000
52967
54513
54881
55363
52579
55052
55063
55069
53894
55118
55253
55269
3632
52241
5956
55276
55280
27773
37733
3882
55820
236
1219
66097
4041
52973
1103
350
1997
5608
130682
2012
3948
1258
3793
27592
6218
2288
88125
1120
593
4121
858
1610
1042
1200
293
4011
3949
1291
5064
4103
1059
1172
3111
3811
5747
3679
1197
4262
1957
1211
4326
1273
5198
8128
215
745
3994
1036
44199
48394
47
339
2936
588
306
2330
2677
1245
319
364
3246
52281
41997
8781
3160
7347
5602
4638
4223
4023
3916
3499
3175
2989
494
2273
153
434
1617
780
2329
2600
2985
541
8125
3022
954
1283
7243
3629
2028
