2936
1281
2202
2927
946
3089
1942
1935
6983
3632
46664
25927
2920
8125
3022
954
541
3789
1209
8154
4327
914
2857
3634
599
1572
6981
6433
6643
26150
26151
6783
3415
8195
42217
25805
1232
3742
82313
72741
112070
72176
55946
107636
34517
8584
123695
123663
127212
148482
132458
140725
164977
139642
2747
3539
132549
164979
140715
131796
128235
127144
8767
31770
1153
41585
2182
904
1260
56015
8766
8751
5289
8765
8236
7335
115139
7195
6830
6515
5169
8188
1199
3629
7243
1283
6985
127108
4467
33794
2968
111
132800
53953
94969
110871
161336
133771
112550
111249
52579
114459
128512
114254
111505
102469
4763
127206
757
113064
101285
7926
44191
60684
103449
8494
5956
95761
96417
132547
103688
81786
134859
122882
118700
118880
67665
112515
55363
1219
96832
96610
111251
2361
117533
77455
3785
6281
8972
6953
3275
7458
5445
608
3893
52319
4041
4306
3751
3301
3300
4016
1061
69640
4823
8636
80551
2359
2082
5349
2641
3257
5377
5135
104841
4701
4641
5481
4369
5812
4351
8928
27255
68954
63131
1028
1088
2942
6863
111624
8623
2174
150
8533
45720
100365
45950
5909
64969
37729
3176
3707
35957
34162
32892
7478
5984
7155
1955
4911
4322
107649
1
121231
106473
3676
5449
55247
3114
106918
8369
78349
1900
6986
6683
78499
6016
4612
40148
47099
60072
4189
48711
64957
1131
4388
47465
3361
2004
3113
35836
2997
6350
6539
6857
8874
8961
26554
4721
7376
7373
31221
32025
50
741
232
318
1176
1265
3948
4018
4973
5299
7161
8464
26614
26662
1274
78209
34321
5618
27904
37733
66934
69526
69712
71057
46970
47640
8861
7361
44555
3030
5971
76251
82461
104283
6754
8865
36401
104
1103
2502
8528
52973
55820
61024
5507
46578
3052
1259
3882
350
357
377
520
529
587
628
661
3809
1059
1242
1358
337
1376
1517
1635
1639
1801
1954
1956
2012
2085
2369
2692
2700
4069
300
56367
1256
68358
93040
95441
97938
106696
109374
118997
54290
40614
53318
247
1080
3546
246
5662
6287
6713
5219
30745
31658
52885
58559
67997
5
186
236
39421
339
82463
116797
127114
72226
72395
72720
73023
74324
74545
78039
78574
117176
78653
79242
85394
80463
80489
81562
116161
81591
81845
81932
82459
115713
115569
83976
72131
72011
71745
71464
58191
58879
60069
60766
61236
61240
61323
61357
63082
94931
63876
64614
64620
64622
64701
64839
66665
67087
67255
67429
69481
70293
71108
114662
86320
56805
96588
99149
99114
98961
98154
97923
97921
97752
97673
97304
96811
96728
95558
86833
95449
95135
94959
89492
89759
89804
90057
90376
90439
90531
90866
101525
101895
102194
103107
114342
112852
112556
112552
87304
88129
88235
112290
112183
111622
107141
106920
88810
106916
106766
106100
89260
89470
105504
105355
105197
103624
103372
57669
91077
56788
128360
5795
139385
6874
7438
138610
8128
137337
1273
8645
134881
134130
47044
37741
38304
39183
40629
40819
133645
128606
45028
45210
140174
5791
1957
146656
158783
156387
160954
161582
155064
163056
148626
3679
3811
4103
5747
144172
4262
4326
143385
142488
141749
5198
5464
163949
46723
41863
54881
54286
55052
1211
55063
1197
55069
55118
1172
55253
146501
55269
55276
55280
55442
56152
111384
111931
56286
56607
56782
54513
3111
49917
52967
48738
48774
49824
48696
50068
51540
52241
82152
66203
53000
53123
53894
48516
47629
47423
54272
3793
1120
1610
593
1200
858
1042
4121
1732
115617
109249
1704
134853
2730
2068
5608
4995
924
94777
1258
74458
34405
66097
3703
1079
62849
68319
48780
2542
4226
1997
2529
107999
27773
68157
130682
122886
1089
109487
5782
27592
1729
778
63992
26585
88125
2288
135518
6942
72998
2028
2959
65514
41997
52281
70286
48394
6229
4928
4712
4437
3498
7792
3947
3671
8207
26366
1272
3384
47274
2178
2109
31878
2424
4890
27611
59725
79132
1250
132046
3265
7022
296
2396
7844
7090
3996
2924
6218
215
260
5902
3978
3260
2019
47
3949
1210
1721
5064
1291
2571
293
4011
745
3994
2677
2330
1245
588
364
3246
306
319
1036
44199
4993
8795
7153
5952
2989
434
494
780
1617
2273
2329
2600
2985
3499
3160
3175
3916
4023
4223
4638
5602
7347
8781
153
