608
5952
7153
4993
8795
1103
52973
350
4041
296
2502
318
5902
3260
3978
2019
260
924
3809
4121
1200
1120
1042
858
593
1610
1079
55820
3882
37733
4973
588
319
1245
2330
2677
3246
306
364
778
1729
3793
3361
109249
8928
1732
1210
1089
46578
109374
68157
2959
2028
215
3052
111384
2542
121231
1061
132046
27773
122886
107999
70286
2068
1250
27611
72998
109487
68319
2571
135518
3703
79132
34405
94777
3893
4351
4306
1199
4016
2968
3785
4641
3751
4467
4911
3114
3113
4369
60684
4701
5909
4890
5135
5349
5377
5481
5812
6281
6953
8636
65514
68954
88125
4823
2700
2692
1242
246
300
337
4388
357
377
520
529
587
628
661
904
1059
47465
2396
1259
1358
1376
1517
1635
1639
1801
1954
1956
2004
2012
2085
2369
107649
106473
44191
757
3176
3707
5984
7155
39421
53318
150
100365
45950
37729
541
35957
146501
914
63131
946
34162
32892
954
1153
1172
1197
7478
1209
1211
1232
1955
1260
64969
59725
1131
5608
3676
5449
55247
106918
8369
130682
78349
1900
2361
117533
111624
8623
2174
6016
45720
40148
47099
60072
62849
77455
4322
1028
1088
1997
2942
6863
6942
8533
236
186
63992
3996
3275
3257
2641
2359
80551
741
2082
1274
104841
69640
2924
2997
3265
8972
3301
5782
7458
5445
6350
6539
6857
7022
7090
52319
7844
8874
8961
26554
3300
4069
31878
5971
66097
66934
48394
69526
69712
71057
46970
47640
6985
7361
44555
3030
5618
82461
78209
104283
27904
6754
8865
36401
104
8861
7373
8528
5507
5219
61024
76251
26585
33794
5
74458
106696
6683
4612
118997
54290
40614
111
247
4189
1080
48711
1219
1256
2288
95441
2529
3546
5662
6287
6713
8188
27592
64957
30745
31658
52885
58559
67997
97938
93040
1721
1704
48780
4721
7376
31221
32025
35836
47
50
232
4995
1176
4226
1265
2424
6986
3948
4018
1258
5299
7161
8464
26614
26662
27255
34321
1273
56367
68358
1272
599
1281
97752
97304
96832
96811
96728
96610
96588
96417
95761
95558
95449
95135
94969
94959
94931
91077
90866
90531
97673
97921
71108
97923
105504
105355
105197
103688
103624
103449
103372
103107
102469
102194
101895
101525
101285
99149
99114
98961
98154
90439
90376
90057
89804
80489
80463
79242
1283
78574
78039
74545
74324
73023
72741
72720
72395
72226
72176
72131
72011
71745
81562
81591
81786
87304
89759
89492
89470
89260
88810
88235
88129
86833
81845
86320
85394
83976
82463
82459
82313
81932
106100
106766
106916
128606
142488
141749
140725
140715
140174
139642
139385
137337
134881
134859
134130
133771
133645
132800
132549
132547
132458
143385
144172
146656
163949
111931
82152
66203
47044
138610
164979
164977
163056
148482
161582
161336
160954
158783
156387
155064
148626
131796
128512
106920
128360
114254
113064
112852
112556
112552
112550
112515
112290
112183
112070
111622
111505
111251
111249
110871
107636
107141
114342
114459
114662
123663
128235
127212
127206
127144
127114
127108
123695
122882
115139
118880
118700
117176
116797
116161
115713
115569
71464
78653
70293
7438
8494
8236
8207
8195
8154
8128
8125
7926
7792
7335
8645
7243
7195
6983
6981
6874
6830
6783
6643
6515
8584
8751
6229
38304
45210
45028
42217
41997
41863
41585
40819
40629
39183
37741
8765
34517
31770
26366
26151
26150
25927
25805
8767
8766
6433
5956
69481
2857
3498
3415
3384
3111
3089
3022
2936
2927
2920
2747
3629
2730
2202
2182
2178
2109
1957
1942
1935
1572
3539
3632
5795
4437
5791
5747
5464
5289
5198
5169
4928
4763
4712
4327
3634
4326
4262
4103
3947
3811
3789
3742
3679
3671
46664
46723
47274
55276
56782
56607
56286
56152
56015
55946
55442
55363
55280
55269
53894
55253
55118
55069
55063
55052
54881
54513
54286
54272
56788
56805
57669
58191
67665
67429
67255
67087
66665
64839
64701
64622
64620
64614
63876
63082
61357
61323
61240
61236
60766
60069
58879
47423
53953
53123
52281
47629
48516
48696
48738
48774
49824
49917
50068
51540
53000
52241
339
52579
52967
115617
134853
78499
1
293
6218
3949
4011
1291
5064
745
3994
1036
44199
780
434
494
153
8781
5602
7347
4023
1617
2273
2329
2600
4638
2989
3160
3175
3499
4223
3916
2985
