8533
5445
98154
111622
97921
97923
115569
98961
99114
99149
101525
112183
97304
112290
112556
112852
114342
114662
117176
116797
97752
116161
95135
95449
96811
96728
94931
94959
96588
95558
118880
118700
112515
111251
96610
96832
74458
3546
40629
39183
34162
38304
37741
40819
2028
1721
112552
4973
97938
7243
1283
3629
109374
78349
3022
541
8125
954
2330
588
306
2677
1245
3246
364
319
40614
52281
41997
2936
48780
215
48394
2529
608
63992
1258
109249
62849
3809
8874
4995
1079
5971
93040
31878
8928
27773
59725
6350
64957
117533
1732
5299
34321
118997
66934
6539
111624
587
3785
628
520
3893
3978
4016
4041
4306
529
3751
377
661
3052
3260
2396
1956
1954
1801
2012
1639
2085
1635
1517
2369
1376
904
2692
2700
2004
1358
1259
1250
3113
1242
1059
4351
68954
4369
4322
1088
1997
3176
5984
53318
146501
757
914
946
1153
1172
1197
1209
1211
1232
1260
1272
1273
1281
1572
1935
1942
1957
2109
2178
1028
60072
4641
40148
4701
4823
4890
5135
5349
5377
5481
5812
6281
6953
8636
65514
350
88125
107649
3703
106473
3676
5449
8369
1900
2361
1
778
2542
357
599
337
66097
2641
3257
3275
3300
3301
3882
4069
5219
5507
7373
8861
27904
37733
68319
300
69526
69712
71057
47640
6985
7361
3030
5618
82461
104283
6754
8865
36401
80551
2082
104841
69640
1955
7478
32892
35957
37729
45950
2174
8623
107999
130682
2968
4467
4911
5909
47465
296
4388
1131
48711
4189
4612
6683
6986
27255
52319
7458
8972
104
1103
2502
32025
232
3948
26614
26662
2182
95441
106696
54290
111
247
1080
1089
1256
1729
2288
5662
6287
6713
8188
27592
30745
31658
52885
58559
5
186
246
50
31221
8528
7376
52973
76251
78209
741
924
1274
2019
2924
2997
3265
3996
4993
5782
5902
5952
6857
7022
7090
7153
7844
8795
8961
26554
26585
33794
122886
4721
68358
339
2202
112070
52579
123663
115139
114459
114254
53953
113064
112550
111505
26151
111249
110871
107636
107141
106920
106916
106766
55280
123695
127144
50068
127206
31770
34517
41585
140715
42217
139642
46664
133771
47274
132800
132549
132547
132458
131796
128512
128235
127212
55363
106100
55946
90439
90057
89804
89759
89492
89470
89260
88810
88235
88129
87304
86833
86320
85394
83976
82313
81786
2730
90376
90531
56015
90866
105504
105355
105197
103688
103624
103449
103372
103107
102469
102194
101895
101285
97673
96417
95761
94969
91077
72741
26366
26150
111931
4327
4437
4712
4763
4928
5169
5198
5289
5464
5956
82152
5747
47044
138610
5791
164979
5795
164977
4326
4262
4103
3947
2747
2857
2920
2927
3089
3111
3384
3415
3498
3539
3632
3634
3671
3679
3742
3789
3811
25927
163949
6229
156387
7926
148482
144172
8128
8154
8195
140725
8207
8236
8494
8584
8645
8751
8765
8766
8767
25805
155064
7792
7438
160954
6433
6515
163056
161582
6643
6783
6830
161336
158783
6874
6981
6983
7195
7335
72176
47099
44555
1061
121231
6863
111384
4018
106918
47423
48774
48516
47629
46723
45210
49824
45028
41863
49917
48738
48696
46970
3361
63131
2068
1199
7161
46578
3793
61024
115617
318
44191
45720
1200
858
4121
1610
1120
1042
593
260
293
61236
61240
2942
3707
3994
150
60766
64620
58879
58191
61357
63082
63876
64614
57669
60069
64622
64701
64839
55063
67429
61323
6218
3114
134853
4011
39421
56367
77455
35836
1176
68157
34405
94777
47
55247
55820
236
78499
109487
5064
1291
1210
135518
745
1265
1036
2359
2424
6016
27611
55442
55069
81845
78039
67255
80489
79242
81562
78574
82463
82459
74545
81932
74324
80463
81591
100365
127108
44199
122882
134859
7155
60684
2959
64969
67997
128606
115713
134130
137337
128360
134881
127114
139385
66203
148626
146656
133645
143385
142488
141749
140174
55118
55253
56805
56788
56782
51540
56607
52241
52967
56286
56152
53000
53123
53894
55276
54272
54286
54513
54881
55052
55269
1219
2571
1617
3916
8781
494
780
434
3499
153
4023
4223
4638
5602
7347
3160
3175
2273
2329
2600
2985
2989
1704
6942
4226
132046
70286
67665
72998
73023
72720
72131
72395
72011
71745
78653
66665
67087
69481
70293
71108
71464
72226
5608
79132
8464
3949
