2424
3114
3751
4326
1211
1273
1957
2700
3111
3679
3811
4103
1172
4262
1197
5198
8128
5747
1210
150
3703
745
236
4018
1721
106473
1250
1265
3809
132046
3301
3947
7792
4712
1272
8207
2109
6229
2178
4928
3384
3498
3671
4437
339
26366
2396
104
232
2174
520
587
1259
6287
3361
5449
47274
2641
70286
72998
2730
122886
68319
107999
115617
260
94777
34405
59725
27611
4890
6942
109487
109374
4973
2571
135518
608
79132
63992
318
107649
5377
7373
1079
6863
112552
5299
5971
97938
8928
109249
1088
46578
111624
60684
55247
34321
8874
1732
2068
118997
35836
31878
63131
6539
46970
64957
56367
64969
6350
66934
27773
30745
31658
52885
139385
58559
67997
186
215
337
246
300
8188
350
357
377
137337
529
134881
628
661
904
1059
27592
3546
6713
40614
68358
140725
93040
1997
95441
1028
106696
140715
140174
4322
134853
54290
111
139642
247
78499
1080
1089
1219
1256
1729
2288
2529
77455
134859
5662
1242
62849
134130
65514
4701
4823
132458
2542
5135
5349
778
5481
5812
6281
6953
1
8636
68954
4369
117533
88125
2361
131796
44191
128606
3676
128512
1900
106918
8369
128360
78349
4641
4306
110871
133645
1358
1376
60072
1517
1635
1639
1801
1954
1956
2012
47099
133771
2692
3052
4041
40148
6016
3113
132800
3260
132549
5608
132547
2959
3785
3893
3978
4016
2085
111249
141749
4226
48780
47044
121231
52319
5445
7458
8972
69640
104841
80551
1061
2359
138610
3257
3275
3300
164979
164977
3882
4069
5219
5507
8861
27904
163949
37733
48394
66097
68157
4995
1704
69526
1258
1955
7478
32892
34162
35957
37729
45950
100365
111931
111384
82152
130682
1199
2968
4467
4911
5909
47465
296
4388
1131
74458
48711
4189
4612
6683
6986
27255
66203
163056
69712
26662
5782
5952
6857
7022
7090
7153
7844
8795
8961
26554
26585
33794
156387
155064
4721
7376
31221
32025
47
50
148626
1176
148482
146656
144172
3948
143385
142488
8464
26614
5902
4993
71057
3996
47640
6985
7361
44555
3030
5618
82461
104283
161582
6754
8865
36401
161336
1103
8528
52973
55820
61024
76251
78209
160954
741
924
1274
2019
158783
2924
2997
3265
2942
128235
127212
64622
67429
67255
67087
66665
64839
64701
64620
69481
64614
63876
63082
61357
61323
61240
67665
70293
60766
72720
78574
78039
74545
74324
73023
72741
72395
71108
72226
72176
72131
72011
71745
71464
61236
60069
79242
53953
55063
55052
54881
54513
54286
54272
53894
55118
53123
53000
52967
52579
52281
52241
55069
55253
58879
56286
58191
57669
56805
56788
56782
56607
56152
55269
56015
55946
55442
55363
55280
8533
78653
80463
50068
97921
101285
99149
99114
98961
98154
97923
97752
101895
97673
97304
96832
96811
96728
96610
101525
102194
96417
105504
107636
107141
106920
106916
106766
106100
105355
102469
105197
103688
103624
103449
103372
103107
96588
95761
80489
82463
88129
87304
86833
86320
85394
83976
82459
88810
82313
81932
81845
81786
81591
81562
88235
89260
95558
90866
95449
95135
94969
94959
94931
91077
90531
89470
90439
90376
90057
89804
89759
89492
51540
55276
49917
6981
114662
3789
3742
115139
115569
3634
3632
3629
3539
115713
3415
116161
3246
116797
3089
3022
2936
2927
2920
114459
114342
114254
5791
49824
6783
6643
6515
6433
112290
5956
5795
112515
113064
5464
5289
112550
5169
4763
112556
112852
4327
2857
2747
117176
319
954
946
914
757
146501
588
541
364
306
127144
53318
39421
7155
5984
3707
3176
127206
45720
1153
127114
2677
1935
2330
2202
2182
118700
118880
2028
122882
1942
1572
1209
1283
1281
123663
123695
1260
1245
1232
127108
6874
6830
6983
37741
31770
111505
26151
26150
25927
25805
8767
8766
8765
8751
8645
8584
8494
8236
111622
8195
8154
34517
38304
7195
39183
48774
48738
48696
48516
47629
47423
111251
46723
46664
45210
45028
42217
41997
41863
41585
40819
40629
112070
599
7243
8125
7335
7438
112183
7926
6218
293
3949
4011
1291
5064
3994
1036
3793
44199
153
1610
434
494
593
780
858
1042
1120
1200
4638
5602
1617
3160
7347
8781
4121
4023
3916
3499
3175
2989
2985
2600
2329
2273
4223
7161
2082
2502
8623
5
4351
2369
2004
