296
778
1729
1089
4023
3499
3175
3160
2989
2985
2329
2273
1617
3916
2600
4223
434
8781
7347
5602
153
494
780
4638
68157
2959
2542
44199
1079
1036
3994
745
5064
1291
4011
3949
1732
6218
357
337
377
520
529
350
587
628
661
904
1059
1242
1250
135518
236
300
97938
40614
54290
134853
118997
115617
109374
109249
106696
95441
247
93040
72998
68358
56367
46578
34321
27611
26662
111
1080
246
27773
1358
186
5
67997
58559
52885
31658
30745
27592
1219
8188
6713
6287
5662
3546
2529
2288
1256
1259
1635
1376
106473
78499
77455
62849
60072
47099
40148
6016
5608
1
117533
2361
1900
94777
78349
70286
8369
106918
55247
5449
4322
1028
1088
3707
914
757
146501
541
53318
39421
7155
5984
3176
1997
64969
63131
59725
45720
8533
6942
6863
2942
3676
44191
1517
3703
3893
3785
3751
3361
3260
3113
3052
2700
2692
2396
2369
2085
2012
2004
1956
1954
1801
1639
8464
3978
4016
4041
5481
107649
88125
68954
65514
8636
6953
6281
5812
5377
4306
5349
5135
4890
4823
4701
4641
4369
4351
26614
31221
7161
80551
3301
3300
3275
3257
2641
2359
1061
2082
46970
104841
69640
8972
7458
5445
608
52319
3809
3882
4069
5219
69712
69526
68319
66934
66097
63992
60684
48394
37733
34405
27904
8928
8861
7373
5507
121231
109487
79132
4911
2968
1199
130682
111624
107999
8623
2174
100365
45950
37729
35957
34162
32892
7478
1955
4467
5909
48780
47465
4995
4226
1704
1258
260
27255
6986
6683
4612
4189
48711
74458
64957
1131
4388
71057
47640
5299
7153
31878
26585
26554
8961
8874
8795
7844
7090
6985
7022
6857
6539
6350
5952
5902
5782
33794
1721
122886
4721
4973
4018
3948
2068
1265
1210
1176
318
232
50
47
35836
32025
954
7376
4993
3996
3265
55820
8528
2502
1103
104
36401
8865
6754
132046
104283
82461
5971
5618
3030
44555
7361
52973
61024
2997
76251
2924
2571
2019
1274
924
741
4121
3793
1610
1200
1120
1042
858
593
78209
946
599
1153
94931
96588
96417
95761
95558
95449
95135
94969
94959
91077
96728
90866
90531
90439
90376
90057
89804
89759
89492
96610
96811
105197
101285
103624
103449
103372
103107
102469
102194
101895
101525
99149
96832
99114
98961
98154
97923
97921
97752
97673
97304
89470
89260
88810
72011
74324
73023
72741
72720
72395
72226
72176
72131
71745
88235
71464
71108
70293
69481
67665
67429
67255
67087
74545
78039
78574
78653
88129
87304
86833
86320
85394
83976
82463
82459
82313
81932
81845
81786
81591
81562
80489
80463
79242
103688
105355
64839
134859
141749
140725
140715
140174
139642
139385
137337
134881
134130
143385
133771
133645
132800
132549
132547
132458
131796
128606
142488
144172
105504
163949
111931
111384
82152
66203
47044
138610
164979
164977
163056
146656
161582
161336
160954
158783
156387
155064
148626
148482
128512
128360
128235
111505
112556
112552
112550
112515
112290
112183
112070
111622
111251
127212
111249
110871
107636
107141
106920
106916
106766
106100
112852
113064
114254
114342
127206
127144
127114
127108
123695
123663
122882
118880
118700
117176
116797
116161
115713
115569
115139
114662
114459
1172
66665
64701
4103
6515
6433
6229
5956
5795
5791
5747
5464
5289
5198
5169
4928
4763
4712
4437
4327
4326
6643
6783
6830
8125
8584
8494
8236
64622
8195
8154
8128
7926
6874
7792
7438
7335
7243
7195
6983
6981
4262
3947
8751
3811
2202
2182
2178
2109
1957
1942
1935
1572
1283
1281
1273
1272
1260
1232
1211
1209
1197
2730
2747
2857
3539
3789
3742
3679
3671
3634
3632
3629
3498
2920
3415
3384
3111
3089
3022
2936
2927
8645
8207
8765
53000
55946
55442
55363
55280
55276
55269
55253
55118
55069
55063
55052
54881
54513
8766
54272
53953
53894
56015
56152
56286
61236
64620
64614
63876
63082
61357
61323
61240
60766
56607
60069
58879
58191
57669
56805
56788
56782
53123
54286
52967
45028
41997
41863
52579
41585
40819
40629
39183
38304
37741
34517
31770
26366
26151
26150
25927
25805
8767
42217
339
45210
48696
52281
52241
51540
50068
49917
49824
46664
48738
48774
47274
48516
47629
47423
46723
293
2424
3114
215
2028
150
306
319
364
1245
588
2677
3246
2330
