608
7844
7090
2924
3996
111
3751
4973
6218
2997
3265
7022
4041
350
52973
1103
3809
1265
924
31878
4023
4638
2989
4223
1617
3499
153
2600
3916
494
3160
3175
780
2985
5602
2329
2273
434
8781
7347
5782
6539
5135
236
1
5445
8636
5618
4226
5902
3260
3978
2361
65514
93040
26554
78499
4018
5952
7153
44199
4011
5971
1036
3949
3703
1079
55820
745
109249
111624
69640
37733
3882
1258
6942
8928
1732
5608
109374
33794
2424
1291
5064
79132
134853
7361
2959
104283
52885
741
1274
6857
6350
47
48780
1219
46578
115617
2692
3030
35836
34321
247
8874
2068
118997
3114
150
4993
8795
63131
62849
2529
106473
107999
60684
26662
55247
46970
105504
94777
2396
8865
2677
7155
1172
2330
319
306
1245
1957
364
1721
1273
588
1197
3111
3246
3679
3811
4103
3948
4326
5198
5747
5812
8128
4641
2700
357
8464
4262
1211
318
106696
2019
56367
64969
26585
27773
6863
1028
40148
59725
64957
215
4890
66934
3994
39421
5299
3361
88125
2288
3707
2942
100365
63992
117533
27592
1176
111384
121231
130682
1061
1997
66097
109487
27255
78349
260
8369
106918
6986
4701
1900
2359
70286
5449
4823
5377
3676
52319
44191
7458
4612
107649
8972
104841
6953
6281
2082
5481
80551
6683
5909
4189
32892
2174
53318
45950
37729
35957
34162
146501
5984
757
914
7478
946
1153
1955
8623
45720
6016
4351
48711
1131
47099
4388
60072
47465
77455
8533
4911
4322
1088
4467
2968
1199
4369
3300
2641
82461
97938
44555
6985
47640
71057
69712
54290
69526
68319
1080
1256
3546
5662
6287
6713
8188
30745
95441
68358
34405
132046
122886
4721
7376
31221
32025
2571
232
1210
78209
76251
61024
8528
2502
104
36401
27611
6754
31658
58559
4016
1639
1954
1956
2004
2012
2085
2369
5507
5219
4069
3052
3113
3301
8961
3275
3785
3893
3257
1801
1635
67997
1376
5
186
27904
246
300
337
8861
7373
520
529
587
628
661
1059
1242
1250
1259
135518
599
1209
94969
96728
96610
96588
96417
95761
95558
95449
95135
94959
67429
94931
91077
90866
90531
90439
90376
90057
89804
96811
96832
97304
97673
103688
103624
103449
103372
103107
102469
102194
101895
101525
101285
99149
99114
98961
98154
97923
97921
97752
89759
89492
89470
78653
78039
74545
74324
73023
72741
72720
72395
72226
72176
72131
72011
1232
71745
71464
71108
70293
69481
78574
79242
89260
80463
88810
88235
88129
87304
86833
86320
85394
83976
82463
82459
82313
81932
81845
81786
81591
81562
80489
105197
105355
106100
143385
141749
140725
140715
140174
139642
139385
137337
134881
134859
134130
133771
133645
132800
132549
132547
132458
131796
142488
144172
128512
146656
111931
82152
66203
47044
138610
164979
164977
163949
163056
161582
161336
160954
158783
156387
155064
148626
148482
128606
128360
106766
114254
112852
112556
112552
112550
112515
112290
112183
112070
111622
111505
111251
111249
110871
107636
107141
106920
106916
113064
114342
128235
114459
127212
127206
127144
127114
127108
123695
123663
122882
118880
118700
117176
116797
116161
115713
115569
115139
114662
67665
339
67255
8154
8765
8751
8584
8494
8236
8207
8195
7926
6515
7792
7335
7195
6983
6981
6830
6783
8766
8767
25805
25927
45210
45028
42217
41863
41585
40819
40629
39183
38304
67087
34517
31770
26366
26151
26150
6643
6433
46723
2182
3089
2927
2920
2857
2747
2730
2202
2178
6229
2109
1942
1935
1572
1281
1272
1260
3384
3415
3498
3539
5956
5795
5289
5169
4928
4763
4712
4437
4327
3947
3789
3742
3671
3634
3632
46664
37741
55269
53123
64701
57669
53953
54272
60069
61323
54286
54513
54881
64622
55052
55063
58879
55118
55253
58191
55276
64620
64614
63876
63082
61357
55946
56015
56152
56286
56607
56782
56788
60766
53894
48696
64839
47274
66665
47423
47629
48516
53000
48738
48774
49824
49917
56805
52579
51540
52241
52967
1704
1089
2542
7161
1120
1042
4121
858
1200
1610
593
68157
74458
1729
778
72998
4995
3793
40614
296
1358
904
4306
5349
3176
293
2028
3629
7243
1283
48394
68954
2936
541
954
1517
3022
377
8125
41997
52281
61240
61236
55442
55069
55363
26614
50
7438
55280
8645
5791
50068
5464
6874
