588
364
319
2677
2330
3246
306
1245
778
1729
296
2028
293
215
26614
50
318
2959
2542
1079
3361
1732
1089
68157
111384
121231
1061
27773
2692
2369
2396
2085
2012
2700
3052
3978
3113
4369
5377
5349
5135
4890
4823
4701
4641
4351
3260
4306
4041
4016
1956
3893
3785
3751
2004
135518
1954
31658
246
236
186
67997
58559
52885
30745
1801
8188
6713
6287
5662
3546
1256
300
337
350
520
529
628
661
904
5481
1242
1250
1259
1358
1376
1517
1635
1639
1059
106473
5812
757
1197
1172
1153
954
946
914
146501
1211
541
53318
39421
7155
5984
3707
1209
1232
6281
1957
2747
2730
2202
2182
2178
2109
1942
1260
1935
1572
1283
1281
1273
1272
3176
64969
63131
3676
78349
70286
8369
106918
55247
5449
44191
59725
3703
107649
68954
65514
8636
6953
94777
1900
2361
117533
6016
40148
47099
60072
77455
4322
1028
1088
2942
6863
6942
8533
45720
1080
109249
111
66934
37733
34405
8928
8861
7373
5507
5219
4069
3882
3809
3301
3300
3275
3257
2641
63992
68319
80551
69526
36401
8865
6754
132046
104283
82461
5971
3030
44555
7361
6985
47640
46970
71057
69712
2359
2082
1103
47465
4911
4467
2968
1199
111624
107999
2174
100365
45950
37729
35957
34162
32892
7478
1955
5909
4388
104841
1131
69640
8972
7458
5445
608
52319
109487
260
27255
6986
6683
4612
4189
48711
64957
104
2502
40614
4973
3948
2068
1265
1210
1176
232
35836
32025
31221
7376
4721
122886
1721
33794
31878
4018
5299
26554
8464
54290
118997
109374
2920
106696
97938
95441
93040
72998
68358
56367
46578
34321
27611
26662
26585
8961
8528
2019
924
741
4121
3793
1610
1200
1120
1042
858
593
78209
76251
61024
55820
52973
1274
2571
8874
2924
8795
7844
7153
7090
7022
6857
6539
6350
5952
5902
5782
4993
3996
3265
2997
2857
599
2927
90439
97673
97304
96832
96811
96728
96610
96588
96417
95761
95558
95449
95135
94969
94959
94931
91077
90866
97752
97921
97923
103107
105504
105355
105197
103688
103624
103449
103372
102469
98154
102194
101895
101525
101285
99149
99114
98961
90531
90376
106766
90057
81591
81562
80489
80463
79242
78653
78574
78039
74545
74324
73023
72741
72720
72395
72226
72176
72131
81786
81845
2936
88129
89804
89759
89492
89470
89260
88810
88235
87304
81932
86833
86320
85394
83976
82463
82459
82313
106100
106916
71745
128606
142488
141749
140725
140715
140174
139642
139385
137337
134881
134859
134130
133771
133645
132800
132549
132547
132458
143385
144172
146656
163949
111931
82152
66203
47044
138610
164979
164977
163056
148482
161582
161336
160954
158783
156387
155064
148626
131796
128512
106920
128360
114254
113064
112852
112556
112552
112550
112515
112290
112183
112070
111622
111505
111251
111249
110871
107636
107141
114342
114459
114662
123663
128235
127212
127206
127144
127114
127108
123695
122882
115139
118880
118700
117176
116797
116161
115713
115569
72011
339
71464
3632
45210
45028
42217
41997
41863
41585
40819
40629
39183
38304
37741
34517
31770
26366
26151
26150
25927
46664
46723
4327
4103
3634
3671
3679
3742
3789
3811
4437
48774
47274
48738
48696
48516
47629
4262
47423
4326
25805
8767
8766
5791
6783
6643
6515
6433
6229
5956
5795
5747
6874
5464
5289
5198
5169
4928
4763
4712
6830
6981
8765
8154
8751
8645
8584
8494
8236
8207
8195
8128
6983
8125
7926
7792
7438
7335
7243
7195
49824
3947
56788
56782
55069
55118
55253
55269
55276
55280
55363
55442
64839
55946
56015
56152
56286
56607
64701
66665
64622
56805
57669
64620
64614
3022
58191
63876
63082
61357
58879
61323
61240
60069
55063
55052
60766
54881
71108
3629
49917
3539
3498
70293
3415
3384
3111
69481
50068
67665
51540
52241
52281
67429
54513
54286
54272
3089
53953
53894
53123
67087
53000
67255
52967
52579
61236
79132
4995
74458
66097
1704
62849
48780
1997
2529
1219
48394
130682
60684
1258
4226
5618
5608
27904
115617
2288
88125
134853
27592
6218
78499
1291
5064
3949
4011
745
247
47
377
1
587
357
3994
1036
44199
2424
494
153
8781
5602
4638
4223
4023
3916
434
3499
3175
3160
2989
2985
2600
2329
2273
1617
780
7347
3114
7161
150
5
8623
