494
2989
780
1617
2273
2329
2600
2985
3160
4223
3175
3499
3916
7347
5602
4638
8781
4023
434
153
1036
1291
3679
1957
1273
1211
1197
1172
3111
3811
8128
4103
4326
5198
5747
4262
44199
2936
2424
541
8125
3022
954
3994
3629
1283
7243
3949
745
1721
2028
318
3361
293
5782
5064
296
1210
150
260
4011
778
1729
2571
1704
1219
2959
2396
1956
3176
2927
3089
1935
1942
914
946
2202
1209
2857
904
3789
26614
3632
1358
6983
529
377
2997
337
4327
50
8154
608
111
4041
1103
52973
350
26585
3634
2920
132046
1281
5608
25927
46664
599
3114
1079
6218
3265
7022
7361
26554
2542
93040
4890
33794
41997
52281
924
55820
27611
4995
236
70286
37733
3882
72998
135518
63992
1250
79132
4121
593
858
1042
1120
1200
1610
2361
1089
4226
122886
109487
68157
107999
1176
109249
111384
2174
121231
3793
8928
112552
68319
48394
1061
3703
34405
59725
2019
3809
1258
3246
2330
319
364
2677
1245
588
306
115617
6863
94777
46578
134853
109374
6942
4973
31221
7376
32025
114254
114662
1080
4721
118700
118880
113064
122882
1256
112852
3546
5662
117176
3948
232
26662
114459
68358
115139
95441
97938
106696
6713
115569
116797
8464
54290
40614
114342
247
115713
116161
6287
520
8188
111505
2700
3052
3113
111251
111249
3751
3785
3893
4016
110871
4306
4351
4369
88810
4701
4823
107636
5135
5349
5377
5481
5812
6281
6953
8636
2692
2085
30745
2012
31658
52885
58559
67997
5
186
112556
246
112550
112515
8961
112290
587
661
112183
1059
1242
112070
1376
1517
1635
1801
1954
111622
2004
123663
89260
8795
7844
5445
7458
8972
69640
104841
2082
80551
2359
2641
3275
3300
164979
4069
5219
5507
7373
8861
27904
164977
69526
69712
71057
47640
6985
163949
44555
3030
138610
52319
47044
4467
1955
7478
32892
34162
35957
37729
45950
100365
111931
8623
1199
2968
4911
66203
5909
47465
4388
1131
64957
48711
4189
4612
6683
6986
27255
82152
5618
82461
104283
741
134130
133771
133645
132800
132549
132547
132458
131796
128606
128512
128360
128235
127212
134881
1274
68954
127206
2924
127144
127114
3996
4993
127108
6857
123695
7090
134859
137337
163056
158783
6754
8865
36401
104
161582
2502
8528
161336
160954
61024
76251
78209
156387
139385
155064
148626
148482
146656
144172
143385
142488
141749
140725
140715
140174
139642
65514
4641
7438
48774
89470
52241
51540
50068
49917
49824
48738
6981
48696
48516
47629
47423
46723
89492
52579
52967
53000
53123
53894
53953
54272
54286
54513
54881
55052
55063
55069
55118
55253
55269
55276
45210
45028
42217
8765
7195
90531
7335
107649
7926
90439
90376
90057
8195
8236
8494
8584
8645
8751
8766
89759
8767
25805
89804
26150
26151
31770
34517
37741
38304
39183
40629
40819
41585
41863
55280
55363
55442
80489
72131
72176
72226
72395
72720
72741
73023
74324
74545
78039
78574
78653
79242
80463
81562
71745
81591
81786
81845
81932
82313
82459
82463
83976
85394
86320
86833
87304
88129
88235
72011
71464
55946
61323
56015
56152
56286
56607
56782
56788
56805
57669
58191
58879
60069
60766
61236
61240
61357
71108
63082
63876
64614
64620
64622
64701
64839
66665
67087
67255
67429
67665
69481
70293
90866
339
6874
105504
97923
97921
97752
97673
97304
96832
96811
5984
3415
105355
45720
3539
96728
96610
96588
8533
96417
1028
2747
98154
1260
103449
102194
102469
101895
103107
101525
1572
101285
103372
1153
2182
99149
99114
98961
103624
103688
105197
757
146501
4322
3742
78499
6515
91077
5791
5795
1900
5956
78349
107141
6433
8369
95761
106918
6643
6783
5449
6830
3676
106473
44191
5464
5289
94931
117533
95558
77455
95449
60072
47099
95135
40148
94969
94959
6016
106100
106766
106916
4763
106920
5169
1
1232
2068
66934
27773
4018
6350
64969
56367
46970
6539
74458
66097
1088
7161
62849
63131
31878
48780
118997
1997
8874
34321
55247
2529
60684
111624
130682
53318
5952
7153
5971
27592
5299
3978
3260
5902
88125
2288
1732
35836
3707
215
47
39421
2730
7155
3947
300
357
2109
2178
7792
6229
628
8207
1259
47274
4928
4712
26366
4437
1265
1639
3384
3498
3671
1272
2369
3257
3301
2942
