4993
8795
5952
7153
2019
1210
260
4973
593
858
1042
1120
1200
1610
4121
1281
50068
55280
5464
2700
5791
6874
7438
8645
296
1089
1258
2959
55363
3632
3089
6983
1935
2202
946
1942
2927
55442
55069
5971
61240
61236
5608
1250
1265
3793
52281
41997
47
1219
3539
112070
2747
107636
72176
72741
132549
127212
148482
164977
140725
140715
139642
164979
132458
131796
82313
128235
34517
8584
123695
55946
123663
127144
2920
5902
3260
3978
2936
25927
46664
5618
4226
2542
6350
6539
364
306
319
1245
2677
588
2330
3246
778
1729
48394
127108
1028
74458
1080
914
2857
1209
904
4467
3789
4327
8154
68954
132046
72998
2028
1079
107999
68157
2361
3809
40614
1732
3634
111624
1704
26585
599
2288
48780
608
1199
2968
215
122886
109249
70286
741
1274
52885
6857
104283
8874
79132
69640
3265
7022
2571
27592
27611
26662
5782
118997
31878
2068
109487
94777
5299
34321
111
135518
31658
106696
68319
78349
27773
35836
109374
34405
2692
93040
8928
1997
56367
6942
53318
541
954
8125
3022
88125
3629
1283
7243
115617
3030
106473
3703
247
66934
62849
97938
130682
4306
1721
3751
8636
2174
63131
4018
60684
4995
55247
924
46970
105504
46578
134853
6863
64969
66097
59725
107649
63992
112552
7090
7844
3996
2924
1088
65514
107141
110871
111622
3948
106100
95441
26614
106766
106916
54290
50
111505
232
112550
111251
111249
318
106920
112515
68358
112183
1176
112290
105197
105355
72395
1256
1956
102469
1059
1242
102194
1259
1358
1376
1635
1639
1954
2085
103688
2369
2396
101895
72226
101525
3361
3893
101285
4016
4041
661
628
587
529
103624
3546
5662
6287
6713
8188
103449
30745
31221
103372
58559
67997
5
103107
236
246
300
337
350
357
377
32025
114342
7376
161582
160954
158783
156387
155064
121231
52319
148626
8972
146656
104841
2082
80551
1061
144172
2359
2641
3257
3275
3300
3301
143385
3882
4069
5219
5507
161336
163056
27904
27255
1955
7478
32892
34162
35957
37729
45950
8623
111931
111384
82152
66203
47044
4911
5909
47465
138610
4388
1131
163949
48711
4189
4612
6683
6986
7373
37733
4721
133645
132547
128606
128512
128360
127206
127114
122882
2997
118880
118700
117176
116797
116161
115713
115569
115139
114662
114459
4369
114254
8961
26554
113064
112852
112556
132800
133771
142488
134130
141749
69526
69712
71057
47640
6985
7361
44555
140174
139385
82461
137337
134881
8865
36401
104
1103
2502
8528
52973
55820
61024
76251
78209
134859
4351
339
4641
64620
63876
8128
63082
61357
61323
73023
82463
74324
60766
60069
58879
58191
57669
56805
56788
56782
8195
56607
8207
8236
8494
56286
82459
56152
56015
64614
64622
4763
64701
78653
5198
5289
87304
5747
86833
5795
5956
6229
6433
6515
6643
6783
6830
86320
6981
85394
7195
7335
83976
7792
7926
66665
4701
64839
81932
74545
78039
78574
48696
48738
48774
49824
49917
80489
51540
52241
80463
52579
52967
53000
53123
53894
53953
54272
54286
54513
54881
55052
55063
79242
55118
55253
55269
48516
47629
47423
37741
8751
8765
8766
8767
25805
81845
26150
26151
26366
31770
81786
38304
47274
39183
40629
40819
41585
41863
81591
42217
45028
45210
81562
46723
4928
5169
4712
96588
97752
97673
6016
40148
47099
69481
60072
77455
78499
4322
97304
2942
8533
45720
67665
67429
3707
5984
7155
39421
96832
96811
96728
96610
4437
97921
97923
1
6953
4823
4890
5135
72720
72131
5377
5481
5812
72011
71745
6281
99149
98154
44191
3676
5449
71464
71108
106918
8369
70293
99114
98961
1900
757
146501
96417
89260
90439
90057
89804
67255
89759
3111
89492
3384
3415
3498
89470
88810
2730
3671
3679
3742
88235
3811
3947
4103
4262
4326
88129
67087
90531
90376
90866
94969
1153
1172
1197
95761
1211
1232
95558
1260
1272
1273
95449
1572
91077
95135
1957
94959
2109
2178
2182
94931
55276
7161
2529
64957
117533
100365
8861
2424
7458
5445
3052
6754
3113
186
520
1801
2004
2012
1517
3785
5349
8464
3114
33794
293
1291
6218
3949
150
3176
4011
3994
5064
1036
745
44199
7347
4023
5602
4638
434
494
780
1617
2273
2329
2600
2985
2989
3160
3175
3499
3916
153
4223
8781
