5952
7153
4993
8795
2019
260
137337
134881
141749
142488
143385
146656
134130
148626
133645
115713
139385
58559
2028
128606
128360
318
2502
127114
140174
35836
1210
5902
3260
3978
1283
7243
3629
122882
134859
127108
541
954
8125
3022
2330
1245
2677
588
364
319
306
3246
924
41997
52281
7155
2936
134853
1250
3361
215
48394
122886
51540
1080
1376
53123
52241
4121
1610
1200
1120
1042
1036
858
593
34162
52967
53894
55253
54272
54286
54513
54881
53000
55052
55118
55269
55276
56152
56286
56607
56782
56788
56805
293
2068
5299
107999
26585
94777
111384
6942
121231
39421
55442
55069
3265
7022
5782
3793
1061
3916
3175
3499
8781
2989
4023
7347
4223
3160
4638
2985
2600
2329
2273
1617
5602
780
494
434
153
3703
34321
34405
8874
3707
56367
115617
118997
2942
31878
59725
63131
55820
7161
6218
6539
46970
3994
4973
64969
1291
5064
6350
4018
3949
109249
55247
66934
6863
661
904
3785
4823
587
3893
4189
1242
5909
4016
628
4041
4306
1259
4351
4369
1059
4641
4701
3751
1639
47465
1801
1954
1635
4388
1956
5135
1131
2004
2012
2085
2369
2396
2692
1517
2700
48711
3052
3113
296
1358
4890
8528
5349
1028
8623
778
2542
5608
6016
100365
40148
60072
4322
45950
117533
1997
8533
45720
37729
3176
35957
32892
7478
1955
1
2361
5377
44191
5481
5812
6281
6953
8636
65514
4911
68954
88125
4467
1900
3676
5449
2968
1199
106918
520
8369
78349
130682
529
1219
377
357
26554
33794
1721
66097
4721
7376
31221
32025
63992
50
232
37733
27904
3948
5984
8464
26614
26662
68358
93040
95441
97938
106696
8961
7844
69526
5618
61024
76251
78209
1103
104
36401
8865
6754
104283
82461
3030
7090
741
7361
1274
47640
2924
2997
3996
71057
69712
6857
8928
8861
5507
6986
1729
2288
3546
5662
6287
6713
8188
27592
30745
31658
52885
52973
6683
67997
5
186
4612
236
246
300
337
350
1256
1089
5219
80551
4069
3882
3301
54290
3300
3275
3257
2359
40614
1732
2082
27255
104841
111
69640
8972
5445
608
247
52319
1258
1079
599
339
53318
102469
95761
95558
95449
95135
94969
94959
94931
91077
90866
90531
90439
90376
90057
89804
89759
96417
96588
96610
98154
101895
101525
101285
99149
99114
98961
97923
96728
97921
97752
97673
97304
96832
96811
89492
89470
89260
67429
71745
71464
71108
70293
69481
67665
67087
146501
66665
64839
64701
64622
64620
64614
72011
72176
88810
83976
88235
88129
87304
86833
86320
85394
82313
72226
81786
78653
73023
72741
72720
72395
102194
103107
63082
103372
140715
139642
133771
132800
132549
132547
132458
131796
128512
128235
127212
127206
127144
123695
123663
140725
144172
148482
164977
111931
82152
66203
47044
138610
164979
163949
155064
163056
161582
161336
160954
158783
156387
118880
118700
117176
106766
111249
110871
107636
107141
106920
106916
106100
111505
105504
105355
105197
103688
103624
103449
111251
111622
116797
114254
116161
115569
115139
114662
114459
114342
113064
112070
112852
112556
112550
112515
112290
112183
63876
72131
61357
4928
5795
5791
5747
5464
5289
5198
5169
4763
3789
4712
4437
4327
4326
4262
4103
3947
5956
6229
6433
6515
8236
8207
8195
8154
8128
7926
7792
7438
7335
7195
6983
6981
6874
6830
6643
3811
3742
8584
1232
1942
1935
1572
1281
1273
1272
1260
1211
3679
1209
1197
1172
1153
946
914
757
1957
2109
2178
2182
3671
3634
3632
3539
3498
3415
3384
3111
3089
2927
2920
2857
2747
2730
2202
8494
6783
8645
58879
58191
46664
57669
60069
8751
56015
42217
55946
55363
55280
55063
41585
53953
60766
52579
50068
61236
8765
8766
8767
25805
25927
26150
26151
26366
31770
34517
61323
61240
47274
745
109374
111624
1088
5971
27773
112552
3809
2424
107649
106473
150
68319
72998
70286
47
3114
2174
4995
109487
77455
4011
62849
135518
78499
1176
68157
2959
27611
2529
46578
1704
74458
1265
81932
67255
82463
82459
79242
80463
81845
80489
78574
81591
78039
81562
74545
74324
48780
64957
132046
4226
60684
7373
2641
47099
7458
44199
47629
48774
48738
48696
49917
41863
49824
48516
45210
46723
47423
45028
2571
6985
79132
44555
40819
40629
39183
38304
37741
