593
858
1042
1120
1200
1610
4121
2396
4890
3793
1954
2997
2359
1721
4306
2571
1283
7243
3629
5782
6942
26554
7361
541
8125
3022
954
93040
67997
1704
41997
52281
132046
2936
4995
59725
79132
2424
63992
27611
1176
135518
70286
72998
1210
260
4993
8795
50
246
26614
1358
1732
5952
7153
2019
2361
53318
46578
608
3809
111
4973
8928
48394
109249
109374
300
2747
3114
2730
2700
236
3052
2369
3113
3751
3260
3361
2857
2202
3785
3893
2182
3978
4016
186
5
2085
529
2012
3089
587
628
661
904
1242
1250
1259
520
377
1376
2004
1517
2178
1635
2927
1639
357
350
1801
1956
2920
64969
4041
2109
44191
106473
3676
5449
55247
106918
8369
78349
1900
117533
1
6016
47099
60072
77455
78499
4322
1028
1088
2942
6863
39421
7155
8533
45720
5984
3707
3703
107649
146501
1209
4351
1942
63131
1935
1572
4369
4641
4701
1281
1272
1260
1232
1153
68954
946
914
4823
757
5135
5349
5377
5481
58559
6281
6953
8636
5812
95441
52885
3030
8972
69640
104841
2082
80551
1061
2641
3257
3275
3300
3301
3882
4069
5219
5507
7373
8861
27904
34405
37733
60684
66934
68319
69526
69712
71057
46970
47640
6985
7458
5445
52319
1199
1955
7478
32892
34162
35957
37729
45950
100365
150
2174
8623
107999
111624
2968
121231
4467
4911
5909
47465
4388
1131
64957
48711
4189
4612
6683
6986
27255
44555
5618
31658
5971
318
1265
2068
3948
4018
5299
7161
8464
26662
34321
56367
68358
3415
97938
106696
115617
118997
134853
54290
40614
247
1080
1256
3546
5662
6287
6713
8188
30745
232
35836
32025
78209
82461
104283
6754
8865
36401
104
1103
2502
8528
52973
55820
61024
76251
741
31221
924
1274
5902
6350
6539
6857
8874
8961
26585
33794
122886
4721
7376
3384
599
3498
97752
97304
96832
96811
96728
96610
96588
96417
95761
95558
95449
95135
94969
94959
94931
91077
90866
90531
97673
97921
106766
97923
105504
105355
105197
103688
103624
103449
103372
103107
102469
102194
101895
101525
101285
99149
99114
98961
98154
90439
90376
90057
89804
80489
80463
79242
78653
78574
78039
74545
74324
73023
72741
72720
72395
72226
72176
72131
72011
71745
81562
3539
81786
87304
89759
89492
89470
89260
88810
88235
88129
86833
81845
86320
85394
83976
82463
82459
82313
81932
106100
106916
71108
144172
142488
141749
140725
140715
140174
139642
139385
137337
134881
134859
134130
133771
133645
132800
132549
132547
132458
143385
146656
106920
148482
111931
111384
82152
66203
47044
138610
164979
164977
163949
163056
161582
161336
160954
158783
156387
155064
148626
131796
128606
128512
128360
114254
113064
112852
112556
112552
112550
112515
112290
112183
112070
111622
111505
111251
111249
110871
107636
107141
114342
114459
114662
123663
128235
127212
127206
127144
127114
127108
123695
122882
115139
118880
118700
117176
116797
116161
115713
115569
71464
81591
339
53000
7926
7792
7438
7335
7195
6983
6981
48516
6874
6830
6783
6643
48696
6515
6433
6229
5956
5795
5791
48738
48774
49824
49917
50068
51540
5464
5289
8766
52579
8154
8195
47629
40819
8767
25805
25927
26150
8765
26151
26366
31770
34517
37741
38304
39183
40629
41585
47423
41863
8751
42217
45028
8645
8584
8494
8236
45210
8207
46664
46723
47274
52967
52241
53123
64614
56805
53894
58191
58879
60069
60766
61236
61240
61323
3947
61357
63082
63876
3789
64620
56788
64622
64701
64839
66665
67087
3742
3671
67255
67429
67665
69481
3634
3632
70293
4327
57669
56782
55253
53953
5169
54272
4928
54286
54513
54881
55052
4763
4712
55063
55069
56607
55118
55269
4437
56286
56152
56015
55946
55442
55363
55280
55276
1079
1729
778
109487
6218
74458
5064
1291
66097
745
3994
1036
2529
44199
1997
94777
27773
130682
780
3499
2985
2989
3160
3175
3916
2329
8781
7347
5602
4023
2600
4638
4223
2273
1617
494
434
153
27592
1258
48780
62849
1219
2288
88125
2028
40148
2959
4011
65514
293
3679
4326
8128
1957
4103
337
3811
1273
5198
4262
1211
5747
1197
1172
3111
3176
5608
31878
4226
68157
2692
215
2542
3265
7022
2924
1059
7844
7090
3996
47
296
2330
2677
364
1245
306
319
3246
588
3949
1089
