2028
7243
1283
3629
8125
3022
954
541
588
1245
3246
364
319
306
2677
2330
52281
41997
2936
215
48394
293
5
67997
186
135518
58559
52885
31658
30745
27592
8188
6713
6287
27773
350
236
661
1517
1376
1358
1259
1250
1242
1059
904
628
246
587
529
520
377
357
3546
337
300
5662
1089
2529
2288
68358
56367
46578
34321
27611
26662
26614
8464
7161
5299
4973
4018
3948
2424
2068
1265
1210
72998
93040
95441
111
1729
1256
1219
1639
1080
1079
247
40614
97938
54290
134853
118997
115617
109374
109249
106696
1635
2396
1801
94777
2959
2542
778
1
117533
2361
1900
78349
6016
70286
8369
106918
55247
5449
3676
106473
5608
40148
3703
2942
64969
63131
59725
45720
8533
6942
6863
1997
47099
1088
1028
4322
78499
77455
62849
60072
44191
107649
1954
3052
3893
3785
3751
3361
3260
3114
3113
2700
4016
2692
318
2369
2085
2012
2004
1956
3978
4041
88125
5377
68954
65514
8636
6953
6281
5812
5481
5349
4306
5135
4890
4823
4701
4641
4369
4351
1176
232
3707
3257
5507
5219
4069
3882
3809
3301
3300
3275
2641
8861
2359
1732
1061
80551
2082
104841
69640
8972
7373
8928
5445
69712
5618
3030
44555
7361
6985
47640
46970
71057
69526
27904
68319
68157
66934
66097
63992
60684
37733
34405
7458
608
82461
2174
4911
4467
2968
1199
130682
111624
107999
8623
150
47465
100365
45950
37729
35957
34162
32892
7478
1955
5909
296
52319
260
121231
109487
79132
48780
4995
4226
1704
1258
27255
4388
6986
6683
4612
4189
48711
74458
64957
1131
5971
104283
50
2571
5952
5902
5782
4993
3996
3265
2997
2924
2019
6539
1274
924
741
44199
8781
7347
6218
5602
6350
6857
4638
33794
47
35836
32025
31221
7376
4721
122886
1721
31878
7022
26585
26554
8961
8874
8795
7844
7153
7090
5064
4223
132046
61024
780
745
593
494
434
153
78209
76251
55820
1036
52973
8528
2502
1103
104
36401
8865
6754
858
1042
4121
3160
4023
4011
3994
3949
3916
3793
3499
3175
2989
1120
2985
2600
2329
2273
1617
1610
1291
1200
3176
599
5984
97673
96832
96811
96728
96610
96588
96417
95761
95558
95449
95135
94969
94959
94931
91077
90866
90531
90439
97304
97752
90057
97921
105355
105197
103688
103624
103449
103372
103107
102469
102194
101895
101525
101285
99149
99114
98961
98154
97923
90376
89804
106100
80489
79242
78653
78574
78039
74545
74324
73023
72741
72720
72395
72226
72176
72131
72011
71745
71464
71108
80463
81562
89759
81591
89492
89470
89260
88810
88235
88129
87304
86833
86320
85394
83976
82463
82459
82313
81932
81845
81786
105504
106766
7155
144172
142488
141749
140725
140715
140174
139642
139385
137337
134881
134859
134130
133771
133645
132800
132549
132547
132458
143385
146656
128606
148482
111931
111384
82152
66203
47044
138610
164979
164977
163949
163056
161582
161336
160954
158783
156387
155064
148626
131796
128512
106916
114342
113064
112852
112556
112552
112550
112515
112290
112183
112070
111622
111505
111251
111249
110871
107636
107141
106920
114254
114459
128360
114662
128235
127212
127206
127144
127114
127108
123695
123663
122882
118880
118700
117176
116797
116161
115713
115569
115139
70293
69481
67665
6433
5956
5795
5791
5747
5464
5289
5198
5169
4928
4763
4712
4437
4327
4326
4262
4103
3947
6229
6515
3789
6643
8584
8494
8236
8207
8195
8154
8128
7926
7792
7438
7335
7195
6983
6981
6874
6830
6783
3811
3742
67429
1942
1572
1281
1273
1272
1260
1232
1211
1209
1197
1172
1153
946
914
757
146501
53318
39421
1935
1957
3679
2109
3671
3634
3632
3539
3498
3415
3384
3111
3089
2927
2920
2857
2747
2730
2202
2182
2178
8645
8751
8765
56805
56782
56607
56286
56152
56015
55946
55442
55363
55280
55276
55269
55253
55118
55069
55063
55052
54881
56788
57669
8766
58191
67255
67087
66665
64839
64701
64622
64620
64614
63876
63082
61357
61323
61240
61236
60766
60069
58879
54513
54286
54272
53953
45028
42217
41863
41585
40819
40629
39183
38304
37741
34517
31770
26366
26151
26150
25927
25805
8767
45210
46664
46723
50068
53894
53123
53000
52967
52579
52241
51540
49917
47274
49824
48774
48738
48696
48516
47629
47423
339
