2273
2989
7347
153
434
494
780
1617
8781
2329
2600
2985
5602
3160
3499
3916
4638
4223
4023
3175
1036
4121
593
858
1042
1120
1200
1610
1291
44199
4011
3994
745
3949
5064
3793
293
1517
260
2959
2028
26585
7243
3629
1283
6218
7022
3265
5782
5608
8125
3022
541
954
4226
1729
778
52281
41997
2936
2012
1273
1211
104
1197
6287
1172
1376
1957
2700
3111
5198
3811
3679
5449
4262
4326
1
4103
5747
8128
2174
1265
1219
2529
2330
2677
306
1245
319
3246
588
364
48780
48394
47
78499
2542
62849
1704
79132
74458
1079
134853
215
4995
60072
26614
50
115617
1210
2068
27773
1258
2019
132046
1732
107649
122886
3809
6863
112552
5299
4973
107999
5971
27611
1088
109487
111624
60684
2571
135518
55247
34321
8874
3703
109249
70286
72998
35836
31878
63131
109374
7161
6942
46970
94777
56367
64969
6350
4018
118997
4069
8861
5812
6281
5507
6953
8636
65514
68954
88125
5219
6857
3882
5481
3300
3275
44191
106473
3257
3676
2359
1061
80551
3301
5377
8369
3978
3052
3113
3114
3260
3361
34405
27904
3751
3785
3893
8928
5349
4016
4041
4306
4351
4369
4641
4701
4823
4890
5135
106918
78349
104841
5909
4911
4467
4322
2968
1199
130682
8623
1997
150
2942
100365
45950
8533
37729
35957
34162
32892
7478
45720
59725
1955
77455
47465
2692
4388
69640
8972
7458
5445
608
1900
2361
117533
52319
121231
27255
6986
6683
4612
4189
6016
48711
64957
40148
47099
1131
37733
2369
2396
68358
78209
76251
61024
8464
55820
26662
52973
8528
46578
2502
1103
7090
93040
95441
97938
36401
8865
6754
104283
54290
40614
111
3176
2424
741
924
7153
7844
8795
8961
26554
5952
5902
33794
1721
4993
4721
7376
31221
32025
3996
2997
2924
232
318
1176
1274
247
82461
1080
337
377
529
587
628
69712
661
904
1059
1242
1250
1259
1358
69526
66097
1635
1639
1801
1954
1956
63992
2085
350
300
5618
246
1256
3030
2288
44555
3546
5662
7361
6713
8188
27592
6985
47640
30745
31658
52885
58559
67997
5
186
71057
236
3948
599
3707
90439
97673
97304
96832
96811
96728
96610
96588
96417
95761
95558
95449
95135
94969
94959
94931
91077
90866
97752
97921
97923
103107
105504
105355
105197
103688
103624
103449
103372
102469
98154
102194
101895
101525
101285
99149
99114
98961
90531
90376
106766
90057
81562
80489
80463
79242
78653
78574
78039
74545
74324
73023
72741
72720
72395
72226
5984
72131
72011
81591
81786
81845
88129
89804
89759
89492
89470
89260
88810
88235
87304
81932
86833
86320
85394
83976
82463
82459
82313
106100
106916
71464
131796
143385
142488
141749
140725
140715
140174
139642
139385
137337
134881
134859
134130
133771
133645
132800
132549
132547
144172
146656
148482
164977
111931
111384
82152
66203
47044
138610
164979
163949
148626
163056
161582
161336
160954
158783
156387
155064
132458
128606
106920
128512
114342
114254
113064
112852
112556
112550
112515
112290
112183
112070
111622
111505
111251
111249
110871
107636
107141
114459
114662
115139
123695
128360
128235
127212
127206
127144
127114
127108
123663
115569
122882
118880
118700
117176
116797
116161
115713
71745
72176
71108
34517
7195
6983
6981
6874
6830
6783
6643
6515
6433
6229
5956
5795
5791
5464
5289
5169
4928
7335
7438
7792
8765
26366
26151
70293
25927
25805
8767
8766
8751
7926
8645
8584
8494
8236
8207
8195
8154
4763
4712
4437
1209
1942
1935
1572
1281
1272
1260
1232
1153
2178
946
914
757
146501
53318
39421
7155
2109
2182
4327
3498
3947
3789
3742
3671
3634
3632
3539
3415
2202
3384
3089
2927
2920
2857
2747
2730
31770
26150
37741
55946
57669
56805
56788
56782
56607
56286
56152
56015
55442
54881
55363
55280
55276
55269
55253
55118
55069
38304
58191
58879
60069
60766
69481
67665
67429
67255
67087
66665
64839
64701
64622
64620
64614
63876
63082
61357
61323
61240
61236
55052
55063
54513
45210
48696
48516
47423
47274
46723
46664
45028
48774
42217
41863
41585
40819
40629
39183
48738
47629
339
53000
49917
50068
54286
54272
53953
51540
52241
52579
53894
53123
49824
52967
6539
66934
68319
68157
7373
1089
106696
296
1028
520
2641
2004
357
2082
