5952
7153
3022
1042
4993
4121
3679
1610
1200
3811
8795
4103
4262
4326
1957
1721
1120
858
8125
541
954
1172
1197
1211
3111
8128
5747
593
1273
5198
2529
924
2571
1250
2936
3629
7243
1283
2019
5902
3260
3978
2109
3947
7792
6229
47274
1272
4928
4712
4437
2178
8207
3498
26366
3384
3671
2028
3793
33794
2730
79132
59725
8861
2424
132046
2959
48780
6942
62849
3703
4226
63992
74458
4995
27611
4011
27773
135518
47
70286
72998
109487
1210
8369
2369
1517
1635
1639
306
1801
1954
1956
2004
2085
2692
2396
53318
2700
3052
39421
3113
3114
7155
3361
3751
1376
1358
3893
1259
31658
52885
58559
67997
364
5
186
215
236
246
300
337
350
357
377
520
529
587
628
661
1059
1242
319
3785
3707
5984
8636
78499
77455
60072
47099
40148
6016
5608
2542
65514
68954
778
88125
107649
1
117533
2361
1900
44191
106473
78349
3676
5449
55247
4322
1028
106918
6953
64969
4016
4041
4306
4351
4369
63131
4641
45720
4701
8533
4823
4890
5135
6863
2942
5349
1997
5377
5481
5812
6281
1088
30745
54290
27592
3301
27904
8928
5507
5219
4069
3882
3809
3300
69640
3275
3257
2359
1732
1061
80551
2082
37733
48394
60684
66097
104283
82461
5971
5618
3030
44555
7361
6985
47640
46970
71057
69712
69526
68157
66934
104841
8972
8188
150
4467
2968
1199
130682
111624
8623
2174
100365
7458
45950
37729
35957
34162
32892
7478
1955
4911
5909
47465
296
5445
608
52319
121231
1704
1258
27255
6986
6683
4612
4189
48711
64957
1131
4388
6754
8865
36401
46578
109249
106696
97938
95441
93040
68358
56367
34321
104
26662
26614
8464
7161
5299
4973
4018
109374
115617
118997
134853
6713
6287
5662
3546
2288
1729
1256
1219
1089
1080
1079
247
111
40614
146501
3948
2068
1265
6539
5782
3996
3265
2997
2924
1274
741
78209
76251
61024
55820
52973
8528
2502
1103
6350
6857
1176
7022
318
232
50
35836
32025
31221
7376
4721
31878
26585
26554
8961
8874
7844
7090
588
599
757
97673
99149
99114
98961
98154
97923
97921
97752
97304
95449
96832
96811
96728
96610
96588
96417
95761
101285
101525
101895
102194
107636
107141
106920
106916
106766
106100
105504
105355
105197
103688
103624
103449
103372
103107
102469
95558
95135
74324
81786
914
83976
82463
82459
82313
81932
81845
81591
94969
81562
80489
80463
79242
78653
78574
78039
86320
86833
87304
88129
94959
94931
91077
90866
90531
90439
90376
90057
89804
89759
89492
89470
89260
88810
88235
110871
111249
111251
139642
144172
143385
142488
141749
140725
140715
140174
139385
111505
137337
134881
134859
134130
133771
133645
132800
146656
148482
148626
155064
111931
111384
82152
66203
47044
138610
164979
164977
163949
163056
161582
161336
160954
158783
156387
132549
132547
132458
115713
115139
114662
114459
114342
114254
113064
112852
112556
112552
112550
112515
112290
112183
112070
111622
115569
116161
131796
116797
128606
128512
128360
128235
127212
127206
127144
127114
127108
123695
123663
122882
118880
118700
117176
74545
85394
73023
40629
38304
37741
34517
31770
26151
26150
25927
25805
8767
8766
8765
8751
8645
8584
8494
8236
8195
8154
7926
39183
40819
52967
41585
52281
52241
72741
50068
49917
49824
48774
48738
48696
48516
47629
47423
46723
46664
45210
45028
42217
41997
41863
7438
7335
7195
6983
3089
2927
2920
2857
2747
2677
2330
2202
2182
1942
1935
1572
1281
1260
1245
1232
1209
1153
946
3246
3415
3539
5795
6981
6874
6830
6783
6643
6515
6433
5956
5791
3632
5464
5289
5169
4763
4327
3789
3742
3634
52579
51540
53000
56788
61323
61240
61236
60766
60069
58879
58191
57669
56805
56782
63082
56607
56286
56152
56015
55946
55442
55363
55280
53123
61357
63876
55253
70293
72720
72395
72226
72176
72131
72011
71745
71464
71108
69481
64614
67665
67429
67255
67087
66665
64839
64701
64622
64620
55269
55276
55118
55069
53894
53953
54272
54286
54513
54881
55052
55063
339
260
94777
34405
107999
122886
293
6218
3949
5064
1291
745
3994
1036
44199
3176
494
434
2012
780
7347
153
904
8781
1617
5602
2273
2329
2600
2985
2989
3160
3175
3499
4638
3916
4223
4023
68319
7373
2641
