1358
260
6287
104
1729
5449
778
2985
780
4223
4023
4638
5602
2989
3916
3499
2600
8781
2329
7347
3160
2273
494
434
1617
153
3175
2959
44199
2542
1036
3994
745
1079
5064
1291
4011
296
3949
6218
293
1732
1210
2019
132046
2068
122886
107999
27611
109487
68319
134853
2571
135518
3703
70286
72998
115617
79132
109249
529
1059
904
661
628
587
377
520
1250
357
337
300
246
1242
319
1259
215
1376
1517
306
53318
1635
1639
1801
39421
7155
5984
3707
3176
64969
236
5
186
2529
118997
954
54290
40614
111
247
946
914
1080
1089
1219
1256
757
2288
146501
59725
3546
588
5662
541
6713
8188
27592
27773
30745
31658
52885
58559
364
67997
63131
8369
1954
5349
3751
3785
94777
3893
3978
4016
4306
4351
4369
4641
4701
4823
4890
5135
5377
106918
78349
5481
5812
6281
6953
8636
65514
68954
88125
107649
44191
106473
3676
55247
3361
1900
3260
3114
8533
6942
6863
2942
1956
1997
1088
1028
4322
78499
77455
62849
60072
47099
2004
40148
2012
2085
2369
2396
6016
5608
2692
1
117533
2361
2700
3052
3113
45720
232
106696
44555
4069
3301
3300
3275
3257
2641
2359
1061
80551
2082
104841
69640
8972
7458
5445
5219
5507
7373
68157
6985
47640
46970
71057
69712
69526
66934
8861
66097
63992
60684
48394
34405
27904
52319
121231
48780
100365
1199
130682
111624
8623
2174
150
45950
4467
37729
35957
34162
32892
7478
1955
2968
4911
4995
4612
4226
1704
1258
27255
6986
6683
4189
5909
48711
74458
64957
1131
4388
47465
7361
3030
97938
5618
47
35836
32025
31221
7376
4721
1721
33794
31878
26585
26554
8961
8874
8795
7844
50
1172
318
26614
95441
93040
68358
56367
34321
26662
8464
1176
7161
5299
4018
3948
2424
1265
7153
7090
7022
8528
1042
858
593
78209
76251
61024
2502
1200
36401
8865
6754
104283
82461
5971
1120
1610
6857
3996
6539
6350
5952
5902
5782
4993
3265
3793
2997
2924
1274
924
741
4121
1153
599
1197
94969
96728
96610
96588
96417
95761
95558
95449
95135
94959
89492
94931
91077
90866
90531
90439
90376
90057
89804
96811
96832
97304
97673
103688
103624
103449
103372
103107
102469
102194
101895
101525
101285
99149
99114
98961
98154
97923
97921
97752
89759
89470
105355
72176
78039
74545
74324
73023
72741
72720
72395
72226
72131
89260
72011
71745
71464
71108
70293
1209
67665
67429
78574
78653
79242
80463
88810
88235
88129
87304
86833
86320
85394
83976
82463
82459
82313
81932
81845
81786
81591
81562
80489
105197
105504
67087
134881
142488
141749
140725
140715
140174
139642
139385
137337
134859
128512
134130
133771
133645
132800
132549
132547
132458
131796
143385
144172
146656
148482
111931
111384
82152
66203
47044
138610
164979
164977
163949
163056
161582
161336
160954
158783
156387
155064
148626
128606
128360
106100
111622
112852
112556
112552
112550
112515
112290
112183
112070
111505
128235
111251
111249
110871
107636
107141
106920
106916
106766
113064
114254
114342
114459
127212
127206
127144
127114
127108
123695
123663
122882
118880
118700
117176
116797
116161
115713
115569
115139
114662
67255
69481
66665
5289
6515
6433
6229
5956
5795
5791
5747
5464
5198
6783
5169
4928
4763
4712
4437
4327
4326
4262
6643
6830
8766
8128
8751
64839
8584
8494
8236
8207
8195
8154
8125
6874
7926
7792
7438
7335
7243
7195
6983
6981
4103
3947
3811
1935
2330
2202
2182
2178
2109
2028
1957
1942
1572
3789
1283
1281
1273
1272
1260
1245
1232
1211
2677
2730
2747
2857
3742
3679
3671
3634
3632
3629
3539
3498
3415
3384
3246
3111
3089
3022
2936
2927
2920
8765
8645
8767
55069
55946
55442
55363
55280
55276
55269
55253
55118
55063
56152
55052
54881
54513
54286
54272
53953
53894
53123
56015
56286
52967
61240
64701
64622
64620
64614
63876
63082
61357
61323
61236
56607
60766
60069
58879
58191
57669
56805
56788
56782
25805
53000
52579
39183
52281
42217
41997
41863
41585
40819
40629
38304
46664
37741
34517
31770
26366
26151
26150
25927
45210
45028
339
48774
52241
47274
47423
47629
51540
50068
49917
48516
48696
48738
46723
49824
109374
46578
8928
4973
3882
37733
55820
3809
4041
52973
350
1103
608
