79132
1200
1120
1042
858
593
1610
4121
48780
61323
57669
58191
58879
60069
60766
63876
61357
63082
64614
55063
64701
64839
67429
64622
64620
4995
74458
2571
4226
2959
72998
48774
47629
48516
48696
48738
46723
49917
49824
45210
45028
41863
47423
132046
109487
61240
61236
4011
3793
1704
2529
101525
94931
94959
95135
97923
95449
95558
96588
99149
96728
96811
98154
97304
98961
99114
4306
97921
3948
97752
58559
318
68157
62849
81932
78574
74324
74545
78039
67255
79242
81591
82459
82463
81845
80463
80489
81562
4973
47099
70286
44199
44555
96610
96832
27611
1089
46578
61024
47
40614
78499
2542
27773
135518
5608
608
40148
2692
3994
1729
778
296
1079
88125
2028
3361
52319
3809
77455
60684
97938
3629
1283
7243
1219
67997
48394
1258
109249
94777
34405
78349
72011
73023
72720
72395
72226
72131
78653
71745
71108
70293
69481
67087
66665
71464
3022
8125
954
541
1176
111384
2330
588
364
2677
3246
319
1245
306
350
4041
52973
1103
121231
1210
5971
1732
3949
52281
41997
8928
1265
1061
69712
2936
3546
7458
66097
215
111624
3882
37733
93040
8874
6350
31878
260
66934
293
1088
1259
2012
2004
1956
34162
1954
1801
1639
1635
5481
32892
1376
7478
1358
60072
1250
357
5812
1
1242
6281
1059
904
661
628
1955
587
529
520
377
4322
2085
5135
2369
337
68954
4890
4823
4701
4641
107649
4369
4351
44191
37729
5349
106473
5377
3676
4016
65514
3978
3893
3785
3751
5449
8636
3260
8369
6953
35957
3113
3052
2700
1900
2396
2968
300
5445
6857
7022
71057
7090
7153
27904
8861
5507
5219
7844
8795
4069
3301
3300
3275
3257
8533
2359
80551
2082
104841
5952
5902
5782
7361
8528
2502
104
36401
8865
6754
104283
5618
3030
6985
4993
741
924
1274
2019
47640
2924
2997
3265
3996
8972
8961
246
26554
4467
78209
1080
1199
130682
8623
1256
2288
2174
5662
6287
6713
8188
27592
100365
30745
31658
52885
45950
5
186
4911
5909
47465
26614
26585
33794
4721
7376
31221
32025
50
27255
8464
26662
4388
6986
6683
4612
95441
54290
4189
247
48711
1131
1997
599
339
47274
8765
8766
8767
25805
25927
26150
26151
26366
31770
34517
37741
38304
39183
40629
40819
41585
42217
8751
8645
8584
7438
6783
6830
6874
6981
6983
7195
86320
7792
8494
139642
8128
8154
8195
8207
8236
132549
46664
50068
6515
132547
90057
55946
56015
89804
89759
89492
89470
89260
88810
88235
88129
72176
72741
87304
82313
83976
85394
90376
90439
55280
115139
132458
131796
128235
127212
127144
123695
123663
112070
90531
107636
103688
103449
96417
95761
91077
90866
6643
7335
6433
158783
161582
1211
1232
1260
1272
1273
160954
1281
2202
1572
140715
1942
156387
1957
2109
2178
163056
1209
1197
1172
111931
82152
66203
47044
3176
138610
5984
164979
164977
53318
146501
163949
914
946
1153
2182
1935
155064
3742
3811
3947
4103
4262
4326
4327
4437
4712
140725
4928
5169
5198
5289
5464
5747
5791
5795
5956
6229
2747
3789
86833
3111
2857
148482
2927
3089
3679
3671
3415
3498
3539
3384
144172
3632
5299
232
1028
118997
106696
34321
115617
6218
7161
6863
4018
67665
150
3114
5064
1291
46970
745
1036
63992
63131
3703
236
64957
105504
2068
2361
2942
3634
69640
3707
45720
2920
3916
1617
3175
2273
3499
3160
2989
2985
4023
5602
4223
4638
2329
7347
8781
780
494
434
153
2600
2730
55363
69526
2641
7373
107999
106918
81786
39421
82461
109374
106766
106916
106920
107141
53953
114459
110871
112550
111249
128512
111505
127206
68358
52579
106100
101895
105355
105197
757
6016
161336
94969
4763
97673
1517
101285
113064
102194
7926
102469
133771
103107
103372
132800
103624
114254
111
76251
6539
6942
134853
7155
64969
35836
55820
2424
1721
112552
117533
56367
68319
122886
127108
59725
111251
55442
55069
122882
134859
55247
140174
139385
137337
134881
134130
133645
115713
141749
142488
128606
128360
143385
146656
148626
127114
112515
118700
118880
114342
112556
114662
112852
115569
116161
116797
111622
117176
112183
112290
56805
56782
56788
56152
56286
54513
55276
55269
55253
55118
55052
54881
53894
54286
54272
51540
52241
52967
53000
53123
56607
