4995
115617
78499
2959
8533
2396
81845
79242
82463
82459
81932
74545
67255
31658
81591
81562
80489
74324
80463
78039
7361
78574
37729
4306
6539
1704
5618
2571
26662
5608
1
4226
2997
134853
2068
69640
5782
4890
2529
6350
79132
1729
778
74458
48780
1219
62849
26554
106696
104283
1274
52885
6857
741
4011
5299
93040
109249
96610
96832
68954
104841
68358
47099
247
27773
2542
3949
4018
7161
26585
1176
132547
103688
103449
96417
5956
8494
95761
1028
96728
96811
97752
97304
101525
99149
98961
98154
97923
99114
94959
96588
95558
95449
95135
94931
97921
3265
7022
1258
77455
105504
2424
106473
599
49824
46723
48774
48738
48696
48516
47629
47423
45210
45028
41863
49917
1079
107999
6874
50068
5464
5791
7438
55280
8645
55069
55442
61240
61236
44555
8874
34321
46578
52281
41997
1732
47
31878
35836
97938
260
63131
66934
46970
56367
64969
6863
4041
4016
661
1639
1635
5909
628
904
1517
4351
1376
1358
1259
3893
1956
3785
2700
2004
2085
4369
1059
2369
47465
3052
4388
1242
3113
1954
3114
3361
1801
3751
5135
4641
45950
35957
34162
32892
4322
7478
1088
1997
2942
1955
45720
59725
3176
3707
5984
7155
39421
53318
306
319
364
541
588
146501
914
946
60072
40148
4823
6016
4911
4467
529
5349
5377
5481
5812
6281
6953
8636
65514
2968
107649
130682
3676
5449
106918
8369
78349
1900
2361
8623
2174
150
100365
587
3793
520
5507
7844
8961
69712
69526
63992
37733
27904
33794
8861
7373
5219
377
4069
1721
3882
3301
3300
3275
4721
7376
31221
32025
7090
71057
47640
6985
1200
1120
1042
858
593
78209
76251
61024
55820
52973
8528
2502
1103
4121
104
36401
8865
2924
6754
82461
3996
50
232
318
4612
5662
6287
6713
8188
27592
4189
30745
48711
1131
58559
67997
5
186
215
236
246
300
1610
337
350
357
3546
2288
3257
6683
2641
2359
3948
1153
1061
80551
8464
26614
2082
8972
7458
95441
5445
52319
121231
54290
111
27255
1080
6986
1256
954
339
1172
72011
64620
64622
64701
64839
66665
67087
67429
69481
70293
71108
71464
71745
72131
88129
1197
72226
72395
72720
72741
73023
78653
82313
83976
85394
86320
86833
64614
63876
63082
61357
53894
54272
54286
54513
54881
55052
55063
55118
55253
55269
55276
55946
56015
56152
56286
56607
56782
56788
56805
57669
58191
58879
60069
60766
61323
87304
88235
53000
156387
127144
127212
128235
131796
132458
132549
139642
140715
140725
144172
148482
155064
158783
88810
160954
161582
163056
163949
164977
164979
138610
47044
66203
82152
111384
111931
123695
123663
115139
112070
89260
89470
89492
89759
89804
90057
90376
90439
90531
90866
91077
97673
101895
102194
103107
103372
103624
105197
105355
106100
106766
106916
106920
107141
107636
53123
72176
52967
6643
3384
3415
3498
3539
3629
3632
3671
3742
3789
3811
3947
4103
4262
4326
4327
4437
4712
4928
5169
5198
5289
5747
5795
6229
6433
3246
3111
3089
1942
1209
1211
1232
1245
1260
1272
1273
1281
1283
1572
1935
1957
3022
2028
2109
2178
2182
2202
2330
2677
2747
2857
2927
2936
6515
3679
6783
26151
8207
8236
8584
8751
8765
8766
6830
8128
8125
8767
25805
25927
26150
8154
7792
41585
7195
6981
52241
51540
47274
6983
46664
42217
8195
7243
7335
34517
31770
26366
64957
3703
68319
1036
8928
55247
6942
135518
293
27611
68157
924
1089
608
44199
1250
112552
5064
1291
745
3260
5902
3978
6218
132046
111624
109374
111251
2692
3809
118997
117533
296
5971
780
1617
4023
3916
3499
3175
3160
4223
2989
2985
2600
2329
2273
4638
434
153
8781
7347
494
5602
3030
2019
55363
3634
2920
2730
114342
117176
116797
116161
37741
115569
38304
114662
2012
112290
39183
40629
40819
4701
112852
112556
111622
112183
48394
67665
40614
81786
4973
1265
3994
5952
7153
60684
8795
4993
133771
132800
110871
4763
94969
161336
757
53953
101285
128512
7926
52579
111249
111505
102469
112550
113064
114254
114459
127206
70286
1199
118880
112515
118700
109487
88125
94777
1210
127108
72998
143385
133645
134130
134881
137337
139385
128360
127114
140174
141749
115713
142488
148626
128606
146656
44191
134859
122882
122886
34405
66097
