260
1210
1610
1042
4121
1200
1120
593
858
3793
132046
1250
122886
70286
107999
72998
27611
109487
68319
2571
135518
3703
34405
94777
2019
2068
79132
109249
1954
2012
2085
1956
1801
2369
1639
2004
3113
2396
2692
2700
3052
1517
3114
3260
3361
3751
3785
3893
3978
4016
1635
1059
1376
5662
58559
52885
31658
30745
27592
8188
6713
3546
5
2529
2288
1729
1256
1219
1089
1080
67997
186
1358
529
1259
1242
4306
904
661
628
587
520
215
377
357
350
337
300
246
236
4041
4823
4351
1997
541
364
319
306
53318
39421
7155
5984
3707
3176
64969
63131
59725
45720
8533
6942
6863
588
146501
757
1245
1935
1572
1283
1281
1273
1272
1260
1232
914
1211
1209
1197
1172
1153
954
946
2942
1088
4369
1028
44191
107649
88125
68954
65514
8636
6953
6281
5812
5481
5377
5349
5135
4890
247
4701
4641
106473
3676
55247
5608
4322
77455
62849
60072
47099
40148
6016
2959
106918
2542
778
117533
2361
1900
78349
8369
1079
68358
111
5219
3882
3809
3301
3300
3275
3257
2641
2359
1732
80551
2082
104841
69640
8972
7458
4069
5507
608
7373
47640
46970
71057
69712
69526
68157
66934
66097
63992
60684
48394
37733
27904
8928
8861
5445
52319
40614
4911
2968
1199
130682
111624
8623
2174
150
100365
45950
37729
35957
34162
32892
7478
1955
4467
5909
121231
47465
48780
4995
4226
1704
1258
27255
6986
6683
4612
4189
48711
74458
64957
4388
296
6985
7361
44555
4018
2424
1265
1176
232
50
47
35836
32025
31221
7376
4721
1721
33794
31878
26585
3948
4973
3030
5299
54290
118997
109374
106696
97938
95441
93040
1957
56367
46578
34321
26662
26614
8464
7161
26554
8961
8874
8795
78209
76251
61024
55820
52973
8528
2502
1103
36401
8865
6754
104283
82461
5971
5618
741
924
1274
6350
7844
7153
7090
7022
6857
6539
5952
2924
5902
5782
4993
3996
3265
2997
1942
599
2028
97752
97304
96832
96811
96728
96610
96588
96417
95761
95558
95449
95135
94969
94959
94931
91077
90866
90531
97673
97921
71108
97923
105504
105355
105197
103688
103624
103449
103372
103107
102469
102194
101895
101525
101285
99149
99114
98961
98154
90439
90376
90057
89804
80489
2109
79242
78653
78574
78039
74545
74324
73023
72741
72720
72395
72226
72176
72131
72011
71745
81562
81591
81786
87304
89759
89492
89470
89260
88810
88235
88129
86833
81845
86320
85394
83976
82463
82459
82313
81932
106100
106766
106916
128606
142488
141749
140725
140715
140174
139642
139385
137337
134881
134859
134130
133771
133645
132800
132549
132547
132458
143385
144172
146656
163949
111931
82152
66203
47044
138610
164979
164977
163056
148482
161582
161336
160954
158783
156387
155064
148626
131796
128512
106920
128360
114254
113064
112852
112556
112552
112550
112515
112290
112183
112070
111622
111505
111251
111249
110871
107636
107141
114342
114459
114662
123663
128235
127212
127206
127144
127114
127108
123695
122882
115139
118880
118700
117176
116797
116161
115713
115569
71464
80463
70293
7926
8645
8584
8494
8236
8207
8195
8154
8128
8125
7792
8765
7438
7335
7243
7195
6983
6981
6874
6830
6783
8751
8766
6515
40629
69481
46664
45210
45028
42217
41997
41863
41585
40819
39183
8767
38304
37741
34517
31770
26366
26151
26150
25927
25805
6643
6433
47423
2936
3629
3539
3498
3415
3384
3246
3111
3089
3022
2927
3634
2920
2857
2747
2730
2677
2330
2202
2182
2178
3632
3671
6229
4763
5956
5795
5791
5747
5464
5289
5198
5169
4928
4712
3679
4437
4327
4326
4262
4103
3947
3811
3789
3742
47274
46723
54286
55276
56782
56607
56286
56152
56015
55946
55442
55363
55280
55269
53123
55253
55118
55069
55063
55052
54881
54513
54272
53953
56788
56805
57669
58191
67665
67429
67255
67087
66665
64839
64701
64622
64620
64614
63876
63082
61357
61323
61240
61236
60766
60069
58879
53894
339
53000
48696
52967
52579
49824
52281
52241
51540
50068
48516
48774
48738
47629
49917
293
6218
3949
318
4011
5064
1291
27773
745
3994
1036
44199
115617
111384
2600
494
434
1617
2273
2329
780
153
4223
2985
2989
3160
3175
3499
3916
4023
4638
5602
8781
7347
134853
1131
78499
1061
6287
5449
104
1
