7153
5952
8795
4993
1617
8781
434
3175
153
3499
3916
4023
4223
4638
5602
7347
494
3160
2989
780
2985
2600
2329
2273
2959
2019
3809
4011
1704
4995
1291
318
3949
1732
44199
3111
1957
1273
1211
1197
1172
8128
4103
3811
5198
4326
5747
3679
4262
5902
3978
3260
745
1265
5608
1036
3994
1729
778
1250
4226
260
1079
4973
1259
2502
5349
1
5064
608
2542
924
1210
6539
296
109374
78499
1200
1610
858
1120
4121
1042
593
2529
293
62849
1219
48780
79132
6218
150
3114
69640
541
3022
8125
954
319
588
1245
306
3246
2330
2677
364
74458
3361
27773
1089
109249
2028
3793
1258
134853
8928
2936
8636
7090
4306
3789
1242
529
914
7844
1209
4327
2924
3996
8961
2857
8154
47
3634
599
215
111384
40148
46578
5971
31878
7022
3265
121231
111624
2361
68157
1061
2424
132046
1176
1283
7243
3629
65514
53318
122886
60684
55247
106473
107999
105504
106696
70286
111
72998
27611
6942
109487
115617
68319
1028
8874
2571
135518
3703
34405
93040
56367
64957
66934
2692
31221
50
105197
32025
105355
7376
4721
103688
1721
33794
232
103372
103624
103449
26585
103107
3948
102469
8464
26614
26662
102194
101895
68358
101525
106100
64622
26554
95441
115139
114662
114459
114342
114254
113064
112852
741
112556
1274
112550
112515
2997
112290
112183
112070
5782
111622
111505
111251
6857
111249
110871
107636
107141
106920
106916
106766
101285
97938
115713
236
246
300
350
357
377
520
96610
587
628
661
904
1059
96588
96417
95761
1376
1517
1635
1639
1801
64620
1956
2004
2085
2369
2396
96728
186
5
1256
99149
99114
98961
98154
54290
40614
97923
247
97921
1080
97752
97673
97304
67997
2288
96832
3546
5662
6713
8188
27592
96811
30745
31658
52885
58559
115569
116797
116161
164979
163949
163056
161582
161336
160954
158783
156387
52319
155064
7458
8972
148626
104841
2082
80551
148482
146656
2359
2641
3257
3275
3300
3301
144172
3882
4069
5219
164977
27255
3052
6986
1955
7478
32892
34162
35957
37729
45950
100365
111931
8623
82152
66203
130682
1199
2968
4467
4911
5909
47465
47044
4388
1131
138610
48711
4189
4612
6683
5507
7373
8861
143385
139385
137337
134881
134859
134130
133771
133645
132800
132549
132547
132458
131796
128606
128512
128360
128235
127212
127206
127144
127114
127108
123695
123663
122882
118880
118700
117176
78209
76251
61024
44555
27904
37733
142488
63992
141749
140725
69526
69712
71057
47640
6985
7361
3030
55820
5618
140715
82461
104283
140174
6754
8865
36401
1103
139642
8528
52973
2700
1954
72176
5956
6433
6515
6643
6783
6830
6981
6983
7195
67087
7335
7792
7926
66665
64839
64701
8195
8207
8236
8494
8584
8751
8765
8766
8767
25805
25927
26150
6229
5795
72741
67255
3089
72395
72226
3384
3415
3498
3539
95558
3632
72131
3671
72011
3742
71745
71464
3947
71108
70293
69481
67665
4437
4712
4763
4928
5169
67429
5289
26151
26366
31770
34517
54286
54513
54881
55052
55063
55118
55253
55269
55276
55946
56015
56152
56286
56607
56782
56788
56805
57669
58191
58879
60069
60766
61323
61357
63082
63876
64614
54272
53953
53894
47274
37741
38304
39183
40629
40819
41585
41863
42217
45028
45210
46664
46723
47423
53123
47629
48516
48696
48738
48774
49824
49917
51540
52241
52579
52967
53000
72720
339
2927
6016
8369
90376
78349
1900
90057
117533
89804
89759
89492
89470
89260
88810
90439
47099
60072
88235
77455
88129
4322
1997
2942
86833
8533
45720
106918
3676
3176
4701
95449
95135
3751
3893
94969
4016
4041
94959
4351
4369
4641
4823
90531
4890
5135
94931
5377
5812
6281
6953
91077
90866
107649
44191
59725
87304
78039
81932
2182
2202
82463
1232
82459
82313
146501
757
80489
74545
946
2109
81562
81845
2730
1153
74324
81591
83976
85394
80463
1260
2920
78574
3707
5984
1942
7155
39421
73023
1935
1572
78653
2178
1281
79242
2747
1272
86320
81786
35836
118997
6350
34321
94777
4018
64969
46970
2012
104
5449
6287
2068
1088
63131
68954
66097
112552
2174
61236
61240
5299
55442
55069
7161
55363
52281
41997
5791
8645
5464
50068
55280
6874
7438
337
5445
88125
48394
6863
1358
3785
5481
3113
