1200
4121
26614
593
232
858
1042
1120
50
1610
608
293
3793
3809
4041
1103
350
52973
2028
260
337
904
520
1245
3246
541
588
319
306
2677
2330
954
3022
364
8125
924
318
5377
4973
2936
3629
1283
7243
1079
8928
109249
5902
3978
3260
55820
97938
215
46578
33794
109374
3882
37733
5952
7153
1732
3361
64957
111384
121231
1210
1061
2019
132046
2068
122886
107999
3160
2329
2985
2600
1617
2273
153
3175
434
494
2989
3916
3499
780
4023
4223
4638
5602
7347
8781
27611
109487
68319
134853
2571
135518
44199
3703
70286
72998
1036
3994
745
115617
1291
5064
6218
5349
4351
4369
4641
68954
4701
1250
4823
4890
5135
5909
4467
4189
5481
4306
4911
1242
1059
6281
6953
8636
65514
5812
4388
1259
1358
1131
3113
3751
3052
2700
2692
2396
2369
2085
2012
2004
3785
1956
1954
3893
1801
1639
1635
1517
1376
48711
4016
47465
107649
40148
44191
37729
3176
3707
5984
7155
1199
39421
53318
111624
8623
2174
100365
45950
35957
106473
34162
146501
757
946
32892
7478
1153
1172
1197
1211
1955
1232
2968
64969
63131
59725
3676
5449
55247
106918
8369
78349
94777
1900
2361
117533
1
6016
628
47099
60072
77455
78499
4322
1028
1088
2942
6863
6942
8533
45720
661
69526
529
31878
5219
4069
3301
741
3300
1274
2924
2997
3265
3996
4993
5782
3275
3257
6350
6539
6857
7022
7090
2641
7844
8795
8874
8961
26554
5507
7373
8861
6754
71057
46970
47640
6985
7361
44555
3030
5618
5971
82461
104283
8865
27904
36401
104
2502
8528
66934
63992
61024
76251
78209
60684
34405
26585
2359
4612
1721
118997
54290
40614
111
247
1080
1256
69712
5662
6287
6713
8188
30745
31658
52885
58559
67997
5
186
27255
246
300
6986
6683
377
52319
5445
106696
4018
4721
7376
31221
32025
35836
80551
2082
1176
1260
1265
3948
104841
7458
5299
7161
8464
69640
26662
34321
8972
56367
68358
93040
95441
3546
339
1272
94969
96728
96610
96588
96417
95761
95558
95449
95135
94959
89492
94931
91077
90866
90531
90439
90376
90057
89804
96811
96832
97304
97673
103688
103624
103449
103372
103107
102469
102194
101895
101525
101285
99149
99114
98961
98154
97923
97921
97752
89759
89470
67087
72176
78039
74545
74324
73023
72741
72720
72395
72226
72131
89260
72011
71745
1273
71108
70293
69481
67665
67429
78574
78653
79242
80463
88810
88235
88129
87304
86833
86320
85394
83976
82463
82459
82313
81932
81845
81786
81591
81562
80489
105197
105355
105504
134859
141749
140725
140715
140174
139642
139385
137337
134881
134130
106100
133771
133645
132800
132549
132547
132458
131796
128606
142488
143385
144172
146656
111931
82152
66203
47044
138610
164979
164977
163949
163056
161582
161336
160954
158783
156387
155064
148626
148482
128512
128360
128235
113064
112556
112552
112550
112515
112290
112183
112070
111622
111505
111251
111249
110871
107636
107141
106920
106916
106766
112852
114254
127212
114342
127206
127144
127114
127108
123695
123663
122882
118880
118700
117176
116797
116161
115713
115569
115139
114662
114459
67255
71464
66665
6983
8195
8128
7926
7792
7438
7335
7195
6981
8236
6874
6830
6783
6643
6515
6433
6229
8207
8494
5795
26151
40629
39183
38304
37741
34517
31770
26366
26150
8584
25927
25805
64839
8766
8765
8751
8645
5956
5791
41585
2202
3384
3111
3089
2927
2920
2747
2730
2182
3498
2178
2109
1957
1942
1935
1572
1281
3415
3539
5747
4437
5464
5289
5198
5169
4928
4763
4712
4326
3632
4262
4103
3947
3811
3742
3679
3671
40819
8767
41863
55280
54272
54286
54513
54881
58191
55063
55069
55118
55253
55269
55276
61357
61323
41997
55363
53953
61240
61236
55442
60766
55946
56015
60069
56152
56286
56607
58879
56782
56788
56805
63082
55052
57669
46664
48516
48696
47423
48738
48774
49824
53894
47274
46723
49917
50068
51540
52241
64622
52967
45210
42217
63876
53123
53000
64614
47629
52579
45028
64701
64620
52281
79132
27773
4995
74458
66097
4011
1704
62849
3949
48780
1997
2529
1219
48394
130682
2542
1258
4226
27592
68157
5608
1089
88125
2288
1729
778
3114
2959
2424
599
3634
150
296
47
236
2857
357
8154
587
1209
4327
3789
914
