5952
7153
6985
6433
42217
26151
26150
25805
8195
6783
6643
6981
1572
3742
3415
1232
4993
8795
5902
3978
3260
44555
58191
60766
60069
61323
61357
63082
63876
64614
58879
64620
64622
64701
64839
67429
55063
57669
2997
7361
2019
924
4973
5782
61236
61240
608
1732
93040
1103
52973
350
4041
26554
48516
46723
47629
49917
47423
49824
48774
45028
48738
45210
48696
41863
55820
6539
6016
58559
37729
44199
61024
54286
51540
54513
52241
54881
55052
54272
55253
55269
55276
56152
56286
56607
56782
56788
56805
53894
53123
53000
52967
55118
3882
37733
47099
69640
3809
55069
55442
64957
46578
1079
5299
111624
8874
1265
56367
109249
3052
5377
66203
6953
3751
2361
31878
1729
778
34321
1258
6942
8928
118997
109374
53318
5971
38304
37741
40819
40629
39183
6350
6218
4018
7458
111
115617
2959
2542
55247
35836
3703
232
105504
106696
296
2068
63131
1028
46970
94777
64969
7161
6863
135518
68157
34162
3546
6287
6713
65514
8188
27592
8636
6281
107999
8623
5812
30745
2174
31658
5481
52885
150
5349
5
186
236
5662
68954
300
88125
5608
1
40614
117533
1900
247
78349
70286
130682
8369
106918
5449
3676
106473
1080
1089
1219
1256
44191
107649
2288
246
5135
3114
4306
1639
35957
54290
4351
1954
1956
7478
2004
2012
32892
1635
2085
2369
2396
4016
2692
3785
2700
3361
3113
4369
1517
337
587
100365
357
1955
377
520
4890
4823
4701
529
628
1376
661
904
4641
1059
1242
45950
1250
1259
1358
1801
745
134853
6857
494
1274
434
2571
2924
153
3265
3996
78209
76251
8528
2502
7022
593
7090
104
7844
8865
8961
6754
26585
33794
122886
4721
7376
31221
741
8781
50
2989
858
1036
1042
1120
1200
1291
1610
1617
2273
2329
2600
2985
3160
7347
3175
3499
3793
3916
3949
3994
4023
4121
4223
4638
5064
5602
32025
318
1199
6683
2082
104841
26662
8972
5445
52319
27611
121231
109487
260
27255
6986
4612
1061
4189
48711
68358
1131
47465
780
5909
4911
95441
97938
4467
2968
80551
2359
1176
66097
1210
132046
3948
104283
82461
5618
3030
47640
71057
69712
69526
68319
60684
2641
48394
34405
27904
8861
7373
5507
5219
4069
8464
26614
3300
3275
72998
599
40148
101525
99149
99114
98961
98154
97923
97921
97752
97673
97304
96832
96811
96728
96610
96588
96417
101285
101895
95558
102194
110871
107636
107141
106920
106916
106766
106100
105355
105197
103688
103624
103449
103372
103107
102469
95761
95449
78039
87304
86320
85394
83976
82463
82459
82313
81932
81845
81786
81591
60072
80489
80463
79242
78653
86833
88129
95135
88235
94969
94959
94931
91077
90866
90531
90439
90376
90057
89804
89759
89492
89470
89260
88810
111249
111251
111505
146656
143385
142488
141749
140725
140715
140174
139642
139385
137337
134881
134859
134130
133771
133645
132800
144172
148482
111622
148626
111931
111384
82152
47044
138610
164979
164977
163949
163056
161582
161336
160954
158783
156387
155064
132549
132547
132458
131796
115569
115139
114662
114459
114342
114254
113064
112852
112556
112552
112550
112515
112290
112183
112070
115713
116161
116797
127144
128606
128512
128360
128235
127212
127206
127114
117176
127108
123695
123663
122882
118880
118700
78574
81562
74545
3679
2857
2920
2927
2936
3022
3089
3111
3384
3498
3539
3629
3632
3634
3671
3789
5791
3811
3947
4103
74324
4326
4327
4437
4712
4763
4928
5169
5198
5289
5464
2747
2730
2202
2182
77455
78499
4322
1088
1997
8533
3176
5984
541
146501
757
914
946
954
1153
1172
1197
1209
1211
1260
1272
1273
1281
1283
1935
1942
1957
2109
2178
5747
4262
339
8765
67665
25927
26366
31770
34517
72131
41585
72011
71745
71464
41997
46664
47274
50068
5795
52281
52579
53953
55280
55363
55946
56015
66665
71108
70293
69481
67087
8766
8767
72176
7438
5956
73023
6229
6515
6830
72741
6874
6983
7195
7243
8751
72720
7335
7792
72395
8645
8584
8494
72226
7926
8236
67255
8207
8154
8128
8125
79132
47
27773
74458
4226
62849
48780
67997
4011
2529
63992
1704
2424
2942
3707
39421
45720
4995
36401
7155
293
1721
215
2028
66934
319
364
1245
588
3246
59725
2677
306
2330
3893
4388
3301
3257
