628
608
350
4041
1103
52973
3809
55820
37733
3882
1079
4973
8928
109249
46578
109374
1732
1376
111
2396
2369
247
2085
2012
2004
1956
1954
1080
1089
1801
1639
1635
1517
2692
1729
3052
3893
4306
115617
118997
4016
3978
134853
3785
3113
54290
40614
3751
3361
3260
3114
2700
1358
2288
27773
186
67997
58559
52885
31658
30745
27592
236
8188
6713
6287
5662
3546
2529
215
246
1259
587
1250
1242
1059
904
661
4369
1219
300
529
520
377
357
1256
337
4351
135518
4641
4701
53318
39421
7155
5984
3707
3176
64969
63131
59725
45720
8533
6942
6863
2942
1997
1088
1028
306
319
364
1197
1273
1272
1260
1245
1232
1211
1209
1172
541
1153
954
946
914
757
146501
588
4322
78499
77455
8636
106473
44191
3703
107649
88125
68954
65514
6953
5449
6281
5812
5481
5377
5349
5135
4823
3676
55247
62849
778
60072
47099
40148
6016
5608
2959
2542
1
106918
117533
2361
1900
94777
78349
70286
8369
4890
68358
106696
2359
5219
4069
3301
3300
3275
3257
2641
1061
7373
80551
2082
104841
69640
8972
7458
5445
5507
8861
121231
69526
44555
7361
6985
47640
46970
71057
69712
68319
27904
68157
66934
66097
63992
60684
48394
34405
52319
109487
97938
150
4467
2968
1199
130682
111624
107999
2174
100365
5909
45950
37729
35957
34162
32892
7478
1955
4911
47465
79132
6986
48780
4995
4226
1704
1258
260
27255
6683
296
4612
4189
48711
74458
64957
1131
4388
3030
5618
5971
122886
50
47
35836
32025
31221
7376
4721
1721
318
33794
31878
26585
26554
8961
8874
8795
232
1176
82461
26662
95441
93040
72998
1283
56367
34321
27611
26614
1210
8464
5299
4018
3948
2424
2068
1265
7844
7153
7090
61024
1200
1120
1042
858
593
78209
76251
8528
7022
2502
104
36401
8865
6754
132046
104283
1610
3793
4121
741
6857
6539
6350
5952
5902
5782
4993
3996
3265
2997
2924
2571
2019
1274
924
1281
599
1572
97921
97673
97304
96832
96811
96728
96610
96588
96417
95761
95558
95449
95135
94969
94959
94931
91077
90866
97752
97923
71464
98154
106100
105504
105355
105197
103688
103624
103449
103372
103107
102469
102194
101895
101525
101285
99149
99114
98961
90531
90439
90376
90057
81562
80489
80463
1935
78653
78574
78039
74545
74324
73023
72741
72720
72395
72226
72176
72131
72011
81591
81786
81845
88129
89804
89759
89492
89470
89260
88810
88235
87304
81932
86833
86320
85394
83976
82463
82459
82313
106766
106916
106920
131796
143385
142488
141749
140725
140715
140174
139642
139385
137337
134881
134859
134130
133771
133645
132800
132549
132547
144172
146656
148482
164977
111931
111384
82152
66203
47044
138610
164979
163949
148626
163056
161582
161336
160954
158783
156387
155064
132458
128606
107141
128512
114342
114254
113064
112852
112556
112552
112550
112515
112290
112183
112070
111622
111505
111251
111249
110871
107636
114459
114662
115139
123695
128360
128235
127212
127206
127144
127114
127108
123663
115569
122882
118880
118700
117176
116797
116161
115713
71745
79242
71108
5956
8494
8236
8207
8195
8154
8128
8125
7926
7792
7438
7335
7243
7195
6983
6981
6874
6830
6783
6643
6515
6433
8584
8645
8751
38304
45210
45028
42217
41997
41863
41585
40819
40629
39183
37741
8765
34517
31770
26366
26151
26150
25927
25805
8767
8766
6229
5795
70293
5791
3415
3384
3246
3111
3089
3022
2936
2927
2920
2857
2747
2730
2677
2330
2202
2182
2178
2109
2028
1957
1942
3498
3539
3629
4327
5747
5464
5289
5198
5169
4928
4763
4712
4437
4326
3632
4262
4103
3947
3811
3789
3742
3679
3671
3634
46664
46723
47274
55276
56782
56607
56286
56152
56015
55946
55442
55363
55280
55269
56805
55253
55118
55069
55063
55052
54881
54513
54286
54272
56788
57669
53894
64620
69481
67665
67429
67255
67087
66665
64839
64701
64622
64614
58191
63876
63082
61357
61323
61240
61236
60766
60069
58879
47423
53953
53123
52241
47629
48516
48696
48738
48774
49824
49917
50068
53000
51540
339
52967
52281
52579
293
6218
3949
4011
5064
1291
745
3994
1036
44199
7161
434
8781
153
494
780
8623
5
7347
4223
5602
1617
2273
2329
2600
2985
3160
3175
3499
4638
3916
4023
2989
