2019
4993
8795
3996
7844
7090
2924
296
2959
111
3030
3751
7022
3265
5952
7153
1258
31658
1729
778
5608
26662
5971
2361
31878
65514
6350
5618
1219
4018
2542
3949
3703
47
1079
4226
34405
2502
318
1089
2529
26585
68157
1103
52973
4041
350
48780
4011
608
1036
1704
27773
62849
4973
2288
5782
78349
27592
4995
55820
3361
3882
37733
97938
111384
121231
260
1061
2068
63131
7161
3809
5299
46970
6218
64969
6863
34321
118997
94777
8928
35836
1265
109249
109374
115617
186
215
1635
58559
5
1639
1801
1954
246
1956
2004
2012
2085
30745
236
628
300
1517
661
587
904
1059
1242
1250
1259
529
1358
520
1376
377
2396
357
337
2369
599
2692
541
319
306
39421
7155
5984
3707
3176
59725
45720
8533
6942
2942
1997
1088
4322
364
588
47099
146501
1281
1273
1272
1260
1245
1232
1211
1209
1197
1172
1153
954
946
914
757
60072
40148
2700
5377
5135
4823
4701
4641
4369
4351
4306
4016
3978
3893
3785
3260
3114
3113
3052
5349
5481
6016
5812
1
117533
1900
8369
106918
55247
5449
3676
44191
107649
88125
68954
8636
6953
6281
4890
3948
8188
6287
104841
2082
80551
2359
2641
3257
3275
3300
3301
4069
5219
5507
7373
8861
27904
48394
63992
66097
69526
69712
71057
47640
6985
7361
44555
82461
6754
8865
36401
8972
7458
5445
1199
1955
7478
32892
34162
35957
37729
45950
100365
150
2174
8623
111624
130682
2968
52319
4467
4911
5909
47465
4388
1131
64957
48711
4189
4612
6683
6986
27255
104
8528
76251
232
8781
44199
924
2997
5902
26554
33794
1721
4721
7376
31221
32025
50
2424
5602
1572
8464
26614
68358
93040
95441
54290
40614
247
1080
1256
3546
5662
7347
5064
78209
1617
153
293
434
494
593
745
780
858
1042
1120
1200
1291
1610
2273
4638
2329
2600
2985
2989
3160
3175
3499
3793
3916
3994
4023
4121
4223
1283
339
1935
98961
102194
101895
101525
101285
99149
99114
98154
103107
97923
97921
97752
97673
97304
96832
102469
103372
96728
106920
111505
111251
111249
110871
107636
107141
106916
103449
106766
106100
105355
105197
103688
103624
96811
96610
112070
86320
89260
88810
88235
88129
87304
86833
85394
89492
83976
82313
81786
72741
1942
56805
89470
89759
96588
94959
96417
95761
95558
95449
95135
94969
94931
89804
91077
90866
90531
90439
90376
90057
111622
112183
56782
140174
144172
143385
142488
141749
140725
140715
139642
148482
139385
137337
134881
134859
134130
133771
146656
148626
132800
164977
111931
82152
66203
47044
138610
164979
163949
155064
163056
161582
161336
160954
158783
156387
133645
132549
112290
114342
116161
115713
115569
115139
114662
114459
114254
117176
113064
112852
112556
112552
112550
112515
116797
118700
132547
127212
132458
131796
128606
128512
128360
128235
127206
118880
127144
127114
127108
123695
123663
122882
56788
72176
56607
8765
8645
8584
8494
8236
8207
8195
8154
8128
8125
7926
7792
7438
7335
7243
7195
6983
6981
6874
6830
6783
6643
8751
8766
6433
8767
47274
46723
46664
45210
45028
42217
41997
56286
41585
40819
40629
39183
38304
37741
34517
31770
26366
26151
26150
25927
25805
6515
6229
47629
3629
3498
3415
3384
3246
3111
3089
3022
2936
2927
2920
2857
2747
2730
2677
2330
2202
2182
2178
2109
2028
1957
3539
3632
5956
3634
5795
5791
5747
5464
5289
5198
5169
4928
4763
4712
4437
4327
4326
4262
4103
3947
3811
3789
3742
3679
3671
47423
41863
48516
54272
55276
55269
55253
55442
55946
55118
48696
55069
56015
55052
54881
54513
55280
54286
56152
53953
53894
48738
48774
49824
49917
50068
51540
52241
52281
52579
52967
53000
53123
55363
66934
134853
68319
56367
122886
1028
67997
8874
106696
105504
67665
71745
71464
72011
67087
78653
72226
72395
72720
71108
66665
73023
69481
72131
70293
61024
53318
69640
6539
61240
61236
63876
57669
58191
58879
67429
60069
6713
60766
64614
61323
61357
55063
64839
64701
63082
64620
64622
1210
106473
46578
72998
107999
135518
1176
109487
27611
70286
74458
6857
741
104283
1274
52885
132046
60684
2571
1732
77455
8961
78499
79132
80489
80463
81562
78574
81591
78039
74545
81845
81932
74324
82463
67255
82459
79242
