6229
7792
4712
4928
3498
47274
3546
3384
26366
8207
2178
2109
1272
3671
3947
4437
2730
74458
2369
2085
2012
1956
2004
2692
1954
1801
1639
1635
1517
1376
1358
2396
599
2700
4041
4890
4823
4701
4641
4369
4351
4306
4016
3052
3978
3893
3785
3751
3260
1259
3113
3114
628
1250
67997
52885
31658
30745
27773
27592
8188
6713
6287
5662
2529
2288
1729
1256
1219
1089
58559
5
1242
186
1059
904
661
5349
587
529
520
377
357
350
337
300
246
236
215
5135
65514
5377
1997
319
306
53318
39421
7155
5984
3707
3176
64969
63131
59725
45720
8533
6942
6863
364
541
588
1209
1281
1273
1260
1245
1232
1211
1197
146501
1172
1153
954
946
914
757
2942
1088
5481
1028
8369
106918
55247
5449
3676
106473
44191
107649
88125
68954
1079
8636
6953
6281
5812
78349
94777
1900
40148
4322
78499
77455
62849
60072
47099
6016
2361
5608
2959
2542
778
1
117533
1080
247
1572
8972
7373
5507
5219
4069
3882
3809
3301
3300
3275
3257
2641
2359
1732
1061
80551
2082
104841
8861
8928
27904
69712
3030
44555
7361
6985
47640
46970
71057
69526
34405
68157
66934
66097
63992
60684
48394
37733
69640
7458
111
5445
4911
4467
2968
1199
130682
111624
8623
2174
150
100365
45950
37729
35957
34162
32892
7478
1955
5909
47465
296
1258
608
52319
121231
48780
4995
4226
1704
27255
4388
6986
6683
4612
4189
48711
64957
1131
5618
5971
82461
104283
2424
1265
1176
232
50
47
35836
32025
31221
7376
4721
1721
33794
31878
26585
26554
8961
3948
4018
4973
93040
40614
54290
118997
109374
106696
97938
95441
68358
5299
56367
46578
34321
26662
26614
8464
7161
8874
8795
7844
55820
1120
1042
858
593
78209
76251
61024
52973
1610
8528
2502
1103
104
36401
8865
6754
1200
3793
7153
5782
7090
7022
6857
6539
6350
5952
5902
4993
4121
3996
3265
2997
2924
1274
924
741
1283
339
1935
96811
98154
97923
97921
97752
97673
97304
96832
96728
99114
96610
96588
96417
95761
95558
95449
95135
98961
99149
94959
103688
106920
106916
106766
106100
105504
105355
105197
103624
101285
103449
103372
103107
102469
102194
101895
101525
94969
94931
72395
80463
82313
81932
81845
81786
81591
81562
80489
79242
82463
78653
78574
78039
74545
74324
73023
72741
1942
83976
91077
89492
90866
90531
90439
90376
90057
89804
89759
89470
85394
89260
88810
88235
88129
87304
86833
86320
107141
107636
110871
139385
143385
142488
141749
140725
140715
140174
139642
137337
146656
134881
134859
134130
133771
133645
132800
132549
144172
148482
111249
164977
111931
111384
82152
66203
47044
138610
164979
163949
148626
163056
161582
161336
160954
158783
156387
155064
132547
132458
131796
112552
114662
114459
114342
114254
113064
112852
112556
112550
128606
112515
112290
112183
112070
111622
111505
111251
115139
115569
115713
116161
128512
128360
128235
127212
127206
127144
127114
127108
123695
123663
122882
118880
118700
117176
116797
72720
82459
51540
48774
5795
5956
52241
50068
49917
49824
6433
48738
53953
48696
48516
47629
47423
6515
46723
46664
5791
52281
5747
5464
3789
3811
4103
4262
4326
4327
4763
5169
53894
5198
53123
53000
52967
5289
52579
45210
45028
42217
8765
8645
8584
8494
8236
8195
8154
8128
8125
7926
7438
7335
7243
7195
6983
6981
8751
8766
41997
8767
41863
41585
40819
40629
39183
38304
37741
6643
34517
31770
26151
26150
25927
25805
6783
6830
3742
3679
61357
2202
64622
2330
64620
64614
63876
63082
61323
56805
61240
61236
2677
60766
60069
58879
58191
64701
2182
64839
66665
72226
1957
72176
72131
72011
71745
71464
2028
71108
70293
69481
67665
67429
67255
67087
3634
57669
56788
56782
54881
54513
54286
2920
2927
2936
3022
3089
3111
3246
3415
54272
3539
3629
3632
2857
2747
55052
55276
56607
56286
56152
56015
55946
55442
55363
55280
55269
55253
55118
55069
55063
6874
79132
115617
72998
70286
109249
3703
2571
135518
134853
68319
109487
27611
107999
122886
2068
132046
2019
1210
293
6218
3949
4011
1291
5064
745
3994
1036
44199
260
4638
8781
7347
5602
3916
4223
4023
434
494
780
1617
2273
2329
2600
2985
2989
3160
3175
3499
153
318
3361
