1272
2997
7792
8207
3498
3947
4928
26366
4712
3384
47274
2178
2109
3671
246
4437
6229
2730
5782
26554
7361
93040
608
1103
4041
350
52973
3809
55820
37733
3882
4973
8928
46578
109374
109249
45720
1172
1242
1059
904
661
628
587
529
1358
520
377
1197
357
1209
1259
1517
1376
300
1635
1639
1801
1954
1956
2004
2012
2085
1153
2369
2692
2700
3052
337
1211
3114
236
1260
95441
97938
106696
1245
118997
54290
40614
111
247
1080
1089
1256
2288
3546
5662
6287
6713
8188
27592
30745
31658
1232
52885
58559
67997
5
186
215
3113
3260
8533
117533
40148
7155
6016
39421
53318
1
2361
3361
1900
78349
8369
106918
55247
5449
47099
60072
77455
78499
5984
3707
4322
1028
3176
1088
64969
63131
1997
2942
6863
6942
59725
3676
106473
306
5349
3751
3785
3893
3978
4016
946
4306
914
4351
4369
4641
4701
4823
5135
68358
44191
757
146501
5481
5812
588
6281
6953
364
8636
65514
68954
88125
107649
319
5377
599
56367
7373
66934
66097
63992
60684
48394
27904
8861
5507
69526
5219
4069
3301
3300
3275
3257
2641
68157
69712
78209
104283
61024
8528
2502
104
36401
8865
6754
82461
71057
5971
5618
3030
44555
6985
47640
46970
2359
1061
80551
150
4467
2968
1199
130682
111624
8623
2174
100365
2082
45950
37729
35957
34162
32892
7478
1955
4911
5909
47465
4388
104841
69640
8972
7458
5445
52319
121231
27255
6986
6683
4612
4189
48711
64957
1131
76251
153
34321
7090
31878
26585
8961
8874
8795
7844
7153
7022
1721
6857
6539
6350
5952
5902
4993
3996
33794
4721
293
2424
26662
26614
8464
7161
1273
4018
3948
1265
7376
1176
318
232
50
35836
32025
31221
3265
2924
1274
1120
2600
2329
2273
1617
1610
1291
1200
1042
924
1036
858
780
745
593
494
434
2985
2989
3160
3175
741
44199
8781
7347
6218
5602
5064
4638
4223
4121
4023
3994
3916
3793
3499
5299
339
1281
89470
90439
90376
90057
89804
144172
89759
89492
89260
90866
88810
88235
88129
87304
86833
86320
85394
90531
91077
82463
96610
97921
97752
97673
97304
96832
96811
96728
96588
94931
96417
95761
95558
95449
95135
94969
94959
83976
82459
64620
67665
72131
72011
71745
71464
71108
70293
69481
148482
72226
67429
140715
67087
66665
148626
64839
64701
72176
146656
82313
79242
81932
81845
81786
81591
81562
80489
80463
78653
72395
78574
78039
74545
74324
73023
72741
72720
97923
98154
98961
118880
127206
127144
127114
127108
123695
123663
122882
118700
128235
117176
116797
116161
115713
115569
115139
114662
127212
128360
99114
134130
139642
139385
140725
141749
137337
134881
134859
133771
128512
133645
132800
132549
132547
132458
131796
128606
114459
142488
114342
103449
106766
106100
105504
105355
105197
103688
103624
103372
114254
103107
102469
102194
101895
101525
101285
99149
106916
106920
107141
107636
113064
112852
112556
112552
112550
112515
112290
112183
112070
111622
111505
143385
111251
111249
110871
64622
67255
64614
6783
161582
7195
6983
6981
6874
163056
6830
6643
7438
6515
6433
163949
164977
164979
5956
5795
7335
7926
5747
8765
26151
26150
25927
63876
8767
160954
8766
8751
161336
8645
8584
8494
8236
8195
8154
8128
5791
5464
34517
111384
66203
82152
2927
2920
2857
2747
2677
2330
3089
2202
2182
111931
1957
1942
1935
1572
47044
3111
5289
3811
5198
5169
4763
4327
4326
4262
4103
3789
3246
3742
3679
3634
3632
138610
3539
3415
31770
25805
37741
53894
55946
55442
55363
55280
55276
55269
55253
55118
55069
38304
55052
54881
54513
54286
54272
56015
56152
56286
60069
63082
61357
61323
61240
61236
60766
58879
56607
155064
58191
57669
56805
56788
56782
53953
55063
158783
48738
48516
47629
47423
46723
53123
46664
45210
45028
42217
41997
41863
41585
40819
40629
39183
48696
140174
52241
49917
52579
156387
48774
52281
51540
50068
52967
53000
49824
1732
1079
115617
1258
27773
134853
4995
296
74458
1704
62849
47
48780
2068
2542
3949
4011
2529
1219
2019
79132
94777
34405
3703
135518
2571
68319
109487
4226
27611
4890
5608
778
1729
72998
107999
70286
122886
1250
132046
2959
2396
2028
3629
7243
1283
1210
260
2936
541
954
3022
8125
