4011
2959
2542
62849
40148
4226
44199
48780
1729
778
60684
44191
3160
494
434
1617
2273
5602
8781
7347
2989
4638
4223
4023
3916
153
3175
780
3499
2329
2985
2600
47
65514
745
1
58559
6016
2571
2529
79132
55069
55442
6874
8645
7438
5464
5791
50068
55280
3949
49917
49824
48774
48738
48696
48516
47629
47423
46723
45210
41863
45028
2692
5608
1199
55363
1089
1036
26614
50
3114
1079
3994
52281
41997
1732
27773
7844
2924
3996
7090
293
5064
1291
296
74458
1219
48394
44555
78499
27592
1258
47099
3265
7022
132046
55247
134853
107999
56607
55253
55269
56286
55276
55052
56152
54513
53000
51540
53123
53894
54272
54286
54881
52241
56782
55118
56788
56805
52967
68954
1200
1610
4121
593
858
1042
1120
6942
33794
4306
3275
8961
7153
318
5952
924
46578
150
6218
8795
4993
5902
3978
3260
4995
109487
27611
106473
1704
61236
61240
3793
247
88125
2288
135518
2424
72998
31878
2019
94777
3361
130682
68319
1997
78349
2361
1210
106918
111384
66097
3809
53318
121231
1061
111
115617
8928
109374
5782
37741
40819
38304
39183
40629
7361
26585
109249
2997
2359
93040
40614
26554
34405
1250
52319
7458
111624
64957
5971
69712
1176
4641
6683
4351
4369
3707
34162
4701
6986
4823
3176
4890
59725
45720
8533
4016
3751
3893
5445
2004
2012
2085
8972
2369
2396
7155
3785
2700
3052
3113
5984
27255
5135
1955
5377
5349
32892
5909
4911
1900
4467
117533
2968
8623
2174
100365
45950
37729
35957
1088
4322
60072
8369
47465
7478
4189
5481
5812
6281
6953
8636
4612
48711
4388
2942
107649
1954
1131
3676
5449
1956
39421
1801
82461
8528
2502
104
36401
8865
6754
104283
5618
1639
3030
3546
6985
47640
71057
69526
63992
76251
78209
741
1274
97938
54290
95441
26662
8464
1080
3948
232
32025
31221
7376
4721
1721
1256
6857
27904
7373
5507
80551
357
520
529
587
628
661
904
1242
2082
1259
1358
1376
1517
104841
1635
337
300
5662
246
5219
6287
4069
3301
6713
3300
3257
8188
2641
30745
31658
52885
5
186
236
1059
599
339
112183
114662
114459
114342
114254
113064
112852
112556
112552
112550
112515
112290
112070
115569
111622
111505
111251
111249
110871
107636
107141
72176
106920
106916
106766
115139
115713
97673
128235
31770
34517
41585
42217
46664
47274
52579
53953
128360
55946
56015
127212
116161
127206
127144
127114
127108
123695
123663
122882
118880
118700
117176
116797
106100
72741
105355
94931
89260
89470
89492
89759
89804
90057
90376
90439
90531
90866
91077
94959
105197
94969
95135
95449
95558
95761
96417
96588
96610
96728
96811
96832
88810
88235
88129
87304
103688
103624
103449
103372
103107
102469
102194
101895
101525
101285
99149
81786
99114
98961
98154
97923
82313
97921
97752
83976
85394
86320
86833
26366
26151
26150
2747
1942
148626
148482
2109
146656
2178
2182
2202
144172
143385
2730
2857
25927
2920
2927
142488
141749
3089
140725
140715
3384
3415
3498
3539
1935
1572
155064
1281
111931
82152
66203
47044
138610
146501
757
914
164979
946
164977
1153
163949
163056
161582
161336
1209
160954
1232
158783
1260
1272
156387
140174
3632
3634
8207
6981
6983
7195
132800
7335
7792
7926
132549
132547
8154
8195
8236
3671
132458
8494
131796
8584
8751
8765
8766
128606
8767
25805
128512
6830
6783
6643
6515
139642
3742
3789
139385
137337
3947
134881
134859
134130
4327
4437
97304
4712
4763
4928
5169
133771
5289
133645
5795
5956
6229
6433
3703
122886
608
1265
1283
7243
3629
6863
4018
3882
37733
6350
64969
46970
215
7161
55820
1028
63131
66934
2936
70286
68157
2028
1103
52973
350
4041
56367
106696
306
3246
1245
364
2677
2330
588
319
105504
2068
541
954
3022
8125
4973
260
35836
77455
67997
118997
377
34321
8861
61024
5299
82459
82463
78574
80463
74545
78039
79242
67255
74324
80489
81562
81591
81845
81932
4326
4103
3811
3679
3111
8128
4262
1957
5198
1273
1211
1197
1172
5747
64839
64701
64622
58191
64620
64614
63876
63082
61357
61323
67429
60766
60069
58879
55063
57669
67665
69640
71464
72011
66665
67087
71108
70293
73023
69481
72131
72226
72395
78653
72720
71745
68358
8874
6539
