1210
260
2571
1265
6539
44191
132046
69640
79132
60684
1199
5299
27611
70286
72998
2068
135518
1250
4973
94777
122886
109487
1704
34321
6218
8874
3809
118997
107999
5971
115617
35836
1176
31878
63131
7161
68319
111624
46970
55247
3703
34405
105504
56367
106696
64969
2019
6350
4018
6863
109374
1028
6942
66934
134853
109249
5
1259
1358
364
236
186
67997
215
541
1242
246
1059
904
300
337
661
628
350
357
587
377
520
529
58559
5662
52885
40614
1197
68358
1172
93040
1153
954
95441
97938
946
914
757
54290
146501
111
31658
247
1080
1089
1256
2288
3546
1517
6287
6713
588
8188
27592
30745
1376
2369
1635
1639
1
117533
2361
1900
53318
78349
306
8369
106918
5449
3676
106473
319
107649
88125
6016
40148
47099
7155
59725
45720
8533
3176
3707
5984
2942
60072
1997
1088
4322
78499
39421
77455
68954
65514
8636
2692
3361
3260
3114
3113
3052
2700
2396
3785
2085
2012
2004
1956
1954
1801
3751
3893
6953
4890
6281
5812
5481
5377
5349
5135
4823
4016
4701
4641
4369
4351
4306
4041
3978
50
46578
66097
48394
37733
27904
8928
8861
7373
5507
5219
4069
3882
3301
3300
3275
3257
2641
63992
68157
8528
69526
1103
104
36401
8865
6754
104283
82461
5618
3030
44555
7361
6985
47640
71057
69712
2359
1061
80551
2082
4911
4467
2968
130682
8623
2174
150
100365
45950
37729
35957
34162
32892
7478
1955
5909
47465
4388
121231
104841
8972
7458
5445
608
52319
27255
1131
6986
6683
4612
4189
48711
64957
2502
52973
26662
7844
7090
7022
6857
5952
5902
5782
4993
3996
3265
2997
2924
1274
924
741
44199
7153
8795
55820
8961
26614
8464
3948
2424
318
232
1211
32025
31221
7376
4721
1721
33794
26585
26554
8781
7347
5602
5064
1200
1120
1042
1036
858
780
745
593
494
434
293
153
78209
76251
61024
1291
1610
1617
3793
4638
4223
4121
4023
3994
3916
3499
2273
3175
3160
2989
2985
2600
2329
1209
599
1232
94959
96610
96588
96417
95761
95558
95449
95135
94969
94931
89470
91077
90866
90531
90439
90376
90057
89804
89759
96728
96811
96832
97304
103624
103449
103372
103107
102469
102194
101895
101525
101285
99149
99114
98961
98154
97923
97921
97752
97673
89492
89260
105197
72131
74545
74324
73023
72741
72720
72395
72226
72176
72011
88810
71745
71464
71108
70293
69481
1245
67429
67255
78039
78574
78653
79242
88235
88129
87304
86833
86320
85394
83976
82463
82459
82313
81932
81845
81786
81591
81562
80489
80463
103688
105355
66665
134881
142488
141749
140725
140715
140174
139642
139385
137337
134859
128512
134130
133771
133645
132800
132549
132547
132458
131796
143385
144172
146656
148482
111931
111384
82152
66203
47044
138610
164979
164977
163949
163056
161582
161336
160954
158783
156387
155064
148626
128606
128360
106100
111622
112852
112556
112552
112550
112515
112290
112183
112070
111505
128235
111251
111249
110871
107636
107141
106920
106916
106766
113064
114254
114342
114459
127212
127206
127144
127114
127108
123695
123663
122882
118880
118700
117176
116797
116161
115713
115569
115139
114662
67087
67665
64839
6783
7335
7243
7195
6983
6981
6874
6830
6643
5198
6515
6433
5956
5795
5791
5747
5464
7438
7926
8125
8128
31770
26151
26150
25927
25805
8767
8766
8765
8751
8645
64701
8494
8236
8195
8154
5289
5169
37741
2028
2920
2857
2747
2677
2330
2202
2182
1957
4763
1942
1935
1572
1283
1281
1273
1260
2927
2936
3022
3089
4327
4326
4262
4103
3811
3789
3742
3679
3634
3632
3629
3539
3415
3246
3111
34517
8584
38304
55269
56152
56015
55946
55442
55363
55280
55276
55253
54272
55118
39183
55069
55063
55052
54881
54513
56286
56607
56782
56788
64622
64620
64614
63876
63082
61357
61323
61240
61236
60766
60069
58879
58191
57669
56805
54286
339
53953
50068
51540
49917
49824
48774
48738
52241
48696
48516
47629
47423
46723
46664
45210
52281
52579
45028
52967
53000
42217
53123
41997
41863
41585
40819
40629
53894
1258
3949
1219
1732
5608
296
27773
47
1079
2542
74458
62849
48780
4226
4011
2529
1729
778
4995
2730
2959
47274
8207
2178
2109
3947
3671
4437
4712
7792
3384
4928
6229
1272
26366
3498
