4016
5445
26614
50
318
858
1610
1200
1120
1042
4121
593
293
2329
2985
2989
3160
2600
3175
2273
1617
3916
780
494
434
3499
153
7347
4023
8781
5602
4638
4223
3793
44199
1036
3994
3361
5064
1291
4011
260
377
3949
111384
6218
121231
1061
27773
1210
132046
2068
122886
107999
27611
109487
68319
2571
135518
3703
109249
70286
72998
79132
44191
588
661
628
587
529
520
357
1059
350
337
300
246
236
904
1242
186
1250
541
1259
1358
1376
364
319
306
53318
39421
7155
5984
3707
215
5
64969
3546
54290
40614
111
247
1079
1080
1089
1219
1197
1256
1172
1729
2288
2529
5662
146501
6287
1153
6713
954
8188
946
27592
914
757
30745
31658
52885
58559
67997
3176
63131
88125
2369
2692
3052
106918
3113
3260
55247
3751
3785
3893
3978
5449
4041
4351
4369
4641
4701
3676
4823
4890
5135
5349
5377
5481
5812
6281
6953
8636
65514
68954
2396
2085
59725
2012
45720
8533
6942
2942
1997
1028
4322
77455
62849
60072
47099
40148
6016
5608
2959
2542
778
117533
2361
1900
94777
78349
8369
1635
1639
1801
1954
118997
2004
1956
35836
109374
2359
3809
3301
3300
3275
3257
2641
1732
52319
80551
2082
104841
69640
8972
7458
3882
4069
5219
5507
7373
8861
8928
27904
34405
37733
48394
60684
63992
66097
66934
68157
69526
608
48780
106696
100365
4467
2968
1199
130682
111624
8623
45950
4995
37729
35957
34162
32892
7478
1955
4911
5909
47465
296
4388
1131
64957
74458
48711
4189
4612
6683
6986
27255
1258
1704
4226
69712
71057
46970
1721
47
1211
32025
31221
7376
4721
33794
47640
31878
26585
26554
8961
8874
7844
232
1176
1265
3948
4018
4973
5299
7161
8464
26662
34321
46578
56367
68358
93040
95441
97938
7090
7022
6857
8528
6985
7361
44555
3030
5618
5971
82461
104283
6754
8865
36401
104
1103
2502
52973
6539
55820
61024
76251
78209
741
924
1274
2924
2997
3265
3996
5782
5902
6350
1209
599
1232
91077
96417
95761
95558
95449
95135
94969
94959
94931
90866
96610
90531
90439
90376
90057
89804
89759
89492
89470
96588
96728
64701
99149
103449
103372
103107
102469
102194
101895
101525
101285
99114
96811
98961
98154
97923
97921
97752
97673
97304
96832
89260
88810
88235
71745
73023
72741
72720
72395
72226
72176
72131
72011
71464
88129
71108
70293
69481
67665
67429
1245
67087
66665
74324
74545
78039
78574
87304
86833
86320
85394
83976
82463
82459
82313
81932
81845
81786
81591
81562
80489
80463
79242
78653
103624
103688
105197
134859
141749
140725
140715
140174
139642
139385
137337
134881
134130
128360
133771
133645
132800
132549
132547
132458
131796
128606
142488
143385
144172
146656
111931
82152
66203
47044
138610
164979
164977
163949
163056
161582
161336
160954
158783
156387
155064
148626
148482
128512
128235
105355
111251
112556
112550
112515
112290
112183
112070
111622
111505
111249
127212
110871
107636
107141
106920
106916
106766
106100
105504
112852
113064
114254
114342
127206
127144
127114
127108
123695
123663
122882
118880
118700
117176
116797
116161
115713
115569
115139
114662
114459
64839
67255
64622
5747
6783
6643
6515
6433
6229
5956
5795
5791
5464
25805
5289
5198
5169
4928
4763
4712
4437
4327
6830
6874
6981
6983
8766
8765
8751
8584
8494
8236
8207
8195
8154
8128
8125
7926
7792
7438
7335
7243
7195
4326
4262
4103
2857
2730
2677
2330
2202
2182
2178
2109
2028
1957
1942
1935
1572
1283
1281
1273
1272
1260
2747
2920
3947
2927
3811
3789
3742
3679
3671
3634
3632
3629
3539
3498
3415
3384
3246
3111
3089
3022
2936
8767
8645
25927
56015
55442
55363
55280
55276
55269
55253
55118
55069
55063
55052
54881
54513
26150
54272
53953
53894
53123
55946
56152
52967
56286
64620
64614
63876
63082
61357
61323
61240
61236
60766
60069
58879
58191
57669
56805
56788
56782
56607
53000
54286
52579
40819
46664
52281
45028
42217
41997
41863
41585
40629
47274
39183
38304
37741
34517
31770
26366
26151
46723
45210
48774
48516
52241
51540
50068
49917
49824
48738
48696
339
47423
47629
2019
7153
5952
8795
4993
1088
6863
115617
112552
4306
2700
107649
134853
2424
106473
745
150
1517
78499
1
2174
3114
