2959
47
1610
1200
1120
1042
858
593
4121
55069
55442
1258
8645
5464
5791
7438
6874
50068
55280
8874
27773
46578
121231
5608
116161
115569
114662
114342
112852
117176
112556
112290
112183
111622
116797
4226
4641
1219
68954
296
55363
778
1729
3793
61240
61236
41997
52281
55118
56286
55052
52241
54513
55253
55269
55276
54286
51540
54272
56152
56788
53123
52967
53000
56805
54881
56782
53894
56607
1732
118700
118880
112515
2542
4973
2361
62849
247
27592
48780
2529
2288
111
5952
7153
7022
3265
3947
4928
4437
3671
26366
6229
3498
3384
7792
4712
8207
1259
2178
47274
2109
1272
55820
71745
66665
72226
72720
72131
78653
73023
72011
67087
69481
70293
71108
71464
72395
31878
111251
48394
56367
2174
112552
1079
8795
4993
74458
26585
608
2019
3949
8861
2924
7844
3996
7090
40148
318
5299
5782
8154
1209
914
2857
4327
3789
2730
67665
68157
3978
3260
5902
109374
140174
128606
115713
127114
128360
148626
146656
139385
143385
142488
133645
134130
141749
134881
137337
111384
55247
67997
4011
924
1089
50
26614
3809
88125
127108
3634
60684
107649
65514
70286
4041
1103
52973
350
76251
5377
106920
3676
6983
3632
97673
3089
106916
2927
1942
1935
106766
106100
2202
946
105355
105197
103624
103372
103107
102194
101895
1517
107141
7361
27904
109249
599
122882
134859
117533
130682
78349
8928
115617
41863
45028
46723
45210
47629
48516
48696
48738
48774
49824
49917
47423
1281
53318
46664
25927
1061
5618
5909
30745
2936
34321
93040
2997
1265
118997
1997
33794
111624
66097
40614
37733
79132
44555
4326
1273
1957
5747
4262
4103
1197
3811
1172
3679
3111
1211
5198
8128
6539
47099
2692
26554
3546
3361
105504
232
2920
3882
72998
35836
64957
97921
99149
98961
97752
97304
94959
99114
96811
96728
101525
97923
95135
96588
94931
95558
95449
98154
260
5971
97938
66934
32892
300
34162
1059
904
236
1955
661
4612
520
4016
529
246
628
1242
7478
337
3893
3114
1801
1250
4189
1956
1639
2004
186
4911
107999
47465
2012
1131
8623
2085
2369
1635
150
1954
37729
48711
1376
35957
1358
3052
45950
6857
5
6683
27611
26662
69526
71057
47640
3030
1210
82461
104283
132046
32025
31221
7376
4721
122886
6754
8865
36401
8961
2502
8528
78209
741
1274
2571
34405
68358
95441
104841
58559
52885
31658
6986
27255
8188
6713
5662
5445
8972
69640
2082
106696
80551
1256
2641
3257
3275
3300
3301
54290
5219
5507
7373
4351
135518
4701
8766
72741
72176
56015
55946
41585
40819
40629
39183
38304
37741
34517
31770
8767
8765
2182
8751
8584
8236
8125
7335
7195
6830
6515
5795
5289
5169
3539
3022
82313
107636
112070
115139
111931
82152
66203
47044
138610
164979
164977
163949
163056
161582
160954
158783
156387
155064
148482
144172
140725
140715
139642
132549
132458
131796
128235
127212
127144
123695
123663
2747
339
6953
5984
3176
45720
8533
5135
146501
5812
6281
106473
954
1153
8636
541
4823
1028
4322
1900
8369
1260
106918
4995
109487
69712
68319
7458
52319
1283
3629
7243
44191
7161
2968
3707
4467
39421
1199
2700
91077
90866
90531
90439
90376
90057
89470
89804
89759
89492
83976
85394
86320
86833
87304
88129
88235
88810
89260
3113
3785
377
357
4306
134853
2424
100365
1
2359
6350
59725
215
7155
2028
81786
2942
96832
96610
2396
63082
55063
67429
57669
58191
64839
58879
61357
60069
60766
61323
64622
64620
64614
63876
64701
94969
128512
4763
132800
7926
101285
102469
52579
112550
110871
114459
114254
113064
111505
127206
111249
133771
161336
757
53953
1176
1704
1088
3703
94777
6985
60072
46970
293
1721
8494
132547
96417
103449
95761
5956
103688
306
588
2330
319
2677
3246
1245
364
63131
77455
8464
1080
4388
4890
6863
61024
63992
78499
2068
26151
6981
1232
6783
26150
25805
3415
8195
6433
6643
3742
42217
1572
1036
6016
6942
80489
82459
81932
81845
81591
81562
74324
74545
79242
78574
82463
78039
67255
80463
3751
5481
587
5349
5064
1291
3994
6218
745
4018
4369
3948
44199
4069
64969
3160
8781
7347
5602
4638
4223
4023
3916
3499
3175
780
2989
2985
2600
2329
2273
1617
494
434
153
104
6287
5449
