858
4121
1610
1200
1120
1042
593
3793
6539
318
69640
954
541
8125
8636
3022
3361
2936
1283
7243
3629
5299
2028
111384
121231
1061
105504
106696
34321
8874
2068
118997
35836
31878
63131
1028
1265
7161
115617
46970
94777
56367
6218
64969
6350
4018
6863
66934
3114
520
4823
1956
4890
5135
1954
5349
5377
529
5481
1801
377
4701
1639
357
1635
1517
1376
5812
1250
1358
6281
6953
2004
4641
65514
3751
3113
3052
2700
3260
628
2692
1242
661
1259
2396
2369
4369
3785
904
587
3893
2085
3978
2012
4016
4306
4351
1059
135518
88125
1197
1272
1260
1245
1232
1211
1209
1172
319
1153
946
914
757
146501
588
1273
1281
1572
1935
1942
1957
2109
2178
2182
2202
2330
2677
2730
2747
2857
2920
2927
364
306
107649
8369
6016
1
117533
1900
78349
70286
106918
39421
55247
300
5449
3676
106473
44191
40148
47099
60072
77455
78499
4322
1088
1997
2942
6942
8533
45720
59725
3176
3707
5984
7155
337
2288
246
3300
27904
7373
5507
5219
4069
3301
3275
6754
3257
2641
2359
80551
2082
104841
34405
60684
63992
66097
68319
69526
69712
71057
47640
6985
7361
44555
3030
5618
5971
82461
104283
8972
7458
5445
1199
1955
7478
32892
34162
35957
37729
45950
100365
150
2174
8623
107999
111624
130682
2968
52319
4467
4911
5909
47465
4388
1131
64957
48711
4189
4612
6683
6986
27255
109487
132046
8865
236
93040
247
40614
54290
134853
97938
95441
72998
36401
68358
27611
26662
26614
8464
3948
1080
1256
3111
3546
5662
6287
6713
8188
27592
30745
31658
52885
58559
67997
5
186
215
2424
1210
1176
5782
104
2502
8528
61024
76251
78209
741
924
1274
2571
2924
2997
3265
3996
5902
232
6857
7022
7090
7844
8961
26554
26585
33794
1721
122886
4721
31221
32025
50
3089
599
3246
96610
97921
97752
97673
97304
96832
96811
96728
96588
98154
96417
95761
95558
95449
95135
94969
94959
97923
98961
107141
103449
106916
106766
106100
105355
105197
103688
103624
103372
99114
103107
102469
102194
101895
101525
101285
99149
94931
91077
90866
79242
81932
81845
81786
81591
81562
80489
80463
78653
90531
78574
78039
74545
74324
73023
72741
72720
82313
82459
82463
83976
90439
90376
90057
89804
89759
89492
89470
89260
88810
88235
88129
87304
3384
86320
85394
106920
107636
72226
137337
142488
141749
140725
140715
140174
139642
139385
134881
144172
134859
134130
133771
133645
132800
132549
132547
143385
146656
110871
163949
111931
82152
66203
47044
138610
164979
164977
163056
148482
161582
161336
160954
158783
156387
155064
148626
132458
131796
128606
112550
114459
114342
114254
113064
112852
112556
112552
112515
128512
112290
112183
112070
111622
111505
111251
111249
114662
115139
115569
115713
128360
128235
127212
127206
127144
127114
127108
123695
123663
122882
118880
118700
117176
116797
116161
72395
86833
47629
8767
34517
31770
26366
26151
26150
25927
25805
8766
38304
8765
8751
8584
8494
8236
8207
8195
37741
39183
51540
47274
49824
48774
48738
48696
48516
72176
47423
46723
40629
46664
45210
45028
42217
41863
41585
40819
8154
8128
7926
3789
4437
4327
4326
4262
4103
3947
3811
3742
7792
3679
3671
3634
3632
3539
3498
3415
4712
4763
4928
5169
7335
7195
6983
6981
6830
6783
6643
6515
6433
6229
5956
5795
5747
5289
5198
49917
339
55946
53953
55276
55269
55253
55118
67087
55063
67255
67429
67665
55052
54881
69481
54513
70293
61323
71108
54286
66665
64839
64701
56788
63082
60766
60069
58879
58191
57669
56805
56782
64622
56607
56286
63876
64614
56152
56015
64620
54272
61357
53123
71745
72011
53000
71464
52579
52967
53894
72131
52241
293
5064
1291
745
3994
1036
44199
3499
4023
3916
153
4223
4638
5602
7347
8781
3175
3160
780
2989
2985
434
494
2600
2329
2273
1617
260
4973
68157
109374
1089
109249
8928
37733
3882
5952
7153
55820
111
3809
8795
4993
46578
53318
3949
1219
350
2019
7376
52973
4041
1103
27773
79132
1704
2361
1258
608
3703
47
2542
5608
8861
1079
74458
296
48394
62849
68954
4995
48780
4011
4226
778
1729
52281
41997
61236
61240
55069
55442
55363
1732
2959
50068
7438
5464
8645
55280
5791
6874
2529
