8154
1209
1721
914
357
4327
3789
2857
3634
599
59725
2424
6942
63992
27773
186
5
67997
58559
52885
31658
30745
3707
27592
236
8188
6713
6287
5662
3546
2529
2288
215
300
246
904
1517
1376
1358
1259
1250
1242
1059
661
1256
628
587
529
520
306
350
337
1729
1089
1219
4018
27611
26662
26614
8464
7161
5299
4973
3948
46578
2068
1265
319
1210
1176
318
232
34321
56367
1639
118997
1080
1079
247
111
40614
54290
134853
115617
68358
109374
109249
106696
97938
95441
93040
72998
1635
1954
1801
106918
117533
2361
1900
94777
78349
70286
8369
55247
778
5449
3676
7155
106473
44191
3703
39421
1
5984
88125
78499
64969
63131
45720
8533
1997
1028
4322
77455
2542
62849
60072
47099
40148
6016
5608
2959
107649
68954
3176
2700
3785
3751
3361
3260
3114
3113
3052
2692
3978
2396
2369
47
2085
2012
2004
1956
3893
4016
65514
5349
8636
53318
6953
6281
5812
5481
5377
5135
4041
4890
4823
4701
4641
4369
4351
4306
50
32025
35836
3257
5507
5219
4069
3882
3809
3301
3300
3275
2641
5445
2359
1732
1061
80551
2082
104841
69640
8972
7373
8861
8928
27904
3030
44555
7361
6985
47640
46970
71057
69712
69526
68319
68157
66934
66097
60684
48394
37733
34405
7458
608
5971
8623
5909
4911
4467
2968
1199
130682
111624
107999
150
52319
100365
45950
37729
35957
34162
32892
7478
1955
47465
296
4388
1131
121231
109487
79132
48780
4995
4226
1704
1258
260
27255
6986
6683
4612
4189
48711
74458
64957
5618
82461
541
924
4993
3996
3265
2997
2924
2571
2019
1274
741
4023
44199
8781
7347
6218
5602
5064
4638
4223
5782
5902
5952
6350
31221
7376
4721
122886
33794
31878
26585
26554
8961
8874
8795
7844
7153
7090
7022
6857
6539
4121
4011
104283
55820
593
494
434
293
153
78209
76251
61024
52973
3994
8528
2502
1103
104
36401
8865
6754
132046
745
780
858
1036
3949
3916
3793
3499
3175
3160
2989
2985
2600
2329
2273
1617
1610
1291
1200
1120
1042
364
135518
588
94969
96728
96610
96588
96417
95761
95558
95449
95135
94959
89492
94931
91077
90866
90531
90439
90376
90057
89804
96811
96832
97304
97673
103688
103624
103449
103372
103107
102469
102194
101895
101525
101285
99149
99114
98961
98154
97923
97921
97752
89759
89470
146501
72176
78039
74545
74324
73023
72741
72720
72395
72226
72131
89260
72011
71745
71464
71108
70293
69481
67665
67429
78574
78653
79242
80463
88810
88235
88129
87304
86833
86320
85394
83976
82463
82459
82313
81932
81845
81786
81591
81562
80489
105197
105355
105504
134881
142488
141749
140725
140715
140174
139642
139385
137337
134859
106100
134130
133771
133645
132800
132549
132547
132458
131796
143385
144172
146656
148482
111931
111384
82152
66203
47044
138610
164979
164977
163949
163056
161582
161336
160954
158783
156387
155064
148626
128606
128512
128360
114254
112852
112556
112550
112515
112290
112183
112070
111622
111505
111251
111249
110871
107636
107141
106920
106916
106766
113064
114342
128235
114459
127212
127206
127144
127114
127108
123695
123663
122882
118880
118700
117176
116797
116161
115713
115569
115139
114662
67255
67087
66665
5956
6874
6830
6783
6643
6515
6433
6229
5795
25927
5791
5464
5289
5169
4928
4763
4712
6981
6983
7195
7243
8767
8766
8765
8751
8645
8584
8494
64839
8207
8195
8125
7926
7792
7438
7335
4437
3947
3742
2182
2109
2028
1942
1935
1572
1283
1281
1272
1260
1245
1232
1153
954
946
757
2178
2202
3671
2330
3632
3629
3539
3498
3415
3384
3246
3089
3022
2936
2927
2920
2747
2730
2677
25805
8236
26150
53894
56152
56015
55946
55442
55363
55280
55276
55269
55253
55118
55069
55063
55052
54881
54513
26151
54272
56286
56607
56782
61323
64701
64622
64620
64614
63876
63082
61357
61240
56788
61236
60766
60069
58879
58191
57669
56805
53953
54286
53123
41863
47629
47423
47274
46723
45210
45028
42217
41997
41585
48696
40819
40629
39183
38304
37741
34517
31770
26366
48516
46664
48738
50068
53000
52967
52579
52241
51540
52281
49917
49824
48774
339
6863
112552
2174
2942
1088
1211
4262
4103
4326
3811
1172
1197
3679
5747
8128
1957
1273
3111
5198
377
