608
1079
3629
7243
1283
2396
4712
4437
50
3947
6229
3671
3498
3384
47274
4928
26614
2109
8207
2178
7792
1272
26366
2028
2730
954
8125
3022
541
350
1103
52973
4041
3809
52281
41997
2936
109249
4890
293
4973
778
1729
55820
8928
48394
1732
37733
3882
46578
109374
2959
2542
296
2202
2927
6983
1935
3089
946
1942
3632
1281
2920
25927
46664
1265
2068
1617
1242
1200
2273
2329
42217
4103
8128
1120
2985
26151
26150
1042
858
25805
1250
780
8195
593
494
2600
4121
2989
3160
3811
6433
3742
3679
6643
434
6783
3415
904
3111
4262
6981
4326
8781
7347
5198
4638
5747
4223
4023
3916
3499
3175
5602
1610
153
3361
1957
1955
1172
1197
1572
1273
1211
1232
1956
111
2019
6218
4993
8795
44199
140715
127212
164979
72176
3539
140725
72741
34517
164977
123663
112070
123695
2747
127144
107636
128235
55946
8584
131796
82313
132458
132549
148482
139642
3793
6985
2330
2677
3246
1245
588
306
319
364
1036
5299
3994
745
2361
1291
5064
127108
4011
115617
63131
3949
7161
1210
34321
318
134853
46970
215
118997
64969
35836
1258
6350
260
5971
4018
6863
6539
79132
111624
60684
55247
8874
31878
6942
56367
66934
529
300
5812
587
5349
5481
5377
88125
520
6281
6953
377
357
3703
8636
107649
337
68954
65514
4016
628
3785
1801
2004
2012
2085
1639
2369
2700
3052
3113
3114
3751
1635
1517
5135
3893
1376
1358
1259
4306
1059
4351
4369
4641
4701
661
4823
246
135518
236
27904
104841
2082
80551
2359
2641
3257
3275
3300
3301
4069
5219
5507
7373
8861
34405
8972
63992
66097
68157
68319
69526
69712
71057
47640
7361
44555
3030
5618
82461
104283
69640
7458
186
4911
7478
32892
34162
35957
37729
45950
100365
150
2174
8623
107999
1199
2968
4467
5909
5445
47465
4388
64957
74458
48711
4189
4612
6683
6986
27255
1704
4995
121231
52319
132046
6754
8865
1256
8464
26662
27611
68358
72998
93040
95441
97938
106696
54290
40614
247
1080
1219
2288
36401
2529
3546
5662
6287
6713
8188
27592
27773
30745
31658
52885
58559
67997
5
106473
3948
2424
1176
104
2502
8528
61024
76251
78209
741
1274
2571
2924
2997
3265
3996
5782
6857
7022
7090
7844
8961
26554
26585
33794
1721
122886
4721
7376
31221
32025
232
44191
599
3676
71464
96728
96610
96588
96417
95761
95558
95449
95135
94969
94959
94931
91077
90866
90531
90439
96811
96832
97304
101285
103372
103107
102469
102194
101895
101525
99149
97673
99114
98961
98154
97923
97921
97752
90376
90057
89804
74545
80489
80463
79242
78653
78574
78039
74324
81591
73023
72720
72395
72226
72131
5449
81562
81786
89759
87304
89492
89470
89260
88810
88235
88129
86833
81845
86320
85394
83976
82463
82459
81932
103449
103624
103688
134859
142488
141749
140174
139385
137337
134881
134130
144172
133771
133645
132800
132547
128606
128512
143385
146656
127206
163949
111931
111384
82152
66203
47044
138610
163056
148626
161582
161336
160954
158783
156387
155064
128360
127114
105197
110871
112290
112183
111622
111505
111251
111249
107141
112550
106920
106916
106766
106100
105504
105355
112515
112552
122882
115569
118880
118700
117176
116797
116161
115713
115139
112556
114662
114459
114342
114254
113064
112852
71745
72011
38304
5464
6874
6830
6515
5956
5795
5791
5289
7335
5169
4763
4327
3789
3634
2857
7195
7438
45028
8767
41585
40819
40629
39183
37741
31770
8766
7926
8765
8751
8645
8494
8236
8154
2182
1260
1209
5608
77455
62849
60072
47099
40148
6016
1
1153
117533
1900
78349
70286
8369
106918
78499
4322
1028
1088
2942
8533
45720
59725
3176
3707
5984
7155
39421
53318
146501
757
914
41863
339
45210
57669
61240
61236
60766
60069
58879
58191
56805
55363
56788
46723
56607
56286
56152
56015
61323
61357
63082
63876
64614
64620
64622
64701
64839
66665
67087
67255
67429
67665
69481
70293
71108
55442
56782
55280
52579
48696
48516
53894
53123
53000
52967
52241
54286
51540
50068
49917
49824
48774
48738
54272
53953
55069
47629
54513
54881
55052
55276
55063
55269
55253
47423
55118
47
130682
109487
1089
48780
4226
94777
1061
1997
1954
924
5952
7153
1131
5902
3978
3260
2692
