300
150
3114
2424
593
4121
50
587
1610
1200
377
1120
26614
1042
858
318
3793
3361
111384
121231
1061
27773
1956
1517
1376
1358
1259
1635
1250
1639
1801
1954
135518
2004
2012
2085
1059
2369
2396
2692
2700
3052
3113
3260
3751
3785
3893
1242
520
904
6713
5662
3546
2529
2288
1256
1219
1080
247
111
40614
54290
134853
118997
115617
109374
6287
8188
661
27592
628
529
4016
357
350
337
246
236
186
5
67997
58559
52885
31658
30745
3978
4351
4041
541
39421
7155
5984
3707
3176
64969
63131
59725
45720
8533
6942
6863
2942
1997
1088
1028
4322
53318
146501
4306
757
1942
1935
1572
1283
1281
1273
1272
1260
1232
1211
1209
1197
1172
1153
954
946
914
78499
77455
62849
60072
88125
68954
65514
8636
6953
6281
5812
5481
5377
5349
5135
4890
4823
4701
4641
4369
106696
107649
3703
44191
1900
47099
40148
6016
5608
1
117533
2361
94777
106473
78349
70286
8369
106918
55247
5449
3676
109249
34321
97938
2359
3882
3809
3301
3300
3275
3257
2641
80551
95441
2082
104841
69640
8972
7458
5445
608
4069
5219
5507
7373
46970
71057
69712
69526
68319
66934
66097
63992
60684
48394
37733
34405
27904
8928
8861
52319
109487
79132
4911
2968
1199
130682
111624
107999
8623
2174
100365
45950
37729
35957
34162
32892
7478
1955
4467
5909
48780
47465
4995
4226
1704
1258
260
27255
6986
6683
4612
4189
48711
74458
64957
1131
4388
47640
6985
7361
1176
47
35836
32025
31221
7376
4721
122886
1721
33794
31878
26585
26554
8961
8874
8795
232
1210
7153
1265
93040
72998
68358
56367
46578
2109
27611
26662
8464
7161
5299
4973
4018
3948
2068
7844
7090
44555
76251
55820
52973
8528
2502
1103
104
36401
8865
6754
132046
104283
82461
5971
5618
3030
61024
78209
7022
741
6857
6539
6350
5952
5902
5782
4993
3996
3265
2997
2924
2571
2019
1274
924
1957
599
78574
90057
94959
94931
91077
90866
90531
90439
90376
89804
95135
89759
89492
89470
89260
88810
88235
88129
94969
95449
86833
146656
140715
140725
96811
141749
142488
143385
144172
148482
95558
148626
155064
96728
96610
96588
96417
95761
87304
86320
127114
71108
72395
72226
72176
72131
72011
71745
71464
70293
72741
69481
67665
67429
67255
67087
66665
64839
72720
73023
85394
81591
83976
82463
82459
82313
81932
81845
81786
81562
74324
80489
80463
79242
78653
2178
78039
74545
140174
139642
139385
111251
112515
112290
112183
112070
127144
111622
111505
111249
112552
110871
107636
107141
106920
106916
106766
106100
112550
112556
96832
116161
123695
123663
122882
118880
118700
117176
116797
115713
112852
115569
115139
114662
114459
114342
114254
113064
105504
105355
105197
132547
97923
131796
97921
97752
97673
132458
97304
132549
103688
132800
133645
133771
134130
134859
134881
137337
128606
128512
98154
128360
103624
103449
103372
103107
102469
102194
101895
101525
101285
99149
99114
98961
127206
127212
128235
64701
64622
64620
6229
6783
6643
161336
161582
163056
6515
6433
5956
6874
5795
5791
5747
5464
5289
5198
5169
6830
6981
4763
8154
8751
8645
8584
8494
8236
8207
8195
8128
6983
8125
7926
7792
7438
7335
7243
7195
4928
4712
64614
66203
3384
47044
3111
3089
3022
2936
2927
2920
3498
2857
2747
2730
82152
111931
2202
2182
3415
3539
4437
3742
4327
4326
4262
4103
3947
3811
3789
3679
3629
3671
3634
163949
164977
164979
3632
138610
8765
8766
8767
55269
56152
56015
55946
55442
55363
55280
55276
55253
25805
55118
55069
55063
55052
54881
54513
54286
56286
56607
56782
56788
63876
156387
63082
158783
61357
61323
160954
61240
61236
60766
60069
58879
58191
57669
56805
54272
53953
53894
39183
45028
42217
41997
41863
41585
40819
40629
38304
53123
37741
34517
31770
26366
26151
26150
25927
45210
46664
46723
47274
53000
52967
52579
52281
52241
51540
50068
49917
49824
48774
48738
48696
48516
47629
47423
127108
1732
215
2028
1079
2542
2959
319
2330
2677
1245
3246
588
364
306
68157
1089
778
1729
293
6218
3949
296
339
4011
5064
1291
745
3994
1036
44199
2985
434
494
780
1617
2273
2329
2600
3160
2989
3175
8781
7347
3499
5602
3916
4638
153
4023
4223
