2959
296
4226
44199
780
153
3916
3499
3175
3160
2989
4638
2985
2600
2329
2273
1617
494
4223
4023
5602
7347
434
8781
318
778
1729
4011
5608
3949
47
1089
2542
46723
45210
45028
47423
47629
48516
48696
48738
41863
49917
48774
49824
46578
48780
1036
3994
1219
2529
745
260
7361
1079
5064
1291
68157
62849
1704
4121
1200
1610
593
858
1042
1120
27773
74458
44555
79132
6218
1732
47099
2997
4995
1258
293
3361
3793
2692
5782
111384
121231
26554
93040
1061
2288
88125
27592
5299
7161
608
67997
3809
130682
1210
48394
55247
1997
115617
109249
2019
132046
2068
4973
66097
122886
8928
107999
109374
27611
109487
68319
134853
2571
135518
3703
70286
72998
529
64969
357
377
520
3176
3707
186
59725
5984
587
628
7155
661
904
1059
63131
350
1250
6863
5
58559
52885
31658
30745
215
2942
6942
6713
236
8533
8188
246
45720
300
337
1242
117533
1259
6281
4041
4306
4351
4369
4641
4701
4823
4890
5135
5349
5377
5481
5812
6953
1358
8636
65514
68954
107649
44191
106473
3676
5449
106918
8369
78349
94777
1900
4016
3978
3893
3785
1376
1517
1635
1639
1801
1954
1956
2004
2012
2085
1088
1028
4322
78499
2361
60072
40148
6016
1
2369
2396
2700
3052
3113
3114
3260
3751
77455
35836
6287
82461
104841
2082
80551
2359
2641
3257
3275
3300
3301
3882
4069
5219
5507
7373
8861
27904
34405
37733
60684
63992
66934
69526
69712
71057
46970
47640
6985
3030
5618
69640
8972
7458
2968
1955
7478
32892
34162
35957
37729
45950
100365
150
2174
8623
111624
1199
4467
5445
4911
5909
47465
4388
1131
64957
48711
4189
4612
6683
6986
27255
52319
5971
104283
5662
6754
33794
1721
4721
7376
31221
32025
53318
232
1176
1265
2424
3948
4018
8464
26662
34321
56367
68358
95441
97938
106696
118997
54290
40614
111
247
1080
1256
3546
31878
26585
8961
1274
8865
36401
104
1103
2502
8528
52973
55820
61024
76251
78209
741
924
2924
8874
3265
3996
4993
5902
5952
6350
6539
6857
7022
7090
7153
7844
8795
39421
599
306
94969
96728
96610
96588
96417
95761
95558
95449
95135
94959
105355
94931
91077
90866
90531
90439
90376
90057
89804
96811
96832
97304
97673
103688
103624
103449
103372
103107
102469
102194
101895
101525
101285
99149
99114
98961
98154
97923
97921
97752
89759
89492
89470
78653
78039
74545
74324
73023
72741
72720
72395
72226
72176
72131
72011
71745
71464
71108
70293
69481
67665
78574
79242
89260
80463
88810
88235
88129
87304
86833
86320
85394
83976
82463
82459
82313
81932
81845
81786
81591
81562
80489
105197
105504
319
134859
141749
140725
140715
140174
139642
139385
137337
134881
134130
106100
133771
133645
132800
132549
132547
132458
131796
128606
142488
143385
144172
146656
111931
82152
66203
47044
138610
164979
164977
163949
163056
161582
161336
160954
158783
156387
155064
148626
148482
128512
128360
128235
113064
112556
112552
112550
112515
112290
112183
112070
111622
111505
111251
111249
110871
107636
107141
106920
106916
106766
112852
114254
127212
114342
127206
127144
127114
127108
123695
123663
122882
118880
118700
117176
116797
116161
115713
115569
115139
114662
114459
67429
67255
67087
3789
4712
4437
4327
4326
4262
4103
3947
3811
3742
66665
3679
3671
3634
3632
3629
3539
3498
3415
4763
4928
5169
5198
7243
7195
6983
6981
6874
6830
6783
6643
6515
6433
6229
5956
5795
5791
5747
5464
5289
3384
3246
3111
1281
1272
1260
1245
1232
1211
1209
1197
1172
1153
954
946
914
757
146501
588
541
364
1273
1283
3089
1572
3022
2936
2927
2920
2857
2747
2730
2677
2330
2202
2182
2178
2109
2028
1957
1942
1935
7335
7438
7792
7926
56286
56152
56015
55946
55442
55363
55280
55276
55269
55253
55118
55069
55063
55052
54881
54513
54286
56607
56782
56788
61357
64839
64701
64622
64620
64614
63876
63082
61323
56805
61240
61236
60766
60069
58879
58191
57669
54272
53953
53894
31770
26151
26150
25927
25805
8767
8766
8765
8751
8645
8584
8494
8236
8207
8195
8154
8128
8125
53123
26366
34517
47274
53000
52967
52579
52281
52241
51540
50068
46664
42217
41997
41585
40819
40629
39183
38304
37741
339
26614
50
