80463
74545
82463
82459
81932
81845
81591
81562
80489
74324
79242
67255
78574
78039
78499
7153
5952
1245
3246
2330
2677
319
364
588
306
79132
593
1120
1200
1610
4121
1042
858
2959
74458
4993
8795
2028
4226
5902
3260
3978
1
924
77455
5608
2019
55442
55069
47
1258
55820
215
296
1079
6539
3793
48394
260
53894
53123
54286
56805
54881
54513
51540
56788
55052
56286
52967
56152
55276
55269
56607
55253
55118
53000
56782
52241
54272
88125
56367
1704
5747
58559
3111
3811
4103
4262
4326
5198
8128
3679
1957
1273
1211
1197
1172
52281
41997
2571
1732
49917
49824
48774
48696
47423
48738
46723
48516
47629
41863
45028
45210
1265
1219
35836
48780
1729
778
72998
26585
5464
5791
6874
7438
50068
8645
55280
132046
7022
3265
4995
150
2529
1283
3629
7243
115617
68157
5299
134853
1210
4306
8636
68358
1259
8961
377
608
33794
61240
61236
55363
69640
70286
3114
44555
47099
31878
4973
1103
4041
52973
350
27611
2068
8874
2361
3809
27773
34321
3022
541
954
8125
62849
293
46578
118997
109249
135518
66097
55247
94777
2288
2936
5782
2396
5445
904
7844
7090
3996
2924
5349
2085
1242
3948
63131
53318
40614
109487
60684
27592
111624
7161
46970
78349
37733
3882
52319
7458
64969
109374
34405
7361
4890
6350
60072
8928
1176
105504
122886
6863
65514
106696
5971
66665
73023
72720
72395
72226
71464
71108
72131
72011
71745
69481
78653
70293
67087
66934
67997
107999
2692
106473
1028
1250
69712
64957
68319
26614
50
130682
67665
1997
76251
5481
106918
6986
2082
7376
27255
3676
4721
247
8528
4823
6857
1274
741
78209
6683
61024
6281
5812
5135
8972
104841
8369
48711
4612
37729
97938
4322
1955
7478
32892
26662
8464
34162
6016
35957
45950
4189
100365
8623
54290
5909
4388
1900
1131
32025
80551
31221
4701
52885
2359
31658
1635
1376
1358
3546
95441
5662
6713
1059
8188
661
3030
628
529
520
69526
71057
30745
337
300
246
236
47640
6985
186
5
1801
1956
5618
4069
4369
4351
2641
3257
3275
4016
3300
3301
3893
3785
36401
5219
82461
5507
7373
8861
3113
8865
6754
2369
1256
104283
2004
27904
4641
599
90531
67429
72741
128235
127212
82313
127144
83976
85394
86320
86833
127114
127108
87304
88129
88235
88810
89260
89470
89492
89759
123695
89804
90057
90376
72176
64839
90439
64701
42217
46664
132547
132458
47274
131796
128606
128360
55063
55946
56015
57669
58191
58879
60069
60766
61323
61357
63082
63876
64614
64620
64622
123663
117176
102194
112852
112290
98154
112183
112070
111622
111251
107636
98961
107141
106920
106916
106766
106100
105355
105197
103688
103624
99114
103449
99149
103372
101525
103107
112556
114342
90866
114662
91077
94931
94959
116797
95135
95449
95558
95761
96417
96588
96610
96728
96811
116161
96832
97304
97673
97752
97921
97923
115713
115569
115139
41585
40819
40629
160954
156387
1942
155064
2109
2178
148626
2182
2202
148482
146656
2747
2857
144172
2927
3089
3384
3415
3498
3539
3632
143385
3671
3742
158783
1935
142488
1572
111931
8533
45720
82152
3176
66203
47044
5984
138610
164979
164977
146501
163949
163056
914
946
1153
1209
1232
1260
1272
1281
161582
3789
141749
39183
8766
7792
8154
133645
8195
8207
8236
8494
8584
8751
8765
8767
3947
25805
25927
26150
26151
26366
31770
34517
37741
132549
38304
134130
7335
7195
139385
4327
4437
140725
140715
4712
140174
4928
5169
139642
5289
5795
5956
6983
137337
6229
134881
6433
6515
6643
6783
6830
6981
101895
1061
121231
1088
111384
112552
117533
107649
4018
3361
3634
2424
2920
2730
118700
112515
118880
122882
134859
81786
4911
4467
47465
1199
2968
44191
318
6287
53953
128512
52579
127206
132800
7926
133771
1517
1639
4763
94969
6953
161336
5449
2174
757
2700
339
110871
114254
111249
111505
104
101285
112550
113064
102469
114459
7155
3703
3949
111
1089
63992
2942
6942
93040
2542
26554
40148
39421
232
6218
2997
587
3052
2012
3751
1291
4011
59725
1036
68954
44199
1721
1954
2502
1080
3994
745
5064
5377
357
3707
7347
494
153
8781
5602
780
434
4638
3499
4223
3916
1617
2273
2329
2600
2985
2989
3160
3175
4023
