1704
4995
5608
593
1610
4121
1200
1120
1042
858
2959
1219
3949
1176
4226
3793
79132
111
296
50
26614
2502
1639
1258
47
2361
293
1729
778
1089
68157
1732
2542
1079
357
350
337
246
236
215
186
300
135518
377
67997
520
529
587
628
661
904
1059
1242
1250
1259
1358
1376
1517
5
3546
58559
115617
109249
106696
97938
95441
93040
72998
68358
56367
46578
34321
27611
26662
8464
7161
5299
109374
118997
52885
134853
31658
30745
27773
27592
8188
6713
6287
5662
2529
2288
1256
1080
247
40614
54290
1635
2369
1801
1997
1028
4322
78499
77455
62849
60072
47099
40148
6016
1
117533
1900
94777
78349
70286
8369
106918
1088
2942
5449
6863
757
146501
588
541
364
319
306
53318
39421
7155
5984
3707
3176
64969
63131
45720
8533
55247
3676
1954
4306
4016
3978
3893
3785
3751
3361
3260
3114
3113
3052
2700
2692
4018
2085
2012
2004
1956
4041
4351
106473
4369
44191
3703
107649
88125
68954
65514
8636
6953
6281
5812
5481
5377
5349
5135
4823
4701
4641
4973
31221
3948
3300
7373
5507
5219
4069
3882
3809
3301
3275
8928
3257
2641
2359
1061
80551
2082
104841
8861
27904
8972
71057
5618
3030
44555
7361
6985
47640
46970
69712
34405
69526
68319
66934
66097
60684
48394
37733
69640
7458
82461
150
2968
1199
130682
111624
107999
8623
2174
100365
4911
45950
37729
35957
34162
32892
7478
1955
4467
5909
5445
6986
608
52319
121231
109487
48780
260
27255
6683
47465
4612
4189
48711
74458
64957
1131
4388
5971
104283
2068
4993
7022
6857
6539
6350
5952
5902
5782
3996
7153
3265
2997
2924
2571
2019
1274
924
7090
7844
44199
7376
1265
1210
318
232
35836
32025
946
4721
8795
122886
33794
31878
26585
26554
8961
8874
741
8781
132046
61024
780
745
494
434
153
78209
76251
55820
1291
52973
8528
1103
104
36401
8865
6754
1036
1617
7347
3994
6218
5602
5064
4638
4223
4023
4011
3916
2273
3499
3175
3160
2989
2985
2600
2329
914
599
954
94959
96610
96588
96417
95761
95558
95449
95135
94969
94931
96811
91077
90866
90531
90439
90376
90057
89804
89759
96728
96832
1153
101525
103688
103624
103449
103372
103107
102469
102194
101895
101285
97304
99149
99114
98961
98154
97923
97921
97752
97673
89492
89470
89260
72131
74545
74324
73023
72741
72720
72395
72226
72176
72011
88810
71745
71464
71108
70293
69481
67665
67429
67255
78039
78574
78653
79242
88235
88129
87304
86833
86320
85394
83976
82463
82459
82313
81932
81845
81786
81591
81562
80489
80463
105197
105355
105504
134881
142488
141749
140725
140715
140174
139642
139385
137337
134859
128512
134130
133771
133645
132800
132549
132547
132458
131796
143385
144172
146656
148482
111931
111384
82152
66203
47044
138610
164979
164977
163949
163056
161582
161336
160954
158783
156387
155064
148626
128606
128360
106100
111622
112852
112556
112552
112550
112515
112290
112183
112070
111505
128235
111251
111249
110871
107636
107141
106920
106916
106766
113064
114254
114342
114459
127212
127206
127144
127114
127108
123695
123663
122882
118880
118700
117176
116797
116161
115713
115569
115139
114662
67087
66665
64839
4763
5795
5791
5747
5464
5289
5198
5169
4928
4712
8494
4437
4327
4326
4262
4103
3947
3811
3789
5956
6229
6433
6515
64701
8195
8154
8128
8125
7926
7792
7438
7335
7243
7195
6983
6981
6874
6830
6783
6643
3742
3679
3671
2182
2109
2028
1957
1942
1935
1572
1283
1281
1273
1272
1260
1245
1232
1211
1209
1197
1172
2178
2202
3634
2330
3632
3629
3539
3498
3415
3384
3246
3111
3089
3022
2936
2927
2920
2857
2747
2730
2677
8236
8207
8584
55069
55946
55442
55363
55280
55276
55269
55253
55118
55063
52967
55052
54881
54513
54286
54272
53953
53894
53123
56015
56152
56286
56607
64622
64620
64614
63876
63082
61357
61323
61240
61236
60766
60069
58879
58191
57669
56805
56788
56782
8645
53000
52579
41997
41585
52281
40629
39183
38304
37741
34517
31770
26366
26151
26150
25927
25805
8767
8766
8765
8751
41863
40819
42217
47629
52241
51540
50068
49917
49824
48774
48738
48696
45028
48516
47423
47274
46723
46664
45210
339
63992
6942
2424
59725
1721
4890
2396
