146656
139385
148626
143385
142488
141749
140174
128606
115713
137337
134881
134130
133645
127114
128360
5952
7153
8795
4993
2959
4226
79132
122882
134859
127108
48780
61240
61236
55280
50068
5464
5791
8645
7438
6874
2019
4011
2571
55069
55442
5902
3260
3978
41997
52281
70286
2529
55363
34405
5608
62849
8874
66934
60684
111622
112290
112556
112852
114342
114662
112183
115569
116161
116797
117176
74458
132046
96728
94959
95135
95449
95558
96588
97752
96811
97304
101525
99149
99114
98961
98154
94931
97923
97921
296
924
47
1729
778
63876
64701
55063
64622
64620
57669
60766
60069
64614
58879
63082
61357
61323
58191
64839
67429
48516
48696
49824
47629
47423
46723
45210
45028
41863
49917
48774
48738
112552
1732
68157
44199
48394
1704
112515
118700
118880
44191
4995
7361
2542
111251
3949
134853
1219
96832
96610
27773
1089
58559
101895
97673
107141
102194
103107
103372
103624
104841
105197
105355
106100
106920
106916
106766
68954
1210
2997
72998
46578
4973
27611
1258
1079
109374
1199
44555
56367
1265
4388
135518
47099
40148
78574
81845
80463
79242
81562
81932
82459
82463
67255
81591
78039
74545
74324
80489
5782
2692
8861
93040
26554
94777
118997
3629
7243
1283
31878
61024
3030
117533
2028
260
52241
52967
53000
51540
54272
53123
53894
54286
56152
55269
56607
56788
56805
56286
54513
55276
56782
55118
55253
54881
55052
5299
109487
2600
2329
2273
2989
3916
7347
4023
4223
2985
3160
4638
1617
5602
8781
780
3499
153
434
494
3175
3809
122886
27592
26614
33794
2502
50
76251
27904
3793
34321
52319
77455
247
293
67997
7458
1176
35836
2361
105504
1036
97938
745
78349
1610
593
1042
1120
4121
1200
858
64957
6539
78499
111624
5064
1291
2359
2174
608
8928
53318
106696
69712
109249
3994
1088
111
1250
88125
2288
1028
6942
6218
5971
130682
1997
66097
55820
236
5
186
100365
246
357
150
337
52885
215
8528
300
45950
1259
37729
2369
1801
1954
1956
2004
2012
2085
2396
1635
78209
2700
3052
3113
1955
3114
1639
1517
35957
661
377
520
34162
529
587
628
904
1376
1059
32892
1242
7478
30745
1358
31658
3361
8623
8188
1721
26585
5618
8961
7844
121231
7090
7022
6857
8972
69640
3996
3265
2924
2082
80551
1274
1061
741
3257
3275
3300
3301
4069
5219
63992
71057
47640
6985
4721
104283
7376
36401
6713
6287
5662
3546
1256
2968
4467
1080
4911
54290
5909
104
47465
95441
31221
8865
1131
6754
48711
4189
26662
8464
4612
6683
6986
318
27255
32025
3948
599
3751
8584
7195
7335
7792
3785
8128
8154
8195
8207
8236
8494
8751
3671
8765
8766
8767
25805
25927
26150
26151
26366
31770
34517
6983
6981
6830
6783
3742
3789
3811
3947
4103
4262
4326
4327
4437
4712
4928
5169
5198
5289
5747
5795
5956
6229
6433
6515
6643
37741
38304
39183
132458
132549
139642
140715
140725
144172
148482
155064
156387
158783
160954
161582
163056
163949
164977
164979
138610
47044
66203
82152
111384
111931
132547
131796
40629
128235
40819
41585
42217
46664
47274
55946
56015
72176
72741
82313
95761
96417
103449
103688
107636
112070
115139
123663
123695
127144
127212
3679
8125
339
946
319
364
541
588
146501
5812
914
954
39421
1153
1172
1197
1209
1211
5481
1232
306
7155
3632
3676
2942
4322
60072
6016
1900
8369
5449
106473
5984
107649
65514
8636
3176
6953
6281
3707
1245
1260
5377
3022
4641
4369
4351
4306
4016
2927
2936
3089
1272
3893
3111
3246
3384
3415
3498
3539
4701
2857
2747
4823
1273
1281
1572
5349
1935
1942
1957
5135
2109
2178
2182
2202
2330
2677
4890
8533
3634
2920
2730
111249
101285
102469
110871
111505
112550
113064
114254
114459
161336
127206
7926
128512
132800
133771
757
52579
53953
94969
4763
232
4018
64969
6350
46970
40614
2424
3882
37733
63131
6863
81786
90439
89470
89492
89759
89804
83976
89260
85394
90531
90057
86320
86833
90376
90866
91077
88810
87304
88129
88235
55247
7161
3703
1
4041
68358
5445
52973
350
1103
5507
2068
59725
107999
2641
67665
115617
72226
66665
72395
72720
78653
72131
67087
71745
72011
71464
71108
70293
69481
73023
7373
82461
106918
45720
68319
69526
