4121
858
593
1042
1120
1200
1610
5952
7153
3793
4993
8795
260
3260
5902
3978
2571
3811
8636
4262
3679
4326
5198
4103
8128
3111
1957
1273
1211
1197
1172
5747
2019
5782
26585
1210
1036
924
7022
3265
132046
55280
50068
7438
8645
8961
6874
5791
5464
296
41997
52281
55363
55069
55442
61240
61236
2997
27611
79132
70286
135518
72998
48394
7361
26554
93040
68954
109487
1729
778
4306
1517
1721
2174
3114
1250
122886
3629
1283
7243
107999
1089
745
68157
2959
2424
68319
3022
8125
954
541
2542
2068
3703
150
1079
2936
2028
34405
94777
59725
106473
107649
6942
134853
63992
434
3160
494
8781
7347
5602
4223
4023
3916
3499
3175
4638
2989
2600
2329
780
2273
1617
2985
153
112552
1732
109249
6863
1088
115617
44199
3994
5064
4011
3949
6218
1704
4041
4995
4226
4016
4612
48780
3893
4369
1258
27255
4351
4641
4701
6683
6986
3751
4823
4890
3785
2012
52319
608
1242
1259
1358
1376
80551
1635
1639
2082
1801
1954
1956
2004
4189
2085
104841
69640
2369
2396
8972
2692
7458
2700
3052
3113
5445
5135
47465
5349
47099
111624
8623
100365
45950
37729
5608
6016
35957
40148
34162
32892
7478
117533
60072
62849
77455
78499
4322
1955
1028
1997
2942
8533
45720
1
2361
5377
904
48711
5481
5812
6281
74458
6953
64957
65514
1131
88125
4388
5909
130682
4911
44191
3676
55247
106918
8369
4467
78349
2968
1900
1199
1059
67997
661
31221
7844
71057
8874
69712
69526
66934
31878
33794
66097
4721
7376
32025
7090
35836
47
232
1176
60684
1265
37733
63131
4018
4973
5299
46970
47640
8928
1274
78209
76251
61024
55820
52973
8528
2502
1103
36401
741
8865
6754
6857
104283
2924
82461
5971
3996
5618
3030
44555
6985
6350
6539
27904
7161
628
58559
3257
2529
3546
2641
5662
6713
8188
27592
30745
31658
52885
5
3275
186
236
246
300
2359
350
357
377
520
529
587
2288
1256
8464
5219
26662
8861
34321
46578
56367
68358
7373
5507
95441
97938
106696
4069
1219
3882
109374
118997
3809
54290
40614
111
247
3301
1080
3300
3948
599
64969
90376
97304
96832
96811
96728
96610
96588
96417
95761
95558
95449
95135
94969
94959
94931
91077
90866
90531
97673
97752
97921
102469
105355
105197
103688
103624
103449
103372
103107
102194
97923
101895
101525
101285
99149
99114
98961
98154
90439
90057
106100
89804
80489
80463
79242
78653
78574
78039
74545
74324
73023
72741
72720
72395
72226
72176
72131
3176
71745
81562
81591
81786
87304
89759
89492
89470
89260
88810
88235
88129
86833
81845
86320
85394
83976
82463
82459
82313
81932
105504
106766
71108
128606
142488
141749
140725
140715
140174
139642
139385
137337
134881
134859
134130
133771
133645
132800
132549
132547
132458
143385
144172
146656
163949
111931
82152
66203
47044
138610
164979
164977
163056
148482
161582
161336
160954
158783
156387
155064
148626
131796
128512
106916
128360
114254
113064
112852
112556
112550
112515
112290
112183
112070
111622
111505
111251
111249
110871
107636
107141
106920
114342
114459
114662
123663
128235
127212
127206
127144
127114
127108
123695
122882
115139
118880
118700
117176
116797
116161
115713
115569
71464
72011
70293
6229
6983
6981
6830
6783
6643
6515
6433
5956
3947
5795
5289
5169
4928
4763
4712
4437
7195
7335
7792
7926
26366
26151
26150
25927
69481
8767
8766
8765
8751
8584
8494
8236
8207
8195
8154
4327
3789
34517
946
1572
1281
1272
1260
1232
1209
1153
914
3742
757
146501
53318
39421
7155
5984
3707
1935
1942
2109
2178
3671
3634
3632
3539
3498
3415
3384
3089
2927
2920
2857
2747
2730
2202
2182
31770
25805
37741
58191
56805
56788
56782
56607
56286
56152
56015
55946
55276
55269
38304
55118
55063
55052
54881
57669
58879
54286
60069
67665
67429
67255
67087
66665
64839
64701
64622
64620
64614
63876
63082
61357
61323
60766
54513
55253
54272
45210
48516
47629
47423
47274
46723
46664
45028
48738
42217
41863
41585
40819
40629
39183
48696
339
48774
49917
53953
53894
53123
53000
52967
52579
51540
52241
49824
27773
1061
121231
111384
215
3361
306
319
364
588
2330
2677
1245
3246
293
318
50
26614
1291
337
104
5449
6287
