8795
4993
8972
5952
7153
2019
114342
112183
112290
88125
112556
112852
117176
111622
114662
33794
115569
116161
116797
3793
260
1
78499
112515
118700
118880
111251
115617
1042
1120
1200
593
1610
4121
858
924
48394
112552
66097
117533
47
109374
2424
8874
132046
31878
46578
122886
4973
107999
56367
27611
68319
2571
135518
3703
66934
79132
3893
58559
300
246
236
215
186
2700
5
3052
67997
31658
52885
30745
27773
27592
8188
3113
6713
3114
3260
3361
3751
337
2396
1635
2369
1517
1376
1358
1639
1259
1250
1242
1801
1059
904
661
1954
628
587
529
520
377
1956
357
2004
350
2012
2085
3785
5812
3978
3707
364
319
306
53318
39421
7155
5984
3176
588
59725
45720
8533
6942
2942
1997
1088
541
146501
4016
1232
1572
1283
1281
1273
1272
1260
1245
1211
757
1209
1197
1172
1153
954
946
914
1028
4322
77455
5135
68954
65514
6953
6281
5662
5481
5377
4890
62849
4823
4701
4641
4369
4351
4306
4041
107649
44191
106473
3676
60072
47099
40148
6016
5608
2959
2542
778
2361
1900
78349
8369
106918
55247
5449
6287
8464
3546
3257
48780
121231
52319
608
5445
7458
69640
104841
2082
80551
1061
1732
2359
2641
3275
4226
3300
3301
3809
3882
4069
5219
5507
7373
8861
8928
27904
37733
60684
63992
4995
1704
69526
2968
1955
7478
32892
34162
35957
37729
45950
100365
150
2174
8623
111624
130682
1199
4467
1258
4911
5909
47465
296
4388
1131
64957
74458
48711
4189
4612
6683
6986
27255
68157
69712
2529
68358
26554
26585
1721
4721
7376
31221
32025
50
232
318
3948
1942
26614
26662
93040
7844
95441
97938
106696
54290
40614
111
247
1079
1080
1089
1219
1256
1729
2288
8961
7090
71057
2502
47640
6985
7361
44555
3030
5618
5971
82461
104283
6754
8865
36401
104
1103
8528
7022
52973
55820
61024
76251
78209
741
1274
2924
2997
3265
3996
5782
5902
6857
1935
599
1957
89492
89260
88810
88235
88129
87304
86833
86320
85394
83976
82463
82459
82313
81932
81845
81786
89470
89759
96728
89804
96588
96417
95761
95558
95449
95135
94969
94959
94931
91077
90866
90531
90439
90376
90057
81591
81562
80489
80463
70293
69481
67665
67429
67255
67087
66665
64839
64701
64622
64620
64614
63876
63082
61357
71108
71464
71745
73023
79242
78653
78574
78039
74545
74324
72741
72011
72720
72395
2028
72226
72176
72131
96610
96811
61240
144172
140715
139642
133771
132800
132549
132547
132458
131796
128512
128235
127212
127206
127144
123695
123663
140725
148482
96832
155064
111931
111384
82152
66203
47044
138610
164979
164977
163949
163056
161582
161336
160954
158783
156387
115139
114459
114254
113064
103107
102469
102194
101895
101525
101285
99149
99114
98961
98154
97923
97921
97752
97673
97304
103372
103449
103624
107141
112550
112070
111505
111249
110871
107636
106920
103688
106916
106766
106100
105504
105355
105197
61323
339
61236
7926
7438
7335
7243
7195
6983
6981
6874
6830
6783
6643
6515
6433
6229
5956
5795
5791
5747
7792
8125
37741
8128
31770
26366
26151
26150
25927
60766
8767
8766
8765
8751
8645
8584
8494
8236
8207
8195
8154
5464
5289
5198
5169
3384
3246
3111
3089
3022
2936
2927
2920
2857
2747
2730
2677
2330
2202
2182
2178
2109
3415
3498
3539
4103
4928
4763
4712
4437
4327
4326
4262
3947
3629
3811
3789
3742
3679
3671
3634
3632
34517
25805
52967
41863
49917
49824
48774
48738
48696
48516
47629
47423
47274
46723
55063
55276
45210
45028
42217
50068
51540
52241
54286
55052
54881
55069
55118
55253
54513
54272
52281
53953
53894
53123
53000
52579
55269
41997
46664
57669
56782
41585
55946
58879
56286
55442
55363
60069
56607
56152
56015
58191
56788
56805
38304
55280
39183
40629
40819
109249
293
1176
134853
3949
4011
5064
127108
122882
134859
745
3994
1036
44199
115713
127114
128606
140174
133645
148626
146656
134130
143385
134881
142488
141749
137337
139385
128360
4023
494
2600
4638
1617
7347
780
8781
2273
434
153
2329
5602
3160
3916
2989
4223
3499
3175
2985
6539
1265
35836
6863
34321
6350
118997
5349
8636
1291
64969
4018
1210
6218
46970
5299
7161
109487
63131
72998
2068
70286
34405
2692
94777
