5952
7153
4993
8795
2019
3260
3978
5902
260
122886
98154
94931
94959
95135
95449
97921
95558
96728
96811
97304
97752
97923
101525
99149
99114
96588
98961
58559
44191
8874
1210
2571
3793
96610
96832
122882
134859
114459
161336
7926
113064
52579
94969
110871
112550
111249
53953
111505
114254
757
101285
127206
133771
4763
132800
128512
102469
924
5608
2959
1199
81786
2730
8861
2920
60684
4226
1
3634
6539
3949
67665
1219
1250
148626
140174
146656
141749
139385
137337
134881
134130
133645
128606
128360
127114
142488
115713
143385
97938
1704
1291
5747
3111
4306
4103
4262
3679
4326
8961
3811
5198
1172
1957
1273
1211
88125
1197
8128
47
778
1729
134853
31878
79132
127108
745
296
107999
4973
1265
5299
109374
69640
34321
56367
68319
118997
4011
3703
1079
35836
2542
434
2985
2329
2273
1617
2989
3160
3175
780
3499
494
2600
4638
153
8781
7347
4023
5602
3916
4223
1042
1610
1120
1200
4121
858
593
118880
118700
112515
3809
2529
106473
66097
66934
44199
62849
1732
1036
93040
55363
5064
4995
608
117533
27773
105504
106696
1176
293
1028
109249
8928
6218
1242
357
5
1259
186
520
529
350
337
587
300
215
628
236
661
246
904
1059
377
3751
1358
3676
4890
5135
5377
5481
5812
6281
6953
8636
65514
107649
5449
1376
55247
106918
8369
1900
2361
6016
40148
47099
60072
4322
4823
4701
4641
4369
1517
1635
1639
1801
1954
1956
2004
2012
2085
2369
2396
2700
3052
3113
3361
31658
3785
3893
4016
4041
4351
52885
599
30745
121231
8972
2082
80551
1061
2359
2641
3257
3275
3300
3301
3882
4069
5219
5507
7373
27904
37733
63992
69526
71057
47640
6985
7361
5445
27255
27592
6986
1955
7478
32892
34162
35957
37729
45950
100365
2174
8623
111624
130682
2968
4467
4911
5909
47465
4388
1131
48711
4189
4612
6683
44555
3030
5618
5971
1721
4721
7376
31221
32025
50
232
318
3948
8464
26614
26662
95441
54290
111
247
1080
1256
2288
5662
6287
6713
8188
26585
26554
7844
55820
82461
104283
6754
8865
36401
104
1103
2502
8528
52973
76251
7090
78209
1088
1274
2924
2997
3265
3996
5782
6857
7022
741
339
1997
34517
55269
55276
55946
56015
56152
56286
56607
56782
56788
56805
72176
72741
82313
83976
85394
86320
86833
87304
88129
88235
88810
89260
89470
89492
89759
55253
2942
55052
48738
41863
42217
45028
45210
46664
46723
47274
47423
47629
48516
48696
48774
54881
49824
49917
51540
52241
52967
53000
53123
53894
54272
54286
54513
89804
90057
90376
158783
131796
132458
132547
132549
139642
140715
140725
144172
148482
155064
156387
160954
127212
161582
163056
163949
164977
164979
138610
47044
66203
82152
111384
111931
128235
127144
90439
103624
90531
90866
91077
95761
96417
97673
101895
102194
103107
103372
103449
103688
123695
105197
105355
106100
106766
106916
106920
107141
107636
112070
115139
123663
41585
55118
31770
1272
2178
2109
2028
1942
1935
1572
1283
5289
1281
5795
2202
5956
6229
6433
6515
1260
1245
6643
6783
6830
2182
2330
4712
3539
4437
4327
3947
5169
3789
3742
3671
3632
3629
3498
2677
3415
3384
3246
3089
3022
2936
2927
2857
2747
1232
1209
1153
5984
319
8765
8766
8767
306
53318
39421
25805
7155
25927
364
26150
26151
3707
26366
3176
59725
45720
8533
6942
6981
8751
8154
914
6983
954
7195
7243
7335
946
7792
8125
8584
4928
146501
8195
588
8207
8236
8494
541
6863
4018
6350
64969
46970
2068
135518
63131
27611
48394
64957
77455
132046
78499
46578
69712
72011
71745
71464
69481
71108
72131
67087
66665
70293
72395
72226
72720
73023
78653
1089
7161
67997
7458
112552
115617
52319
1258
2692
48780
68954
78349
34405
3114
111251
2424
41997
52281
70286
55069
55442
68157
112556
112852
116161
114662
112290
115569
112183
114342
111622
116797
117176
94777
3546
55063
57669
67429
64839
64701
64622
64614
63876
63082
61357
61323
60766
60069
58879
58191
64620
68358
7438
33794
50068
5791
6874
55280
5464
5349
40819
40629
37741
39183
38304
8645
61236
61240
74324
81932
81845
78039
78574
79242
80463
81562
81591
80489
82459
82463
67255
74545
109487
150
3994
61024
40614
74458
72998
104841
