1732
608
1729
778
1079
4041
350
52973
1103
2959
296
2542
3809
2677
3246
319
306
364
588
1245
2330
293
1089
55820
4973
46578
1199
3882
37733
8928
109249
2361
2028
215
1258
4467
109374
4226
68157
5608
53318
60072
2968
26614
50
44191
4011
3949
111
48780
60684
1219
2529
1617
2985
153
2329
434
2273
494
2989
780
8781
2600
7347
3160
3499
3916
5602
4638
4023
4223
3175
47
62849
1704
74458
44199
4995
2692
3994
27773
745
79132
1291
5064
1036
6218
1956
3113
2004
2700
2085
2369
2396
3052
1954
3176
1801
8188
5
67997
58559
52885
31658
30745
27592
6713
236
6287
5662
3546
2288
946
954
1256
186
246
1639
904
1635
1517
1376
1358
1259
1250
1059
661
300
628
587
529
377
357
914
337
520
3785
3114
78499
106918
8369
70286
78349
94777
1900
117533
1
39421
6016
40148
47099
77455
4322
3260
1028
1088
7155
1997
2942
6863
6942
8533
45720
59725
63131
64969
5984
55247
5449
3676
106473
3361
3751
3707
3893
3978
4016
757
4351
4369
146501
4641
541
4701
4823
4890
5135
5349
5377
5481
5812
6281
6953
8636
68954
88125
107649
3703
135518
2068
1080
3275
7373
5507
5219
4069
3301
3300
3257
82461
2641
2359
1061
80551
2082
104841
8861
27904
34405
48394
63992
66097
66934
68319
69526
69712
71057
46970
47640
6985
44555
3030
5618
69640
8972
7458
4911
1955
7478
32892
34162
35957
37729
45950
100365
150
2174
8623
107999
111624
130682
5909
5445
47465
4388
1131
64957
48711
4189
4612
6683
6986
27255
260
109487
121231
52319
5971
104283
247
1176
4018
3948
2424
1172
1265
1210
318
132046
232
35836
32025
31221
7376
4721
5299
7161
8464
26662
27611
34321
56367
68358
72998
95441
97938
106696
115617
118997
134853
54290
40614
122886
1721
33794
3793
6754
8865
36401
104
8528
61024
76251
78209
593
858
1042
1120
1200
1610
4121
8961
741
924
1274
2019
2571
4993
5902
5952
6350
6539
6857
7153
8795
8874
1153
599
1197
95449
96832
96811
96728
96610
96588
96417
95761
95558
95135
67665
94969
94959
94931
91077
90866
90531
90439
90376
97304
97673
97752
97921
105355
105197
103688
103624
103449
103372
103107
102469
102194
101895
101525
101285
99149
99114
98961
98154
97923
90057
89804
89759
80463
78653
78574
78039
74545
74324
73023
72741
72720
72395
72226
72176
72131
1209
71745
71464
71108
70293
79242
80489
89492
81562
89470
89260
88810
88235
88129
87304
86833
86320
85394
83976
82463
82459
82313
81932
81845
81786
81591
105504
106100
106766
144172
142488
141749
140725
140715
140174
139642
139385
137337
134881
134859
134130
133771
133645
132800
132549
132547
132458
143385
146656
128606
148482
111931
111384
82152
66203
47044
138610
164979
164977
163949
163056
161582
161336
160954
158783
156387
155064
148626
131796
128512
106916
114342
113064
112852
112556
112552
112550
112515
112290
112183
112070
111622
111505
111251
111249
110871
107636
107141
106920
114254
114459
128360
114662
128235
127212
127206
127144
127114
127108
123695
123663
122882
118880
118700
117176
116797
116161
115713
115569
115139
69481
72011
67429
4763
7243
7195
6983
6981
6874
6830
6783
6643
6515
6433
6229
5956
5795
5791
5747
5464
5289
5198
5169
7335
7438
7792
8751
26366
26151
26150
25927
25805
8767
8766
8765
8645
7926
8584
8494
8236
8207
8195
8154
8128
8125
4928
4712
31770
4437
2920
2857
2747
2730
2202
2182
2178
2109
1957
1942
1935
1572
1283
1281
1273
1272
1260
1232
1211
2927
2936
3022
3679
4327
4326
4262
4103
3947
3811
3789
3742
3671
3089
3634
3632
3629
3539
3498
3415
3384
3111
67255
339
34517
55363
56782
56607
56286
56152
56015
55946
55442
55280
56805
55276
55269
55253
37741
55069
55063
55052
56788
57669
54513
63876
67087
66665
64839
64701
64622
64620
64614
63082
58191
61357
61323
61240
61236
60766
60069
58879
54881
55118
54286
45028
48516
47629
54272
47274
46723
46664
45210
42217
48738
41997
41863
41585
40819
40629
39183
38304
48696
47423
49917
49824
52281
52241
51540
50068
52967
52579
53000
53123
48774
53894
53953
65514
31878
93040
26554
7361
7090
7844
2924
3996
26585
7022
2997
3265
2012
5782
1242
4306
2502
