1
2677
588
1245
364
319
306
2330
3246
106100
105197
103107
102194
103624
103372
107141
101895
105355
106766
106920
97673
106916
105504
1265
37741
39183
40629
40819
58559
88125
38304
2502
6016
33794
56286
55276
56152
56782
56607
55253
56788
56805
55269
53000
53123
54272
52241
52967
55118
53894
51540
54286
54513
54881
55052
68954
2571
3809
2542
215
134853
6539
40148
293
55442
55069
924
60072
115617
6942
2028
6218
67087
72226
72720
69481
78653
72395
66665
73023
70293
72131
71108
71464
71745
72011
153
3499
2985
2989
3160
3175
4023
3916
2329
4223
4638
5602
7347
8781
2600
2273
494
1617
780
434
66097
109374
745
55247
132046
2068
5971
70286
63131
34321
1036
3994
48394
118997
46970
4973
35836
94777
5064
1291
27611
5299
106696
64969
8874
135518
4018
6863
1028
31878
68358
1954
72998
67665
55820
106473
1210
66934
260
1089
7161
1729
778
296
5377
4016
6281
4306
5812
4641
4351
4369
5349
4701
5481
3978
4823
4890
5135
5952
3751
3893
3785
628
661
904
1242
1250
1259
1358
1376
1517
1635
1639
1801
1956
2004
2085
2369
2396
2700
3052
3113
3260
3361
65514
8636
3676
64957
7155
2174
8533
45720
100365
45950
37729
3176
3707
5984
39421
107999
53318
35957
34162
32892
7478
541
1955
146501
914
8623
2942
1131
47465
107649
3703
44191
48711
5449
4388
106918
8369
78349
1900
1997
2361
5909
4911
4467
2968
1199
130682
4322
1088
587
357
4189
40614
78209
76251
8528
104
36401
8865
954
6754
104283
82461
8464
26662
5618
3030
93040
95441
7361
6985
47640
71057
69712
741
1274
2019
122886
7022
7090
7153
7844
8795
5902
26554
26585
5782
4721
3948
7376
31221
32025
4993
3996
318
3265
2997
2924
54290
69526
4612
68319
52319
121231
5662
6287
6713
8188
27592
30745
31658
52885
5
186
27255
246
300
337
6857
520
529
6986
6683
3546
2288
5445
4069
34405
27904
8861
111
247
7373
1080
5507
5219
3301
7458
3300
1256
3257
2641
2359
1061
80551
2082
8972
946
599
1153
8236
103449
103688
107636
111251
111622
112070
112183
112290
112552
112556
112852
114342
114662
115139
115569
115713
116161
116797
117176
96417
95761
82313
26151
8584
8751
8765
8766
8767
25805
25927
26150
31770
1172
34517
41585
42217
46664
55946
56015
72176
72741
123663
123695
127108
163056
146656
148482
148626
155064
156387
158783
160954
161582
163949
143385
164977
164979
138610
47044
66203
82152
111384
111931
144172
142488
127114
132549
127144
127212
128235
128360
128606
131796
132458
132547
133645
141749
134130
134881
137337
139385
139642
140174
140715
140725
8494
339
5747
3022
1942
1957
4327
2182
2202
2747
2857
2927
4326
4262
2936
6433
1572
4103
6830
6783
3539
3811
5795
3415
3089
3789
5956
3742
3111
1935
1211
6515
7335
1209
8125
1197
7195
6983
6981
3679
8128
1232
1260
1273
6643
3632
8154
1281
5198
5169
8195
5289
68157
109487
67997
63992
109249
8928
6350
1079
111624
59725
117533
1176
3114
60684
1732
5791
55280
6874
7438
5464
8645
50068
150
232
3634
2920
1721
118700
118880
112515
134859
122882
69640
37733
3882
96832
96610
55363
94969
128512
7926
110871
111249
757
111505
161336
112550
4763
113064
114254
101285
114459
52579
53953
133771
127206
132800
102469
3793
236
1258
56367
4995
4011
27773
62849
97752
95449
98154
96588
98961
101525
95558
95135
96728
97921
94959
96811
94931
99114
99149
97304
97923
47099
1283
7243
3629
44555
44199
47
61024
608
41997
52281
350
1103
4041
52973
88810
88235
87304
89492
86833
86320
85394
83976
89470
88129
89759
90531
91077
90866
89804
89260
90439
90376
90057
97938
1704
858
1120
1200
593
1610
4121
1042
81786
2692
3949
2424
47274
2109
2178
1272
377
26366
7792
3671
104841
3384
3498
8207
2012
4928
4712
4437
8961
6229
3947
2730
48516
47629
49824
48774
48738
48696
47423
46723
45210
45028
41863
49917
1219
46578
2529
61240
61236
50
26614
48780
55063
58191
57669
64622
63876
64839
64614
63082
61357
64620
61323
64701
60766
60069
58879
67429
5608
1059
78499
2959
79132
74458
77455
4226
3275
6953
81562
81932
81845
78574
79242
82459
78039
82463
80463
80489
67255
81591
74545
74324
