5618
5971
1210
260
109487
2571
4121
858
1610
593
1042
1120
1200
1036
1954
2028
318
26585
3629
7243
1283
122882
134859
110871
127206
111249
111505
128512
757
114459
114254
113064
132800
4763
112550
133771
53953
102469
7926
101285
52579
161336
94969
7022
3265
5782
541
8125
954
3022
3793
306
588
2330
2677
319
1245
364
3246
5602
3160
4223
4638
3916
8781
3499
2989
7347
2985
4023
3175
434
494
2600
2329
2273
1617
780
153
31658
132046
52281
41997
26662
2936
81786
112515
67665
118880
118700
122886
55363
2730
107999
2920
79132
3634
52885
6857
741
1274
104283
140174
142488
137337
134881
143385
134130
133645
139385
128606
141749
146656
127114
148626
115713
128360
44199
293
6350
1250
3361
70286
215
3994
72998
27611
48394
745
94777
127108
3030
77455
1291
5064
4011
247
135518
1265
3949
111384
121231
4973
134853
117533
6218
2692
1061
3703
34405
106473
2019
2068
27773
48780
109249
115617
377
1
78499
4018
1176
118997
5
236
27592
300
5449
246
30745
3676
67997
88125
107649
186
44191
106918
8188
55247
1256
2288
1219
2529
3546
1089
2361
5662
6287
1900
1080
6713
337
1079
78349
8369
1729
68954
1242
350
2369
3978
3893
3785
3751
3260
3114
3113
3052
2700
2396
2085
357
2012
2004
1956
111
1801
1639
1635
1517
1376
1358
4016
4041
4306
4351
65514
1259
520
6953
529
587
6281
628
5812
5481
661
904
5377
5349
1059
5135
4890
4823
4701
4641
4369
8636
5902
40614
2641
4226
4995
52319
608
5445
7458
8972
69640
104841
2082
80551
1732
2359
3257
1258
3275
3300
3301
3809
3882
4069
5219
5507
7373
8861
8928
27904
37733
1704
27255
63992
1199
1955
7478
32892
34162
35957
37729
45950
100365
150
2174
8623
111624
130682
2968
6986
4467
4911
5909
47465
296
4388
1131
64957
74458
48711
4189
4612
6683
60684
66097
54290
232
8874
8961
26554
31878
33794
1721
4721
7376
31221
32025
35836
47
50
2424
7844
5299
7161
8464
26614
34321
46578
56367
68358
93040
95441
97938
106696
109374
8795
7153
66934
2502
68157
69712
71057
46970
47640
6985
7361
44555
6754
8865
36401
104
1103
8528
7090
52973
55820
61024
76251
78209
924
2924
2997
3996
4993
2542
5952
6539
778
599
2959
81932
86833
86320
85394
83976
82463
82459
82313
81845
74545
81591
81562
80489
80463
79242
78653
78574
87304
88129
88235
88810
95449
95135
94959
94931
91077
90866
90531
90439
90376
90057
89804
89759
89492
89470
89260
78039
74324
56286
61236
64620
64614
63876
63082
61357
61323
61240
60766
73023
60069
58879
58191
57669
56805
56788
56782
64622
64701
64839
66665
72741
72720
72395
72226
72176
72131
72011
71745
71464
71108
70293
69481
67429
67255
67087
95558
95761
96417
123695
132549
132547
132458
131796
128235
127212
127144
123663
96588
117176
116797
116161
115569
115139
114662
114342
139642
140715
140725
144172
111931
82152
66203
47044
138610
164979
164977
163949
163056
161582
160954
158783
156387
155064
148482
112852
112556
112552
103107
101895
101525
99149
99114
98961
98154
97923
97921
97752
97673
97304
96832
96811
96728
96610
102194
103372
112290
103449
112183
112070
111622
111251
107636
107141
106920
106916
106766
106100
105504
105355
105197
103688
103624
5608
56607
56152
3089
3671
3632
3539
3498
3415
3384
3111
2927
1935
2857
2747
2202
2182
2178
2109
1957
3679
3742
3789
3811
5795
5791
5747
5464
5289
5198
5169
4928
4712
4437
4327
4326
4262
4103
3947
1942
1572
56015
1997
63131
59725
45720
8533
6942
6863
2942
1088
1281
1028
4322
62849
60072
47099
40148
6016
64969
3176
3707
5984
1273
1272
1260
1232
1211
1209
1197
1172
1153
946
914
146501
53318
39421
7155
5956
6229
6433
47629
50068
49917
49824
48774
48738
48696
48516
47423
52241
47274
46723
46664
45210
45028
42217
41863
51540
52967
6515
55069
55946
55442
55280
55276
55269
55253
55118
55063
53000
55052
54881
54513
54286
54272
53894
53123
41585
40819
40629
7335
8207
8195
8154
8128
7792
7438
7195
8494
6983
6981
6874
6830
6783
6643
39183
8236
8584
26150
38304
37741
34517
31770
26366
8645
26151
25927
25805
8767
8766
8765
8751
339
68319
3948
69526
58559
82461
