1900
111
541
954
3022
8125
296
2936
3629
1283
7243
2028
2361
1729
778
1089
1258
68157
2959
1732
2542
1079
2004
2012
2369
1956
1954
1801
2692
2700
1639
2085
3260
3052
3113
4823
4701
4641
4369
4351
4306
4041
4016
3978
3893
3785
3751
3361
1517
3114
1635
1059
1376
27592
5
67997
58559
52885
31658
30745
27773
8188
1358
6713
6287
5662
3546
2529
2288
1256
186
215
236
246
1259
1250
1242
5349
904
661
628
587
529
520
377
357
350
337
300
5135
599
5377
5481
757
146501
588
364
319
306
53318
39421
7155
5984
3707
3176
64969
63131
59725
914
946
1153
1273
2109
1957
1942
1935
1572
1281
1272
1172
1260
1245
1232
1211
1209
1197
45720
8533
6942
1219
106918
55247
5449
3676
106473
44191
88125
78349
68954
65514
8636
6953
6281
5812
8369
94777
6863
77455
2942
1997
1088
1028
4322
78499
62849
117533
60072
47099
40148
6016
5608
1
107649
247
1080
3275
5507
5219
4069
3882
3809
3301
3300
3257
7458
2641
2359
1061
80551
2082
104841
69640
7373
8861
8928
27904
3030
44555
6985
47640
46970
71057
69712
69526
66934
66097
63992
60684
48394
37733
34405
8972
5445
5971
150
4467
2968
1199
130682
111624
8623
2174
100365
608
45950
37729
35957
34162
32892
7478
1955
4911
5909
47465
4388
52319
121231
48780
4995
4226
1704
27255
6986
6683
4612
4189
48711
74458
64957
1131
5618
82461
2182
35836
2424
1265
1176
318
232
50
47
32025
8874
31221
7376
4721
1721
33794
31878
26585
3948
4018
4973
5299
40614
54290
118997
109374
106696
97938
95441
68358
56367
46578
34321
26662
26614
8464
7161
8961
8795
104283
55820
1120
1042
858
593
78209
76251
61024
52973
7844
8528
2502
1103
104
36401
8865
6754
1200
1610
3793
4121
7153
7090
7022
6857
6539
6350
5952
5902
4993
3996
3265
2924
1274
924
741
2178
339
2202
96728
97923
97921
97752
97673
97304
96832
96811
96610
98961
96588
96417
95761
95558
95449
95135
94969
98154
99114
94931
103624
106916
106766
106100
105504
105355
105197
103688
103449
99149
103372
103107
102469
102194
101895
101525
101285
94959
91077
107141
79242
81932
81845
81786
81591
81562
80489
80463
78653
2330
78574
78039
74545
74324
73023
72741
72720
82313
82463
90866
89470
90531
90439
90376
90057
89804
89759
89492
89260
83976
88810
88235
88129
87304
86833
86320
85394
106920
107636
72226
139385
143385
142488
141749
140725
140715
140174
139642
137337
146656
134881
134859
134130
133771
133645
132800
132549
144172
148482
132458
164977
111931
111384
82152
66203
47044
138610
164979
163949
148626
163056
161582
161336
160954
158783
156387
155064
132547
131796
110871
112550
114459
114342
114254
113064
112852
112556
112552
112515
115139
112290
112183
112070
111622
111505
111251
111249
114662
115569
128606
127108
128512
128360
128235
127212
127206
127144
127114
123695
115713
123663
122882
118880
118700
117176
116797
116161
72395
82459
72176
48774
5956
49917
6229
72131
6433
6515
49824
48738
50068
48696
48516
47629
47423
47274
46723
6643
5795
51540
3947
4928
4262
4326
4327
52967
4437
4712
4763
5169
52241
5198
5289
5464
5747
52579
5791
52281
46664
45210
6783
8207
8766
8765
8751
8645
8584
8494
8236
8195
45028
8154
8128
7926
7792
7438
7335
7195
8767
25805
25927
26150
42217
41997
41863
41585
40819
6830
40629
39183
38304
37741
34517
6874
31770
26366
26151
6981
4103
53000
64620
63876
63082
61357
2857
61323
2920
61240
61236
60766
60069
58879
58191
57669
56805
3811
64614
64622
2927
64701
72011
2677
71745
71464
71108
70293
69481
2730
67665
67429
67255
67087
2747
66665
64839
56782
56788
56607
54513
54272
3246
53953
3384
3415
3498
53894
53123
3539
3632
3634
3671
3679
3742
3789
56286
54286
6983
55253
55442
55363
55280
55276
3111
55269
55118
55946
55069
56015
55063
56152
55052
54881
3089
79132
115617
72998
70286
109249
3703
135518
2571
134853
68319
109487
27611
107999
122886
2068
293
6218
132046
2019
3949
1210
4011
1291
5064
745
3994
4890
1036
44199
7347
153
494
780
1617
2273
2329
3175
8781
3160
2600
5602
3499
3916
2989
2985
434
4023
4223
4638
2396
93040
26554
7361
5782
2997
260
