587
50
26614
318
1610
1042
236
4121
1200
377
593
1120
858
150
293
3246
2330
306
319
2677
364
588
1245
3361
2424
3793
3114
2028
215
111384
121231
1061
27773
3785
6281
3751
3260
5812
3113
3052
2700
2692
3893
4890
4823
3978
5481
5377
4016
5349
4306
4351
4369
4641
5135
2369
4701
2396
135518
2085
67997
357
337
300
246
186
5
58559
2012
52885
31658
30745
8188
6713
6287
520
529
628
661
904
1059
1242
1250
1259
1358
1517
1635
1639
1801
1954
1956
2004
1376
65514
6953
757
1197
1172
1153
954
946
914
146501
1211
541
53318
39421
7155
5984
3707
1209
1232
64969
1957
2747
2730
2202
2182
2178
2109
1942
1260
1935
1572
1283
1281
1273
1272
3176
63131
8636
5449
94777
78349
70286
8369
106918
55247
3676
2361
106473
44191
3703
107649
68954
3546
1900
117533
59725
1028
45720
8533
6942
6863
2942
1088
4322
1
78499
77455
60072
47099
40148
6016
5662
115617
1256
2082
34405
27904
8928
8861
7373
5507
5219
4069
3809
3301
3300
3275
3257
2641
2359
60684
63992
66934
44555
132046
104283
82461
5971
5618
3030
7361
68319
6985
47640
46970
71057
69712
69526
80551
104841
8865
69640
4467
2968
1199
111624
107999
8623
2174
100365
45950
37729
35957
34162
32892
7478
1955
4911
5909
47465
27255
8972
7458
5445
52319
109487
260
6986
4388
6683
4612
4189
48711
64957
1131
6754
36401
1080
7376
27611
26662
8464
7161
5299
4973
4018
3948
2068
1265
1210
1176
232
35836
32025
34321
46578
56367
2920
247
111
40614
54290
134853
118997
109374
68358
109249
106696
97938
95441
93040
72998
31221
4721
104
122886
4993
3996
3265
2997
2924
2571
2019
1274
924
741
78209
76251
61024
8528
2502
5782
5902
5952
8874
1721
33794
31878
26585
26554
8961
8795
6350
7844
7153
7090
7022
6857
6539
2857
599
2927
90531
97752
97673
97304
96832
96811
96728
96610
96588
96417
95761
95558
95449
95135
94969
94959
94931
91077
97921
97923
98154
103372
106100
105504
105355
105197
103688
103624
103449
103107
98961
102469
102194
101895
101525
101285
99149
99114
90866
90439
71745
90376
81591
81562
80489
80463
79242
78653
78574
78039
74545
74324
73023
72741
72720
72395
72226
72176
72131
81786
81845
81932
88235
90057
89804
89759
89492
89470
89260
88810
88129
82313
87304
86833
86320
85394
83976
82463
2936
106766
106916
106920
107141
142488
141749
140725
140715
140174
139642
139385
137337
134881
134859
134130
133771
133645
132800
132549
132547
132458
143385
144172
146656
163949
111931
82152
66203
47044
138610
164979
164977
163056
148482
161582
161336
160954
158783
156387
155064
148626
131796
128606
128512
112290
114254
113064
112852
112556
112552
112550
112515
112183
114459
112070
111622
111505
111251
111249
110871
107636
114342
114662
128360
123663
128235
127212
127206
127144
127114
127108
123695
122882
115139
118880
118700
117176
116797
116161
115713
115569
72011
82459
3947
5795
46723
46664
4763
45210
4928
5169
45028
5198
3498
42217
5289
41997
41863
5956
6229
6433
47274
47423
4712
4437
3629
7195
48516
3634
3671
3679
3742
47629
3789
3811
5747
4103
4262
4326
4327
41585
40819
6515
8751
8645
8584
8494
6981
8236
8207
8195
8154
8128
8125
6983
7926
7792
7438
7335
6874
6830
40629
6783
39183
38304
37741
34517
31770
26366
26151
26150
25927
25805
8767
8766
8765
5464
6643
3539
3632
3415
55946
61323
61240
61236
60766
60069
58879
58191
57669
56805
56788
56782
56607
3384
56286
56152
61357
63082
63876
67429
71464
3022
71108
70293
69481
67665
67255
64614
67087
66665
64839
64701
64622
64620
56015
7243
55442
50068
52967
52579
55363
52241
51540
5791
49917
53123
49824
48774
48738
48696
3089
3111
53000
52281
53894
55069
53953
55280
54272
54286
54513
55276
54881
55052
55269
55063
55253
55118
79132
4995
74458
66097
1704
62849
48780
1997
2529
1219
48394
130682
1258
4226
27592
5608
2288
88125
3882
37733
1732
55820
608
1079
47
52973
1103
4041
350
339
2542
68157
2959
1089
6218
1729
778
3949
1291
5064
4011
745
3994
1036
44199
296
8781
7347
5602
4638
4223
4023
3499
3916
153
3175
3160
2989
2985
2600
2329
2273
1617
780
434
494
