1079
6983
2927
2600
4638
2985
4223
4023
4437
2989
434
494
3671
5602
6229
4712
3916
3089
4928
3499
3175
3384
3160
2202
2178
3632
2109
946
1617
7792
8207
1059
1250
47274
2273
26366
1272
3947
780
2329
1935
1942
8781
7347
153
3498
2571
1219
2920
2730
1281
25927
46664
3949
44199
2959
5608
1036
3994
745
132046
5064
1291
4011
1729
778
1210
109249
79132
6218
608
4226
3809
27611
1704
2542
135518
1732
70286
4973
72998
296
47
8928
1258
46578
109374
109487
1954
1242
587
2369
2085
628
661
3176
64969
2012
1801
63131
59725
529
1259
2004
45720
1358
1376
1517
1635
1639
88125
357
520
377
2529
39421
3546
5662
7155
6287
6713
8188
27592
27773
30745
31658
5984
52885
58559
67997
5
186
236
246
3707
300
337
350
2692
2396
6942
8533
8369
55247
5449
3676
4016
2288
4306
106473
4351
4369
4641
4701
4823
44191
4890
5135
3703
5349
5377
107649
5481
5812
6281
6953
8636
65514
106918
78349
2700
94777
3052
68954
3113
3114
3361
3751
6863
3785
3893
2942
1997
1088
1028
4322
78499
77455
62849
60072
47099
40148
6016
1
117533
2361
1900
4041
26662
1256
44555
5219
4069
3882
3301
3300
3275
3257
2641
2359
1061
80551
2082
104841
69640
8972
5507
7373
8861
68319
6985
47640
46970
71057
69712
69526
68157
27904
66934
66097
63992
60684
37733
34405
7458
5445
52319
100365
130682
111624
107999
8623
2174
150
45950
2968
37729
35957
34162
32892
7478
1955
1199
4467
121231
4189
48780
4995
27255
6986
6683
4612
48711
4911
74458
64957
1131
4388
47465
5909
7361
3030
1089
5618
7161
5299
4018
3948
2424
2068
1265
1176
318
232
50
35836
32025
31221
7376
8464
26614
146501
118997
1080
247
111
40614
54290
134853
115617
34321
106696
97938
95441
93040
68358
56367
4721
122886
1721
1103
76251
61024
55820
52973
8528
2502
104
741
36401
8865
6754
104283
82461
5971
78209
1274
31878
7022
26585
26554
8961
8874
7844
7090
6857
2924
6539
6350
5782
3996
3265
2997
53318
599
74545
90866
97921
97752
97673
97304
96832
96811
96728
96610
96588
96417
95761
95558
95449
95135
94969
94959
94931
97923
98154
98961
103449
106766
106100
105504
105355
105197
103688
103624
103372
99114
103107
102469
102194
101895
101525
101285
99149
91077
90531
71745
90439
81786
81591
81562
80489
80463
79242
78653
78574
78039
74324
73023
72741
72720
72395
72226
72176
72131
81845
81932
82313
88810
90376
90057
89804
89759
89492
89470
89260
88235
82459
88129
87304
86833
86320
85394
83976
82463
106916
106920
107141
107636
143385
142488
141749
140725
140715
140174
139642
139385
137337
134881
134859
134130
133771
133645
132800
132549
132547
144172
146656
148482
164977
111931
111384
82152
66203
47044
138610
164979
163949
148626
163056
161582
161336
160954
158783
156387
155064
132458
131796
128606
112515
114342
114254
113064
112852
112556
112552
112550
112290
114662
112183
112070
111622
111505
111251
111249
110871
114459
115139
128512
123695
128360
128235
127212
127206
127144
127114
127108
123663
115569
122882
118880
118700
117176
116797
116161
115713
72011
339
71464
8154
8765
8751
8645
8584
8494
8236
8195
8128
8767
7926
7438
7335
7195
6981
6874
6830
8766
25805
6643
41585
47629
47423
46723
45210
45028
42217
71108
40819
26150
40629
39183
38304
37741
34517
31770
26151
6783
6515
48696
1260
3111
2857
2747
2182
1957
1572
1273
1232
3539
1211
1209
1197
1172
1153
914
757
3415
3634
6433
5169
5956
5795
5791
5747
5464
5289
5198
4763
3679
4327
4326
4262
4103
3811
3789
3742
48516
41863
48738
58879
70293
57669
56805
56788
56782
56607
56286
56152
56015
55946
55442
55363
55280
64701
55269
58191
60069
55118
60766
64620
64839
66665
64614
63876
67087
63082
67255
61357
61323
67429
67665
61240
69481
61236
55253
55276
52967
54272
48774
49824
49917
50068
51540
52241
52579
53000
53123
53894
53953
64622
54286
54881
55069
55063
54513
55052
293
2936
33794
3793
3260
5902
3978
260
1120
1200
924
4121
593
1610
858
1042
904
1956
48394
215
41997
52281
319
1245
306
364
588
2330
2677
3246
541
3022
954
8125
1283
3629
7243
7153
5952
2028
8795
4993
2019
