260
4326
1273
3111
3679
1211
3811
1197
1172
4103
4262
1957
5198
5747
8128
1721
59725
2424
6942
63992
1210
2019
132046
2068
122886
107999
27611
109487
68319
134853
135518
2571
3703
109249
70286
72998
115617
79132
27773
5
8188
246
236
27592
215
186
67997
30745
3948
337
58559
52885
31658
300
26614
5984
6287
350
357
377
520
529
587
628
661
904
1059
1242
1250
1259
6713
2288
5662
4973
8464
7161
3707
34321
46578
5299
56367
68358
93040
95441
97938
106696
109374
118997
54290
3546
40614
111
247
1079
1080
1089
4018
1219
1376
3176
1256
1729
26662
2529
1358
77455
1517
106918
1028
5449
3676
106473
44191
107649
88125
68954
65514
1088
8636
6953
1997
6281
2942
55247
8369
5812
78349
60072
47099
40148
78499
6016
5608
2959
2542
4322
778
1
117533
2361
1900
94777
6863
5481
1635
3751
3260
3114
3113
3052
2700
2692
2396
2369
64969
2085
2012
2004
1956
62849
1801
3361
3785
5377
3893
5349
5135
4890
8533
45720
4823
4701
63131
4641
4369
4351
4306
4041
4016
3978
1954
47
1265
3300
8861
7373
5507
5219
4069
3882
3809
3301
3275
6754
3257
2641
2359
1732
1061
80551
2082
104841
8928
27904
34405
37733
82461
5971
5618
3030
44555
7361
6985
47640
46970
71057
69712
69526
68157
66934
66097
60684
48394
69640
8972
7458
47465
4911
4467
2968
1199
130682
111624
8623
2174
150
100365
45950
37729
35957
34162
32892
7478
1955
5909
296
5445
4388
608
52319
121231
48780
4995
4226
1704
1258
27255
6986
6683
4612
4189
48711
74458
64957
1131
104283
8865
1176
2997
6539
6350
5952
5902
5782
4993
3996
3265
2924
36401
1274
924
741
44199
8781
7347
6218
5602
6857
7022
7090
7153
318
232
50
39421
35836
32025
31221
7376
4721
33794
31878
26585
26554
8961
8874
8795
7844
5064
4638
4223
1042
858
780
745
593
494
434
293
153
78209
76251
61024
55820
52973
8528
2502
1103
104
1036
1120
4121
1200
4023
4011
3994
3949
3916
3793
3499
3175
3160
2989
2985
2600
2329
2273
1617
1610
1291
7155
599
53318
95449
96832
96811
96728
96610
96588
96417
95761
95558
95135
67665
94969
94959
94931
91077
90866
90531
90439
90376
97304
97673
97752
97921
105355
105197
103688
103624
103449
103372
103107
102469
102194
101895
101525
101285
99149
99114
98961
98154
97923
90057
89804
89759
80463
78653
78574
78039
74545
74324
73023
72741
72720
72395
72226
72176
72131
72011
71745
71464
71108
70293
79242
80489
89492
81562
89470
89260
88810
88235
88129
87304
86833
86320
85394
83976
82463
82459
82313
81932
81845
81786
81591
105504
106100
106766
144172
142488
141749
140725
140715
140174
139642
139385
137337
134881
134859
134130
133771
133645
132800
132549
132547
132458
143385
146656
128606
148482
111931
111384
82152
66203
47044
138610
164979
164977
163949
163056
161582
161336
160954
158783
156387
155064
148626
131796
128512
106916
114342
113064
112852
112556
112552
112550
112515
112290
112183
112070
111622
111505
111251
111249
110871
107636
107141
106920
114254
114459
128360
114662
128235
127212
127206
127144
127114
127108
123695
123663
122882
118880
118700
117176
116797
116161
115713
115569
115139
69481
67429
306
6515
6229
5956
5795
5791
5464
5289
5169
4928
4763
4712
4437
4327
3947
3789
3742
3671
3634
6433
6643
3629
6783
8584
8494
8236
8207
8195
8154
8125
7926
7792
7438
7335
7243
7195
6983
6981
6874
6830
3632
3539
67255
1935
1283
1281
1272
1260
1245
1232
1209
1153
954
946
914
757
146501
588
541
364
319
1572
1942
3498
2028
3415
3384
3246
3089
3022
2936
2927
2920
2857
2747
2730
2677
2330
2202
2182
2178
2109
8645
8751
8765
55276
56607
56286
56152
56015
55946
55442
55363
55280
55269
8766
55253
55118
55069
55063
55052
54881
54513
54286
56782
56788
56805
57669
67087
66665
64839
64701
64622
64620
64614
63876
63082
61357
61323
61240
61236
60766
60069
58879
58191
54272
53953
53894
53123
42217
41997
41863
41585
40819
40629
39183
38304
37741
34517
31770
26366
26151
26150
25927
25805
8767
45028
45210
46664
46723
53000
52967
52579
52281
52241
51540
50068
49917
49824
48774
48738
48696
48516
47629
47423
47274
339
1639
