2019
1250
1219
8795
4993
5608
608
296
4712
4928
3498
4612
4189
4437
3947
6229
3384
6986
2178
904
2109
1272
26366
47274
3671
8207
7792
7153
5952
2959
2730
4041
350
52973
1103
4226
1704
1210
3809
1079
55820
1729
778
37733
3882
47
4973
1089
1258
68157
1732
8928
109249
260
46578
109374
2542
1200
1610
858
4121
593
1120
1042
3793
1088
2028
7243
3629
1283
8125
3022
541
954
319
2677
2330
1245
3246
588
306
364
52281
41997
2936
2942
215
48394
2174
112552
6863
2068
122886
107999
68319
134853
3703
115617
1358
1639
4306
4016
2396
4641
4351
628
4369
3978
4701
1635
1517
4823
661
3260
1059
3893
2692
1259
2369
2085
2700
2012
3052
2004
3113
1242
4890
1956
1954
1801
3361
3751
3785
1376
117533
5135
62849
78499
4322
1028
1997
6942
8533
45720
59725
63131
64969
3176
3707
5984
7155
39421
53318
146501
757
45950
946
1153
1172
1197
37729
1211
77455
60072
100365
47099
5377
5481
5812
6281
6953
8636
65514
68954
88125
107649
44191
106473
3676
5449
55247
106918
8369
78349
94777
1900
2361
529
1
6016
40148
587
1256
520
78209
4995
48780
121231
52319
5445
7458
76251
6683
61024
8528
2502
104
36401
8865
27255
48711
377
2968
111624
1274
924
741
130682
1199
4467
74458
4911
5909
47465
4388
1131
64957
6754
8972
104283
3300
8861
7373
5507
5219
4069
3301
3275
82461
3257
2641
2359
1061
80551
2082
27904
34405
60684
63992
66097
66934
69526
69712
71057
46970
47640
6985
7361
44555
3030
5618
5971
2924
2997
3265
111
5662
3546
2529
2288
1080
247
40614
56367
54290
118997
106696
97938
95441
93040
6287
6713
8188
27592
27773
30745
31658
52885
58559
67997
5
186
236
246
300
337
357
68358
34321
3996
7844
1721
33794
31878
26585
26554
8874
7090
8623
7022
6857
6539
6350
5902
5782
4721
7376
31221
32025
35836
50
232
318
1176
1265
3948
4018
5299
7161
8464
26614
26662
1232
339
1260
97673
99149
99114
98961
98154
97923
97921
97752
97304
74545
96832
96811
96728
96610
96588
96417
95761
101285
101525
101895
102194
107636
107141
106920
106916
106766
106100
105504
105355
105197
103688
103624
103449
103372
103107
102469
95558
95449
95135
86833
85394
83976
82463
82459
82313
81932
81845
81786
81591
81562
80489
80463
79242
78653
78574
86320
87304
94969
88129
94959
94931
91077
90866
90531
90439
90376
90057
89804
89759
89492
89470
89260
88810
88235
110871
111249
111251
148482
144172
143385
142488
141749
140725
140715
140174
139642
139385
137337
134881
134859
134130
133771
133645
146656
148626
132549
155064
111931
111384
82152
66203
47044
138610
164979
164977
163949
163056
161582
161336
160954
158783
156387
132800
132547
111505
116161
115569
115139
114662
114459
114342
114254
113064
112852
112556
112550
112515
112290
112183
112070
111622
115713
116797
132458
117176
131796
128606
128512
128360
128235
127212
127206
127144
127114
127108
123695
123663
122882
118880
118700
1273
78039
74324
7926
8645
8584
8494
8236
8195
1955
8128
7438
73023
7335
7195
6983
6981
6874
6830
6783
8751
8765
8766
8767
45028
42217
41863
41585
40819
40629
39183
38304
37741
34517
31770
26151
26150
25927
25805
6643
6515
6433
3632
3415
3111
3089
2927
2920
35957
2747
2202
2182
69640
1957
1942
1935
1572
1281
3539
34162
5956
3679
5795
5791
5747
5464
5289
5198
5169
4763
7478
4326
4262
4103
3811
32892
3742
45210
46664
46723
61240
64622
64620
64614
63876
63082
61357
61323
61236
56607
60766
60069
58879
58191
57669
56805
56788
64701
64839
66665
67087
72741
72720
72395
72226
72176
72131
72011
71745
71464
71108
70293
69481
67665
67429
67255
47423
56782
56286
54272
53894
53123
53000
52967
52579
52241
51540
50068
49917
49824
48774
48738
48696
48516
47629
56152
53953
54286
55269
56015
55946
55442
55363
55280
55276
55253
55118
55069
55063
55052
54881
54513
104841
109487
2424
72998
70286
135518
3114
27611
79132
132046
150
8961
599
3949
293
3634
6218
2571
4327
3789
8154
2857
1209
914
4011
1291
5064
745
5349
3994
1036
44199
434
8781
494
780
7347
5602
4638
4223
153
3916
3499
3175
3160
2989
2985
2600
2329
2273
1617
4023
