7153
5952
8795
4993
2019
5902
3978
3260
1259
4306
2028
318
924
1036
3629
7243
1283
1291
150
1617
780
494
434
153
8781
2329
3499
2273
5602
4638
4223
4023
3916
3175
3160
2989
2985
2600
7347
260
6539
2968
3265
7022
954
8125
541
3022
3114
593
858
1042
1120
1200
4121
1610
306
319
364
588
1245
2330
2677
3246
26585
745
41997
52281
44199
1210
4467
4911
47465
2936
293
5782
3994
69640
1250
1199
5064
3361
3793
215
3996
7844
2924
7090
1
1242
48394
6218
1704
2424
78499
31878
4995
4262
3811
4326
1211
3679
8128
1197
4103
1273
5198
5747
3111
1957
1172
111384
121231
115617
134853
1061
2068
132046
1176
5299
65514
122886
106473
107999
105504
70286
106696
94777
34321
72998
8874
27611
118997
109487
68319
35836
135518
2571
63131
1028
1265
3703
7161
4973
46970
56367
64969
34405
6350
4018
6863
109249
66934
45950
88125
5481
5812
6281
6953
1955
8636
3257
68954
2641
107649
106918
2359
7478
44191
80551
3676
5449
55247
2082
104841
5377
5349
5135
4016
3052
3113
5507
5219
4069
3751
3785
3893
3882
4041
4890
3809
3301
3300
4351
4369
4641
3275
4701
4823
8972
7458
3176
130682
1131
4322
34162
4388
5909
3707
1088
1997
2942
111624
5984
35957
6942
8533
8623
45720
2174
59725
37729
100365
77455
7155
8369
6683
608
52319
78349
27255
1900
6986
2692
2361
117533
6016
39421
4612
32892
4189
40148
48711
64957
47099
60072
53318
2700
1956
2396
26614
5971
50
232
5618
3030
44555
7361
6985
47640
8464
26662
2369
71057
69712
46578
68358
69526
93040
95441
97938
109374
66097
32025
31221
7376
4721
1274
741
78209
76251
61024
55820
52973
6857
8528
2502
1103
104
36401
8865
8961
26554
6754
104283
33794
1721
82461
63992
60684
54290
350
520
529
587
628
661
904
1059
27904
8928
8861
7373
1358
1376
1517
1635
1639
1801
1954
2997
2004
2085
357
337
40614
300
111
247
1080
1256
2288
3546
5662
6287
6713
8188
27592
30745
31658
52885
58559
67997
5
186
37733
236
246
3948
599
146501
90376
97304
96832
96811
96728
96610
96588
96417
95761
95558
95449
95135
94969
94959
94931
91077
90866
90531
97673
97752
97921
102469
105355
105197
103688
103624
103449
103372
103107
102194
97923
101895
101525
101285
99149
99114
98961
98154
90439
90057
106766
89804
80489
80463
79242
78653
78574
78039
74545
74324
73023
72741
72720
72395
72226
72176
757
72011
71745
81562
81591
81786
87304
89759
89492
89470
89260
88810
88235
88129
86833
81845
86320
85394
83976
82463
82459
82313
81932
106100
106916
71108
128606
142488
141749
140725
140715
140174
139642
139385
137337
134881
134859
134130
133771
133645
132800
132549
132547
132458
143385
144172
146656
163949
111931
82152
66203
47044
138610
164979
164977
163056
148482
161582
161336
160954
158783
156387
155064
148626
131796
128512
106920
128360
114254
113064
112852
112556
112552
112550
112515
112290
112183
112070
111622
111505
111251
111249
110871
107636
107141
114342
114459
114662
123663
128235
127212
127206
127144
127114
127108
123695
122882
115139
118880
118700
117176
116797
116161
115713
115569
71464
72131
339
8765
8645
8584
8494
8236
8207
8195
8154
7926
7792
7438
7335
7195
6983
6981
6874
8751
8766
6783
8767
41863
41585
40819
40629
39183
38304
37741
34517
31770
70293
26366
26151
26150
25927
25805
6830
6643
2927
3742
1942
2109
3634
2178
3632
2182
3539
3498
3415
2202
2730
2747
2857
2920
3384
3671
3789
6515
3947
6433
6229
5956
5795
5791
5464
1572
5289
5169
4928
4763
4712
4437
4327
1935
42217
45028
45210
56286
58879
58191
57669
56805
56788
56782
56607
56152
46664
56015
55946
55442
55363
55280
55276
914
60069
60766
61236
61240
69481
67665
67429
67255
67087
66665
64839
64701
64622
64620
64614
63876
63082
61357
61323
55269
3089
946
53000
52579
52241
51540
50068
49917
49824
48774
48738
1281
48696
48516
47629
47423
47274
46723
52967
53123
55253
53894
1153
55118
1209
55069
1232
55063
1260
55052
54881
54513
54286
1272
54272
53953
68157
1089
2012
377
79132
27773
1258
3949
4011
74458
5445
1732
62849
47
48780
1219
2529
296
1079
4226
5608
2542
778
1729
2959
