5791
7438
50068
6874
55280
5464
8645
52281
41997
55363
55442
55069
61236
61240
7361
2997
4973
6016
46578
1732
5782
296
778
1729
31878
68954
93040
48774
45210
48738
49917
45028
41863
49824
47629
48696
48516
47423
46723
26554
3114
1079
745
40819
8961
45950
40629
39183
38304
3751
37741
44191
48394
2924
3996
7090
7844
3809
2028
44199
318
106473
2542
44555
3629
1283
7243
47099
7022
3265
109249
2959
1245
588
2677
2330
3246
364
319
306
1199
5299
8928
8874
65514
5971
1089
26614
50
4306
5618
150
3703
4226
111624
109374
68157
3361
1265
4018
215
293
2361
56367
53318
121231
67997
5608
55247
34321
6350
6857
1274
741
52885
104283
118997
111
66934
64957
35836
3030
1219
107999
26662
2692
7161
3022
4701
1900
4369
78349
4641
3415
3384
3089
8369
106918
5449
2936
3676
4823
5349
2927
8636
5377
5481
2920
107649
5812
6281
7155
2857
1088
757
146501
60072
541
77455
4322
2942
946
8533
45720
3176
3707
5984
39421
914
954
2747
1935
2730
2202
2182
2178
2109
1942
1572
40148
1281
1272
1260
1232
1209
1153
4351
599
4016
80551
2641
3257
3275
3300
3301
4069
5219
5507
7373
8861
27904
34405
68319
69526
69712
71057
47640
6985
82461
6754
8865
36401
104
2502
8528
2359
2082
76251
104841
1955
7478
32892
34162
35957
37729
2174
8623
2968
4467
4911
5909
47465
4388
1131
48711
4189
4612
6683
6986
27255
52319
5445
7458
8972
61024
78209
3893
337
520
529
628
661
904
1059
1242
1250
1259
1358
1376
1517
1635
1639
1801
1954
1956
2004
2012
2085
2369
2700
3052
3113
3785
377
3498
26585
246
33794
122886
4721
7376
31221
32025
232
68358
95441
97938
54290
40614
1080
1256
3546
5662
6287
6713
8188
30745
31658
58559
5
186
236
300
339
3539
101525
99149
99114
98961
98154
97923
97921
97752
97673
97304
96832
96811
96728
96610
96588
96417
101285
101895
111251
102194
110871
107636
107141
106920
106916
106766
106100
105355
105197
103688
103624
103449
103372
103107
102469
95761
95558
95449
95135
86833
86320
85394
83976
82463
82459
82313
81932
81845
81786
81591
81562
80489
80463
79242
87304
88129
88235
90439
3632
94959
94931
91077
90866
90531
90376
88810
90057
89804
89759
89492
89470
89260
111249
111505
78574
146656
143385
142488
141749
140725
140715
140174
139642
139385
137337
134881
134859
134130
133771
133645
132800
144172
148482
111622
148626
111931
82152
66203
47044
138610
164979
164977
163949
163056
161582
161336
160954
158783
156387
155064
132549
132547
132458
131796
115569
115139
114662
114459
114342
114254
113064
112852
112556
112552
112550
112515
112290
112183
112070
115713
116161
116797
127144
128606
128512
128360
128235
127212
127206
127114
117176
127108
123695
123663
122882
118880
118700
78653
94969
78039
4437
6981
6830
6783
6643
6515
6433
53123
6229
53894
5956
5795
53953
54272
54286
54513
5289
54881
55063
5169
55118
4928
55253
55269
4763
55276
55946
56015
4712
56152
6983
7195
7335
52241
25927
26150
26151
25805
26366
8767
31770
34517
41585
42217
46664
47274
51540
8766
7792
8765
52579
52967
8751
8584
8494
8236
53000
8207
8195
8154
8125
7926
56286
55052
3947
72131
61357
72011
63082
71745
63876
71464
71108
70293
69481
67665
64614
67429
3742
67255
64620
67087
64622
56607
66665
3789
64839
61323
64701
60766
73023
56782
4327
56788
56805
57669
58191
74545
74324
72741
72720
72395
58879
3634
3671
72226
60069
72176
6942
1176
3949
115617
260
6863
64969
1997
4890
46970
130682
1028
1704
1291
5064
1210
109487
1258
63131
60684
3994
106696
1036
94777
48780
105504
66097
2068
72998
2396
3811
1957
357
1172
8128
1211
3679
5198
587
3948
4326
5747
3111
4262
4103
1273
1197
70286
74458
6218
135518
62849
4995
117533
134853
2273
4223
3160
2989
3499
2985
2600
2329
3916
1617
4023
780
4638
5602
494
434
153
7347
8781
3175
27611
608
100365
247
2529
1061
924
79132
4011
63992
2424
3260
3978
5902
132046
88125
2019
78499
37733
3882
59725
5135
1
69640
27592
55820
4993
8795
3793
7153
5952
6539
47
2288
111384
8464
2571
1103
350
52973
4041
858
4121
593
1042
1120
1200
1610
1721
6953
27773
