628
5
8623
608
4041
52973
350
1103
7161
3809
55820
37733
3882
1079
4973
8928
109249
46578
109374
1732
1956
1358
1259
1376
1250
1517
1635
1639
1801
1954
2396
2004
2012
4016
3978
3893
3785
3751
3361
3260
3114
3113
3052
2700
2692
1059
2369
2085
1242
135518
904
1256
6713
6287
5662
3546
2529
2288
1729
1219
661
1089
1080
247
111
40614
54290
118997
8188
27592
27773
30745
587
529
4306
377
357
337
300
246
236
215
186
67997
58559
52885
31658
520
4701
4351
77455
53318
39421
7155
5984
3707
3176
64969
63131
59725
45720
8533
6942
6863
2942
1997
1088
1028
306
319
364
1197
1273
1272
1260
1245
1232
1211
1209
1172
541
1153
954
946
914
757
146501
588
4322
62849
4369
60072
3703
107649
88125
68954
65514
8636
6953
6281
5812
5481
5377
5349
5135
4890
4823
97938
4641
44191
106473
3676
117533
47099
40148
6016
5608
2959
2542
778
2361
5449
1900
94777
78349
70286
8369
106918
55247
106696
34321
95441
1061
4069
3301
3300
3275
3257
2641
2359
80551
5507
2082
104841
69640
8972
7458
5445
52319
5219
7373
93040
68319
7361
6985
47640
46970
71057
69712
69526
68157
8861
66934
66097
63992
60684
48394
34405
27904
121231
109487
79132
150
4467
2968
1199
130682
111624
107999
2174
100365
48780
45950
37729
35957
34162
32892
7478
1955
4911
5909
47465
296
4995
4226
1704
1258
260
27255
6986
6683
4612
4189
48711
74458
64957
1131
4388
44555
3030
5618
1721
47
35836
32025
31221
7376
4721
122886
33794
7090
31878
26585
26554
8961
8874
8795
7844
50
232
318
1176
72998
68358
56367
1283
27611
26662
26614
8464
5299
4018
3948
2424
2068
1265
1210
7153
7022
5971
8528
1120
1042
858
593
78209
76251
61024
2502
6857
104
36401
8865
6754
132046
104283
82461
1200
1610
3793
4121
6539
6350
5952
5902
5782
4993
3996
3265
2997
2924
2571
2019
1274
924
741
1281
599
1572
97752
97304
96832
96811
96728
96610
96588
96417
95761
95558
95449
95135
94969
94959
94931
91077
90866
90531
97673
97921
106766
97923
105504
105355
105197
103688
103624
103449
103372
103107
102469
102194
101895
101525
101285
99149
99114
98961
98154
90439
90376
90057
89804
80489
80463
79242
78653
1935
78039
74545
74324
73023
72741
72720
72395
72226
72176
72131
72011
71745
81562
81591
81786
87304
89759
89492
89470
89260
88810
88235
88129
86833
81845
86320
85394
83976
82463
82459
82313
81932
106100
106916
71108
144172
142488
141749
140725
140715
140174
139642
139385
137337
134881
134859
134130
133771
133645
132800
132549
132547
132458
143385
146656
106920
148482
111931
111384
82152
66203
47044
138610
164979
164977
163949
163056
161582
161336
160954
158783
156387
155064
148626
131796
128606
128512
128360
114254
113064
112852
112556
112552
112550
112515
112290
112183
112070
111622
111505
111251
111249
110871
107636
107141
114342
114459
114662
123663
128235
127212
127206
127144
127114
127108
123695
122882
115139
118880
118700
117176
116797
116161
115713
115569
71464
78574
70293
69481
8236
8207
8195
8154
8128
8125
7926
7792
7438
7335
7243
7195
6983
6981
6874
6830
6783
6643
6515
6433
6229
8494
8584
8645
37741
45028
42217
41997
41863
41585
40819
40629
39183
38304
34517
8751
31770
26366
26151
26150
25927
25805
8767
8766
8765
5956
5795
5791
2747
3384
3246
3111
3089
3022
2936
2927
2920
2857
2730
3498
2677
2330
2202
2182
2178
2109
2028
1957
1942
3415
3539
5747
4326
5464
5289
5198
5169
4928
4763
4712
4437
4327
4262
3629
4103
3947
3811
3789
3742
3679
3671
3634
3632
45210
46664
46723
55269
56607
56286
56152
56015
55946
55442
55363
55280
55276
55253
56788
55118
55069
55063
55052
54881
54513
54286
54272
53953
56782
56805
53123
64614
67665
67429
67255
67087
66665
64839
64701
64622
64620
63876
57669
63082
61357
61323
61240
61236
60766
60069
58879
58191
47274
53894
339
49917
49824
48774
50068
48738
48696
51540
48516
53000
52241
52967
47629
52579
52281
47423
115617
134853
293
6218
3949
78499
4011
5064
1291
745
1
3994
1036
44199
2600
4223
8781
153
7347
434
494
5602
4638
780
4023
2329
3916
3499
3175
3160
2985
1617
2273
2989
