293
26614
50
2028
1245
2677
2330
588
3246
319
364
306
608
1732
1089
2571
260
1080
2997
661
1242
3052
1199
1079
434
494
8781
153
780
1617
3916
4223
2273
7347
2329
2600
2985
2989
3160
4638
3499
4023
3175
5602
296
7243
3629
1283
47
350
52973
4041
1103
3809
4467
5782
2542
215
7361
26554
44199
541
3022
954
8125
2959
132046
93040
3793
4011
60072
4973
2968
1729
778
1036
3994
41997
52281
68157
4326
4262
4103
1957
3811
6287
2502
3111
5198
1
5449
1211
5747
3679
1273
1172
8128
104
1197
1517
2174
3949
745
79132
44191
109249
1265
2936
48394
60684
5064
1610
1200
1120
1042
858
593
4121
78499
55820
46578
4226
6218
8928
1291
3882
37733
1258
27611
88125
109374
2288
1210
135518
5608
134853
2361
27592
70286
48780
115617
72998
2068
2692
53318
27773
109487
107649
2529
1219
2019
6863
112552
5299
62849
111
5971
1704
66097
122886
1088
4995
74458
111624
55247
34321
8874
118997
35836
31878
63131
3703
7161
6539
46970
94777
107999
56367
64969
6942
4018
66934
6350
1900
4369
5349
2082
5377
5135
4890
4351
4306
4823
2359
4641
65514
8369
80551
68954
104841
4701
8636
6953
6281
5812
106918
69640
8972
7458
1061
5481
52319
5445
924
121231
7155
4911
45720
3176
8623
3707
5984
100365
45950
2942
39421
37729
35957
34162
32892
7478
1955
8533
5909
117533
47099
27255
6986
6683
4612
6016
3978
40148
4189
47465
48711
64957
1131
77455
4388
4322
1028
4016
1639
3893
32025
8865
232
318
1176
6754
82461
3030
8464
44555
6985
47640
68358
95441
97938
106696
71057
69712
54290
40614
36401
31221
69526
7376
78209
2924
76251
3265
3996
4993
61024
5902
5952
7022
7090
7153
7844
8795
8961
8528
26585
33794
4721
247
1256
3785
4069
1059
3301
1250
1259
3300
1358
3275
1635
1956
2004
2085
2369
2396
2700
3257
3113
3260
3361
3751
904
628
34405
587
3546
5662
27904
6713
8188
30745
31658
58559
67997
8861
5
186
5507
246
300
337
5219
357
529
3948
599
146501
97673
96832
96811
96728
96610
96588
96417
95761
95558
95449
95135
94969
94959
94931
91077
90866
90531
90439
97304
97752
106100
97921
105355
105197
103688
103624
103449
103372
103107
102469
102194
101895
101525
101285
99149
99114
98961
98154
97923
90376
90057
89804
89759
80463
79242
78653
78574
78039
74545
74324
73023
72741
72720
72395
72226
72176
757
72011
71745
71464
80489
81562
81591
86833
89492
89470
89260
88810
88235
88129
87304
86320
81786
85394
83976
82463
82459
82313
81932
81845
105504
106766
70293
144172
142488
141749
140725
140715
140174
139642
139385
137337
134881
134859
134130
133771
133645
132800
132549
132547
132458
143385
146656
106916
148482
111931
111384
82152
66203
47044
138610
164979
164977
163949
163056
161582
161336
160954
158783
156387
155064
148626
131796
128606
128512
128360
114254
113064
112852
112556
112550
112515
112290
112183
112070
111622
111505
111251
111249
110871
107636
107141
106920
114342
114459
114662
123663
128235
127212
127206
127144
127114
127108
123695
122882
115139
118880
118700
117176
116797
116161
115713
115569
71108
72131
69481
46664
8765
8751
8645
8584
8494
8236
8195
8154
7926
7438
7335
7195
6983
6981
6874
8766
8767
25805
39183
45028
42217
41863
41585
40819
40629
38304
25927
37741
67665
34517
31770
26151
26150
6830
6783
6643
1572
2857
2747
2202
2182
1942
1935
1281
2927
1260
1232
1209
1153
946
914
2920
3089
6515
5169
6433
5956
5795
5791
5464
5289
4763
3415
4327
3789
3742
3634
3632
3539
45210
339
46723
58879
57669
56805
56788
56782
56607
56286
56152
56015
55442
55363
55280
55276
55269
55253
55118
58191
60069
55063
60766
67429
67255
67087
66665
64839
64701
64622
64620
64614
63876
63082
61357
61323
61240
61236
55069
55946
55052
53123
50068
49824
48774
51540
52241
48738
52579
52967
48696
53000
49917
54272
54286
47423
54881
53894
48516
53953
47629
54513
63992
59725
78349
150
3114
5618
1721
106473
236
26662
1801
520
2012
2424
377
1376
104283
52885
6857
741
1274
68319
130682
7373
2730
1954
2641
3384
8207
47274
1272
6229
4712
4928
3498
2109
2178
4437
3947
26366
7792
3671
1997
3676
