1721
150
2424
3114
59725
6942
63992
364
1245
306
588
319
3246
1517
2677
2330
2028
215
293
1242
52885
186
5
67997
1635
58559
31658
246
30745
27773
27592
8188
6713
6287
236
300
1059
3546
904
1250
661
628
587
529
520
1376
377
357
350
1259
1358
337
5662
1080
2529
2288
68358
56367
46578
34321
27611
26662
26614
8464
7161
5299
4973
4018
3948
2068
1265
1210
1176
72998
93040
95441
111
1729
1256
1219
1089
1801
1079
247
40614
97938
54290
134853
118997
115617
109374
109249
106696
1639
2369
1954
3676
47099
40148
6016
5608
2959
2542
778
1
117533
2361
1900
94777
78349
70286
8369
106918
55247
60072
62849
77455
63131
53318
39421
7155
5984
3707
3176
64969
45720
78499
8533
6863
2942
1997
1088
1028
4322
5449
106473
1956
44191
4041
4016
3978
3893
3785
3751
3361
3260
3113
3052
2700
2692
2396
232
2085
2012
2004
4306
4351
4369
6281
3703
107649
88125
68954
65514
8636
6953
5812
4641
5481
5377
5349
5135
4890
4823
4701
318
135518
50
3257
5507
5219
4069
3882
3809
3301
3300
3275
2641
5445
2359
1732
1061
80551
2082
104841
69640
8972
7373
8861
8928
27904
3030
44555
7361
6985
47640
46970
71057
69712
69526
68319
68157
66934
66097
60684
48394
37733
34405
7458
608
5971
8623
5909
4911
4467
2968
1199
130682
111624
107999
2174
52319
100365
45950
37729
35957
34162
32892
7478
1955
47465
296
4388
1131
121231
109487
79132
48780
4995
4226
1704
1258
260
27255
6986
6683
4612
4189
48711
74458
64957
5618
82461
47
1274
5782
4993
3996
3265
2997
2924
2571
2019
924
4121
741
44199
8781
7347
6218
5602
5064
4638
5902
5952
6350
6539
32025
31221
7376
4721
122886
33794
31878
26585
26554
8961
8874
8795
7844
7153
7090
7022
6857
4223
4023
104283
55820
745
593
494
434
153
78209
76251
61024
52973
4011
8528
2502
1103
104
36401
8865
6754
132046
780
858
1036
1042
3994
3949
3916
3793
3499
3175
3160
2989
2985
2600
2329
2273
1617
1610
1291
1200
1120
35836
599
541
95135
96811
96728
96610
96588
96417
95761
95558
95449
94969
89759
94959
94931
91077
90866
90531
90439
90376
90057
96832
97304
97673
97752
105197
103688
103624
103449
103372
103107
102469
102194
101895
101525
101285
99149
99114
98961
98154
97923
97921
89804
89492
146501
72226
78574
78039
74545
74324
73023
72741
72720
72395
72176
89470
72131
72011
71745
71464
71108
70293
69481
67665
78653
79242
80463
80489
89260
88810
88235
88129
87304
86833
86320
85394
83976
82463
82459
82313
81932
81845
81786
81591
81562
105355
105504
106100
134881
142488
141749
140725
140715
140174
139642
139385
137337
134859
106766
134130
133771
133645
132800
132549
132547
132458
131796
143385
144172
146656
148482
111931
111384
82152
66203
47044
138610
164979
164977
163949
163056
161582
161336
160954
158783
156387
155064
148626
128606
128512
128360
114254
112852
112556
112552
112550
112515
112290
112183
112070
111622
111505
111251
111249
110871
107636
107141
106920
106916
113064
114342
128235
114459
127212
127206
127144
127114
127108
123695
123663
122882
118880
118700
117176
116797
116161
115713
115569
115139
114662
67429
67255
67087
4763
5795
5791
5747
5464
5289
5198
5169
4928
4712
8494
4437
4327
4326
4262
4103
3947
3811
3789
5956
6229
6433
6515
8207
8195
8154
8128
8125
7926
7792
7438
7335
7243
7195
6983
6981
6874
6830
6783
6643
3742
3679
3671
1957
1935
1572
1283
1281
1273
1272
1260
1232
1211
1209
1197
1172
1153
954
946
914
757
1942
2109
3634
2178
3632
3629
3539
3498
3415
3384
3111
3089
3022
2936
2927
2920
2857
2747
2730
2202
2182
8236
8584
66665
55253
56152
56015
55946
55442
55363
55280
55276
55269
55118
8645
55069
55063
55052
54881
54513
54286
54272
53953
56286
56607
56782
56788
64839
64701
64622
64620
64614
63876
63082
61357
61323
61240
61236
60766
60069
58879
58191
57669
56805
53894
53123
53000
41997
41585
40819
40629
39183
38304
37741
34517
31770
26366
26151
26150
25927
25805
8767
8766
8765
8751
41863
42217
52967
45028
52579
52281
52241
51540
50068
49917
49824
48774
48738
48696
48516
47629
47423
47274
46723
46664
45210
339
