4993
8795
78499
1
79132
2019
134853
48780
1210
68319
122886
2571
7090
116161
116797
117176
7844
1957
115569
2857
58559
3996
3111
56805
1273
5349
2085
114662
914
114342
1209
112852
112556
1197
1172
112290
112183
111622
3751
1211
56788
53123
52967
3679
53894
54272
54286
54513
54881
55052
55118
104841
5445
55253
55269
55276
56152
56286
56607
56782
53000
2924
52241
5198
3789
3811
4103
4262
4326
51540
4327
5747
8128
8154
3114
1283
7243
3629
72998
74458
3634
2028
112515
118880
118700
599
82459
81932
80463
79242
78574
78039
74545
74324
82463
81562
81591
81845
80489
67255
541
8125
954
3022
7022
3265
111251
4226
3703
2936
4018
1291
65514
150
2529
2959
31878
55820
40614
109487
55069
55442
106473
77455
34405
112552
62849
1250
41997
52281
107999
70286
117533
141749
142488
143385
146656
134130
128360
140174
133645
115713
127114
128606
148626
139385
134881
137337
60684
1176
94777
4995
55247
82461
7373
2641
745
134859
122882
109374
127108
69526
27773
48394
47
56367
2692
1258
1704
78349
2424
109249
1089
4011
1265
132046
27611
135518
118997
1801
127206
107141
106920
93040
95441
97938
106916
106766
106100
54290
105504
111
247
1079
1080
105355
1219
1256
1729
2288
105197
3546
5662
6287
6713
107636
26662
26614
4721
6857
127144
123695
123663
115139
8961
26554
26585
114459
1721
114254
7376
110871
31221
32025
113064
50
232
318
112550
112070
111505
111249
3948
8188
27592
103688
102469
1954
1956
2004
2012
103372
2369
2396
103107
2700
3052
3113
3361
1635
102194
3785
3893
4016
4041
4351
4369
4641
4701
4823
4890
1639
1517
30745
357
31658
52885
103624
67997
5
186
236
246
300
337
350
377
1376
520
529
587
628
661
904
1059
1242
103449
1259
1358
5782
127212
101895
128235
27255
66203
47044
138610
164979
164977
163949
163056
121231
52319
608
161582
7458
69640
161336
2082
80551
1061
1732
2359
160954
3257
3275
3300
3301
6986
6683
4612
130682
1955
7478
32892
34162
35957
37729
45950
111931
2174
8623
111384
1199
4189
2968
4467
4911
5909
47465
296
4388
1131
64957
82152
48711
3882
4069
5219
1120
1103
2502
8528
52973
133771
76251
78209
593
132800
858
1042
1200
36401
132549
1610
3793
132547
4121
741
1274
132458
131796
128512
2997
104
8865
5507
144172
158783
8861
8928
27904
156387
37733
155064
148482
63992
66097
68157
140725
6754
69712
71057
47640
6985
7361
44555
3030
5618
140715
104283
139642
5135
339
5377
87304
5956
6229
6433
6515
6643
6783
6830
6981
6983
7195
86833
7335
7792
7926
86320
85394
83976
8195
8207
8236
8494
8584
8751
5795
5289
8766
5481
90439
3384
3415
3498
3539
90376
3632
90057
3671
89804
3742
89759
89492
3947
89470
89260
88810
88235
4437
4712
4763
4928
5169
8765
8767
90531
48774
49917
81786
78653
73023
52579
72741
72720
72395
72226
53953
72176
72131
72011
71745
71464
71108
70293
69481
67665
67087
55946
56015
66665
49824
48738
25805
48696
25927
26150
26151
26366
31770
34517
37741
38304
39183
40629
40819
41585
41863
82313
42217
45028
45210
46664
46723
47274
47423
47629
48516
3089
88129
90866
2542
1272
95135
1281
45720
8533
2942
1997
1088
4322
96811
96832
97304
60072
94969
47099
40148
5608
1260
59725
1232
96417
96728
146501
757
96610
946
96588
1153
53318
95449
95761
39421
7155
5984
3707
3176
95558
97673
6016
778
106918
5449
97752
2182
99149
2202
44191
101285
107649
88125
101525
6953
6281
2730
2747
5812
91077
2920
99114
3676
8369
94959
97921
2361
1900
97923
1572
98961
1942
1935
2927
2178
2109
98154
94931
6942
111624
5971
3809
100365
1028
215
66934
106696
319
306
8636
364
588
3246
2677
68358
1245
2330
8464
6863
6350
64969
46970
46578
3994
4973
6539
63131
35836
8874
34321
2068
293
7161
3949
6218
55363
5064
61024
5791
6874
8645
5464
55280
7438
50068
1036
115617
5299
44199
2273
1617
3499
780
494
2600
153
434
2329
2989
7347
4023
4223
4638
5602
3175
3916
3160
8781
2985
260
7153
5952
61240
61236
68954
57669
58191
64614
58879
61357
60069
60766
61323
64620
63876
64622
64701
64839
67429
55063
8972
63082
4306
33794
3978
3260
5902
924
