296
858
1200
186
593
520
4121
1610
357
1120
1042
47
3793
2959
778
1729
88125
2288
1089
5608
68157
27592
4226
1258
2542
337
130682
27773
1079
48394
1219
2529
1997
48780
62849
1704
66097
74458
1732
4995
79132
1256
2396
1080
30745
2692
2700
3052
3113
3260
3361
3751
3785
3893
3546
3978
8188
2369
4016
4306
4351
4369
4641
6713
6287
5662
300
2004
2085
1358
246
529
587
628
236
661
904
1059
1242
1250
1259
1376
31658
1517
1635
1639
1801
1954
5
67997
58559
52885
1956
2012
135518
8636
4701
946
757
146501
541
53318
39421
7155
5984
3707
3176
64969
63131
59725
45720
8533
6942
914
954
2942
1153
2109
1957
1942
1935
1572
1283
1281
1273
1272
1260
1232
1211
1209
1197
1172
6863
1088
4823
5449
106473
44191
3703
107649
68954
65514
111
6953
6281
5812
5481
5377
5349
5135
4890
3676
55247
1028
106918
4322
78499
77455
60072
47099
40148
6016
1
117533
2361
1900
94777
78349
70286
8369
247
93040
40614
34405
8928
8861
7373
5507
5219
4069
3809
3301
3300
3275
3257
2641
2359
1061
80551
27904
60684
54290
63992
104283
82461
5971
5618
3030
44555
7361
6985
47640
46970
71057
69712
69526
68319
66934
2082
104841
69640
8972
4467
2968
1199
111624
107999
8623
2174
100365
45950
37729
35957
34162
32892
7478
1955
4911
5909
47465
27255
7458
5445
52319
121231
109487
260
6986
4388
6683
4612
4189
48711
64957
1131
132046
6754
8865
4721
7161
5299
4973
4018
3948
2068
1265
1210
1176
318
232
50
35836
32025
31221
8464
26614
26662
97938
134853
118997
115617
109374
109249
106696
95441
27611
2182
72998
68358
56367
46578
34321
7376
122886
36401
1721
3996
3265
2997
2924
2571
2019
1274
924
741
78209
76251
61024
8528
2502
104
4993
5782
5902
8795
33794
31878
26585
26554
8961
8874
7844
5952
7153
7090
7022
6857
6539
6350
2178
599
2202
97921
97673
97304
96832
96811
96728
96610
96588
96417
95761
95558
95449
95135
94969
94959
94931
91077
90866
97752
97923
71108
98154
106100
105504
105355
105197
103688
103624
103449
103372
103107
102469
102194
101895
101525
101285
99149
99114
98961
90531
90439
90376
90057
80489
80463
79242
78653
78574
78039
74545
74324
73023
72741
72720
72395
72226
72176
72131
72011
71745
81591
81786
81845
88129
89804
89759
89492
89470
89260
88810
88235
87304
81932
86833
86320
85394
83976
82463
82459
82313
106766
106916
106920
131796
143385
142488
141749
140725
140715
140174
139642
139385
137337
134881
134859
134130
133771
133645
132800
132549
132547
144172
146656
148482
164977
111931
111384
82152
66203
47044
138610
164979
163949
148626
163056
161582
161336
160954
158783
156387
155064
132458
128606
107141
128512
114342
114254
113064
112852
112556
112552
112550
112515
112290
112183
112070
111622
111505
111251
111249
110871
107636
114459
114662
115139
123695
128360
128235
127212
127206
127144
127114
127108
123663
115569
122882
118880
118700
117176
116797
116161
115713
71464
81562
70293
8767
8765
8751
8645
8584
8494
8236
8207
8195
8154
8128
8125
7926
7792
7438
7335
7243
7195
6983
6981
8766
25805
47629
25927
47274
46723
69481
45210
45028
42217
41997
41863
41585
40819
40629
39183
38304
37741
34517
31770
26366
26151
26150
6874
6830
6783
6643
3742
3679
3671
3634
3632
3629
3539
3498
3415
3384
3111
3089
3022
2936
2927
2920
2857
2747
2730
3789
3811
3947
5289
6515
6433
6229
5956
5795
5791
5747
5464
5198
4103
5169
4928
4763
4712
4437
4327
4326
4262
47423
46664
54881
55269
56607
56286
56152
56015
55946
55442
55363
55280
55276
55253
56788
55118
55069
55063
55052
54513
54286
54272
53953
53894
56782
56805
53000
64614
67665
67429
67255
67087
66665
64839
64701
64622
64620
63876
57669
63082
61357
61323
61240
61236
60766
60069
58879
58191
53123
339
52967
52281
52241
48696
52579
51540
50068
48738
49917
49824
48774
48516
2424
215
2028
37733
3882
3114
55820
608
2677
2330
588
1245
364
319
306
3246
150
350
1103
52973
4041
377
6218
3949
293
4011
1291
5064
745
3994
1036
44199
434
153
494
780
1617
2985
2273
2329
2600
8781
2989
3160
7347
3499
3916
4023
5602
4223
4638
3175
