2571
58559
1729
778
2959
2542
132046
1079
296
79132
27611
1732
135518
70286
72998
1210
109487
260
1242
52885
5
1376
1517
67997
232
31658
215
30745
27773
27592
8188
6713
6287
1635
186
236
1250
246
1059
904
661
628
1259
1358
587
529
520
377
357
350
337
3546
300
5662
2424
2529
2288
106696
97938
95441
93040
68358
56367
46578
34321
26662
26614
8464
7161
5299
4973
4018
109249
2068
1265
247
318
3948
1219
1089
1080
1639
111
1176
40614
54290
134853
118997
115617
109374
1256
2012
1801
44191
62849
60072
47099
40148
6016
5608
1
117533
2361
1900
94777
78349
8369
106918
55247
5449
3676
77455
78499
4322
53318
757
146501
588
541
364
319
306
5984
1028
3176
64969
63131
45720
8533
6863
1997
106473
3703
1954
107649
3978
3893
3785
3751
3361
3260
3114
3113
3052
2700
2692
2396
2369
2085
47
2004
1956
4016
4041
4306
5481
88125
68954
65514
8636
6953
6281
5812
5377
4351
5349
5135
4890
4823
4701
4641
4369
50
4721
32025
27904
8861
7373
5507
5219
4069
3882
3809
3301
3300
3275
3257
2641
2359
1061
80551
2082
104841
8928
34405
8972
37733
5618
3030
44555
7361
6985
47640
46970
71057
69712
69526
68319
68157
66934
66097
63992
60684
48394
69640
7458
31221
5909
4467
2968
1199
130682
111624
107999
8623
2174
150
100365
45950
37729
35957
34162
32892
7478
1955
4911
47465
5445
4388
608
52319
121231
48780
4995
4226
1704
1258
27255
6986
6683
4612
4189
48711
74458
64957
1131
5971
82461
104283
5902
4993
3996
3265
2997
2924
2019
1274
924
741
44199
8781
7347
6218
5602
5064
4638
4223
5782
5952
6754
6350
7376
946
122886
1721
33794
31878
26585
26554
8961
8874
8795
7844
7153
7090
7022
6857
6539
4121
4023
4011
3994
745
593
494
434
293
153
78209
76251
61024
55820
52973
8528
2502
1103
104
36401
8865
780
858
1036
2985
3949
3916
3793
3499
3175
3160
2989
2600
1042
2329
2273
1617
1610
1291
1200
1120
914
599
954
94931
96588
96417
95761
95558
95449
95135
94969
94959
91077
96728
90866
90531
90439
90376
90057
89804
89759
89492
96610
96811
89260
101285
103624
103449
103372
103107
102469
102194
101895
101525
99149
96832
99114
98961
98154
97923
97921
97752
97673
97304
89470
88810
1153
71745
73023
72741
72720
72395
72226
72176
72131
72011
71464
74545
71108
70293
69481
67665
67429
67255
67087
66665
74324
78039
88235
82313
88129
87304
86833
86320
85394
83976
82463
82459
81932
78574
81845
81786
81591
81562
80489
80463
79242
78653
103688
105197
105355
134859
141749
140725
140715
140174
139642
139385
137337
134881
134130
143385
133771
133645
132800
132549
132547
132458
131796
128606
142488
144172
105504
163949
111931
111384
82152
66203
47044
138610
164979
164977
163056
146656
161582
161336
160954
158783
156387
155064
148626
148482
128512
128360
128235
111505
112556
112552
112550
112515
112290
112183
112070
111622
111251
127212
111249
110871
107636
107141
106920
106916
106766
106100
112852
113064
114254
114342
127206
127144
127114
127108
123695
123663
122882
118880
118700
117176
116797
116161
115713
115569
115139
114662
114459
64839
339
64701
5956
5791
5747
5464
5289
5198
5169
4928
4763
4712
4437
4327
4326
4262
4103
3947
3811
3789
5795
6229
3679
6433
8195
64622
8128
8125
7926
7792
7438
7335
7243
7195
6983
6981
6874
6830
6783
6643
6515
3742
3671
8236
2182
2109
2028
1957
1942
1935
1572
1283
1281
1273
1272
1260
1245
1232
1211
1209
1197
1172
2178
2202
3634
2330
3632
3629
3539
3498
3415
3384
3246
3111
3089
3022
2936
2927
2920
2857
2747
2730
2677
8207
8154
8494
56015
55442
55363
55280
55276
55269
55253
55118
55069
55063
55052
54881
54513
54286
54272
53953
8584
53123
55946
56152
52967
56286
64620
64614
63876
63082
61357
61323
61240
61236
60766
60069
58879
58191
57669
56805
56788
56782
56607
53000
53894
52579
8751
40819
52281
40629
8645
39183
38304
37741
34517
25805
31770
26366
8765
26151
8766
8767
26150
41585
41863
41997
42217
52241
51540
50068
49917
49824
48774
48738
48696
48516
47629
47423
47274
46723
46664
45210
45028
25927
6942
35836
59725
3707
39421
7155
1088
2942
