858
593
1042
1120
1200
1610
4121
109487
2019
47
50
26614
4993
8795
3793
60072
5952
7153
588
3246
306
319
364
2677
2330
1245
79132
2959
2288
4226
5608
48780
27592
215
64839
61323
58191
58879
60069
60766
63082
61357
67429
63876
64614
57669
64620
64701
64622
55063
5782
68157
132046
2529
27773
130682
2692
48696
41863
45028
45210
46723
47423
48516
47629
48774
48738
49824
49917
1219
1997
1704
26585
2997
62849
74458
2571
70286
122886
3265
7022
27611
4995
26554
7361
44555
135518
47099
1089
61024
72998
52319
60684
7458
1258
296
67997
81845
81562
80463
81932
82459
80489
82463
81591
74545
79242
78574
78039
67255
74324
72011
69481
71108
71464
71745
72226
72131
78653
72395
72720
73023
67087
66665
70293
1210
67665
69712
2028
1176
78499
77455
4351
4369
5135
4041
4016
4641
4701
4823
4890
232
5377
5349
3893
5812
6281
6953
8636
65514
107649
44191
106473
3978
3751
3785
5449
4388
1250
1259
47465
1358
1376
1517
1635
1639
1801
1954
1956
2004
2012
2085
2369
2396
5909
2700
3052
3113
3260
3361
3676
4911
55247
106918
5984
7155
39421
53318
37729
35957
34162
541
32892
7478
1955
146501
757
914
946
954
1153
1172
1197
1209
1211
3707
45950
3176
6016
8369
1242
78349
1900
1
778
2542
4467
2968
40148
59725
1199
8623
2174
4322
1088
100365
2942
8533
45720
1131
4189
48711
8865
78209
76251
1080
55820
52973
8528
2502
1103
104
36401
6754
27904
104283
82461
5618
3030
6985
47640
71057
69526
63992
37733
741
924
1274
2924
3948
8464
32025
26662
31221
68358
7376
95441
97938
54290
4721
1721
40614
33794
8961
247
7844
7090
6857
5902
3996
34405
8861
1059
587
2082
236
246
300
337
350
357
377
520
529
628
7373
661
904
104841
8972
121231
27255
6986
6683
4612
318
186
80551
5
1061
5507
1256
5219
4069
3882
3301
3300
1729
3275
3257
3546
5662
6287
6713
8188
2641
2359
30745
31658
52885
58559
1232
599
1260
98154
95449
95558
95761
96417
96588
96610
96728
96811
96832
97304
97673
97752
97921
97923
98961
106766
99114
99149
101285
101525
101895
102194
102469
103107
103372
103449
103624
103688
105197
105355
95135
94969
94959
94931
56152
56286
56607
56782
56788
56805
72176
72741
81786
82313
83976
85394
86320
86833
87304
88129
88235
88810
89260
89470
89492
89759
1272
90057
90376
90439
90531
90866
91077
106100
106916
55946
155064
134881
137337
139385
139642
140174
140715
140725
141749
142488
143385
144172
146656
148482
148626
156387
106920
158783
160954
161336
161582
163056
163949
164977
164979
138610
47044
66203
82152
111384
111931
134859
134130
133771
133645
107141
107636
110871
111249
111505
112070
112550
113064
114254
114459
115139
115713
122882
123663
123695
127108
127114
127144
127206
127212
128235
128360
128512
128606
131796
132458
132547
132549
132800
56015
89804
339
3111
3679
3671
3634
3632
7926
8125
8128
8154
8195
8207
8236
8494
8584
3498
8751
3415
3384
8765
8766
8767
25805
25927
26150
26151
26366
3742
3789
3811
7195
5956
6229
6433
6515
6643
6783
6830
5747
5289
6981
6983
7335
3947
5198
5169
4928
4763
4712
4437
4327
4326
4262
4103
7792
31770
3539
34517
52579
53000
2182
53123
53894
53953
54272
2178
2109
1957
1942
37741
1935
54286
54513
1572
54881
55052
1281
55118
55253
55269
55276
1273
52967
5795
2936
3022
40629
47274
38304
51540
2927
2920
46664
42217
52241
2857
39183
2747
41585
2730
2202
3089
40819
66097
3703
134853
68319
88125
117533
6942
61236
61240
112552
107999
46578
68954
111251
64957
118700
118880
112515
5971
293
94777
8928
111622
112183
112290
112556
112852
116161
114662
115569
116797
117176
114342
93040
2424
111624
66934
1732
1079
55442
55069
55363
6863
4018
1283
3629
7243
109249
64969
5791
50068
7438
8645
5464
55280
6874
46970
6350
608
3114
56367
2361
7161
1028
63131
41997
52281
115617
3809
35836
260
31878
106696
118997
48394
2068
1265
105504
34321
8874
150
5445
5481
111
109374
5299
4973
3949
6218
4011
1291
5064
745
1036
3994
69640
44199
4306
6539
4223
2329
153
434
494
8781
780
7347
1617
2273
2600
4023
2985
2989
3160
3499
3916
5602
4638
3175
