1291
8125
541
954
3022
2571
55280
5464
5791
6229
6874
7438
7792
8645
8207
4928
26366
1259
1242
47274
8636
50068
2178
3498
4437
3947
4712
3671
2109
1272
3384
318
3629
7243
1283
2273
4223
1617
2600
5602
3499
780
4638
3916
153
2989
2329
434
8781
2985
4023
3160
494
3175
7347
2028
2936
52281
41997
2730
55363
3994
55442
55069
61240
61236
44199
1036
132046
48394
745
4011
1210
5064
3949
68954
741
1274
6857
52885
4306
5349
104283
47
72998
293
79132
3361
40614
27611
6218
70286
135518
107999
2677
306
319
364
3246
588
2330
1245
111384
74458
121231
26662
27773
1061
106473
109487
5618
6350
1250
215
88125
2288
260
5608
27592
4226
122886
130682
1219
2529
34405
1997
94777
48780
68319
62849
1704
3703
66097
4995
27255
6986
4612
6683
4351
4016
4369
4641
4701
4189
4823
4890
5135
48711
5377
4041
1376
3978
2692
1517
1635
1801
1956
2004
2085
2369
2396
2700
1059
3052
3113
3114
3260
5481
3785
52319
3893
3751
55820
5812
64957
45950
40148
47099
37729
35957
34162
60072
77455
78499
32892
4322
1028
7478
1088
2942
6863
6942
8533
45720
59725
63131
64969
3176
1955
3707
6016
1
117533
44191
6281
1131
6953
4388
65514
47465
5909
4911
4467
661
107649
2968
100365
3676
5449
55247
1199
106918
8369
111624
78349
2174
1900
150
904
337
5445
924
2019
5219
2924
2997
3265
3996
4993
5782
5902
5952
6539
4069
7022
7090
7153
7844
8795
8874
8961
26554
26585
31878
33794
1721
4721
7376
31221
5507
7373
628
8861
76251
78209
52973
8528
2502
1103
104
36401
8865
6754
82461
5971
3030
44555
7361
6985
47640
46970
71057
69712
69526
68157
66934
63992
60684
37733
27904
32025
35836
3882
50
1089
1256
80551
2082
3546
5662
104841
6287
6713
8188
30745
31658
69640
58559
67997
186
8972
236
246
7458
300
61024
350
357
377
529
587
1080
247
2359
7155
232
3301
1176
3300
1265
2068
2424
3948
4018
5299
8464
26614
34321
54290
56367
68358
3275
93040
3257
2641
95441
97938
106696
115617
118997
134853
5984
599
39421
72011
97921
97752
97673
97304
96832
96811
96728
96610
96588
96417
95761
95558
95449
95135
94969
94959
94931
97923
98154
98961
103449
106766
106100
105504
105355
105197
103688
103624
103372
99114
103107
102469
102194
101895
101525
101285
99149
91077
90866
90531
78574
81786
81591
81562
80489
80463
79242
78653
78039
81932
74545
73023
72741
72720
72395
72226
72176
81845
82313
90439
88810
90376
90057
89804
89759
89492
89470
89260
88235
82459
88129
87304
86833
86320
85394
83976
82463
106916
106920
107141
137337
142488
141749
140725
140715
140174
139642
139385
134881
144172
134859
134130
133771
133645
132800
132549
132547
143385
146656
131796
163949
111931
82152
66203
47044
138610
164979
164977
163056
148482
161582
161336
160954
158783
156387
155064
148626
132458
128606
107636
112515
114342
114254
113064
112852
112556
112552
112550
112290
114662
112183
112070
111622
111505
111251
111249
110871
114459
115139
128512
123695
128360
128235
127212
127206
127144
127114
127108
123663
115569
122882
118880
118700
117176
116797
116161
115713
72131
74324
71745
42217
8195
8154
8128
7926
7335
7195
6983
6981
6830
6783
6643
6515
6433
5956
5795
5747
5289
8236
8494
8584
34517
41585
40819
40629
71464
39183
38304
37741
31770
8751
26151
26150
25927
25805
8767
8766
8765
5198
5169
4763
1211
1942
1935
1572
1281
1273
1260
1232
1209
2182
1197
1172
1153
946
914
757
146501
1957
2202
4327
3634
4326
4262
4103
3811
3789
3742
3679
3632
2747
3539
3415
3111
3089
2927
2920
2857
41863
339
45028
60766
58879
58191
57669
56805
56788
56782
56607
56286
56152
56015
45210
55276
55269
55253
55118
60069
61323
55052
61357
71108
70293
69481
67665
67429
67255
67087
66665
64839
64701
64622
64620
64614
63876
63082
55063
55946
54881
53000
46664
46723
47423
47629
48516
48696
48738
48774
49824
49917
51540
52579
52967
52241
54286
53953
53894
53123
54513
54272
109374
109249
8928
2959
296
4973
3793
2542
111
7161
3809
1258
608
46578
53318
1079
1954
4121
1358
8623
593
5
858
1042
1120
1200
1610
1729
778
2361
2012
1639
520
1732
