7438
50068
5791
8645
55280
6874
5464
55363
55069
55442
61236
61240
2959
296
1042
1120
593
858
1610
4121
1200
52281
41997
318
1172
1273
3111
1957
50
3679
3811
5747
4103
4262
4326
26614
1211
1059
1197
8128
5198
778
1729
47
68954
1704
1103
4041
52973
350
3882
5608
48394
3793
4226
608
260
2396
40819
37741
337
8961
3052
2502
40629
4306
39183
38304
1028
4995
2542
1219
2529
1079
55820
1721
48780
37733
27773
3361
62849
4890
1089
74458
1258
68157
1732
111384
1061
79132
121231
6942
2288
88125
106696
27592
1176
59725
63992
1210
130682
132046
2571
1997
111624
5377
8528
377
529
587
4069
1
66097
134853
122886
27611
78499
107999
135518
109487
70286
72998
68319
3703
109249
1131
232
66934
104841
8369
78349
1900
2361
117533
2082
33794
69640
2359
8972
7458
52319
6016
40148
47099
60072
77455
80551
106918
2641
3257
5135
7373
5349
5507
5481
5812
6281
6953
8636
65514
5219
3301
44191
106473
3676
3300
5449
6986
3275
27255
6683
4322
32892
1272
100365
45950
37729
35957
1281
34162
1572
1935
1942
8928
7478
2109
2178
2182
2202
2730
2747
2857
1955
1260
1232
1199
1209
4612
4189
48711
8533
45720
64957
5984
53318
146501
757
914
946
1153
4388
47465
5909
4911
4467
2968
8861
4641
4823
61024
111
247
1274
1080
741
78209
1256
76251
2927
3546
4701
5662
6287
6713
8188
104
36401
30745
31658
52885
40614
54290
2924
2997
26554
4721
7376
31221
32025
7844
7090
7022
6857
5782
3948
8464
3996
26662
3265
68358
93040
95441
97938
58559
67997
186
1956
2012
2085
2369
6985
47640
71057
69712
2692
69526
3113
3751
3785
3893
4016
34405
27904
4351
4369
26585
2004
1954
246
1801
300
8865
6754
357
104283
520
82461
5618
661
904
3030
44555
7361
1242
1250
1259
1376
1517
1635
2920
599
88129
144172
90866
90531
90439
90376
90057
140725
89804
89759
89492
89470
89260
88810
141749
142488
88235
91077
94931
94959
139642
96811
96728
96610
137337
96588
139385
96417
94969
95761
95558
140174
95449
140715
95135
143385
146656
97304
87304
74545
74324
73023
72741
72720
72395
72226
114662
72131
72011
71745
71464
71108
70293
69481
78039
78574
78653
82313
86833
86320
85394
83976
82463
82459
81932
79242
81845
81786
81591
81562
80489
80463
96832
134881
148482
115713
106916
106766
106100
105504
105355
105197
103688
103624
103449
103372
103107
102469
102194
101895
115139
106920
107141
107636
112515
114342
114254
113064
112852
112556
112550
112290
110871
112183
112070
111622
111505
111251
111249
115569
101525
97673
116161
128235
128360
128512
128606
97921
131796
132458
132547
132549
132800
133645
133771
134130
97752
134859
127212
97923
127206
98154
116797
101285
99149
99114
98961
117176
118700
127144
118880
122882
123663
123695
127108
127114
67665
72176
67429
8195
8765
8751
8584
8494
8236
8207
8154
6981
163056
7926
7792
7335
163949
7195
8766
8767
25805
25927
26150
26151
26366
31770
34517
41585
41863
42217
45028
45210
46664
46723
47274
6983
164977
47629
82152
3947
66203
3789
3742
3671
3634
3632
6830
111931
3539
3498
3415
3384
3089
4327
4437
4712
4763
4928
5169
5289
5795
5956
47044
6229
6433
6515
6643
138610
6783
164979
47423
114459
48516
60069
55269
55276
56015
56152
56286
56607
56782
56788
158783
56805
57669
58191
156387
58879
60766
55253
61323
61357
63082
155064
63876
64614
64620
64622
64701
64839
66665
67087
67255
148626
160954
55946
55118
52967
54513
54286
54272
53953
53894
53123
53000
52579
55052
52241
51540
49917
49824
48774
48738
48696
54881
161582
55063
161336
109374
6539
2942
150
56367
3707
55247
60684
118997
46578
39421
215
4973
4018
6350
31878
64969
5971
3114
94777
8874
3809
46970
2068
1088
107649
2330
3246
588
2677
306
319
1245
364
63131
34321
293
112552
115617
2936
7155
8623
5
8125
3022
954
541
2019
6218
7243
1283
3629
2028
924
5299
7161
1265
628
1639
5445
3176
339
35836
2174
4011
6863
8795
4993
3978
5902
3260
2424
3949
5952
7153
1291
1358
5064
236
745
3994
1036
44199
1617
2989
2273
2329
2600
2985
494
780
8781
3160
3175
3499
3916
4023
4223
4638
434
5602
7347
153
2700
