52885
1274
104283
6857
741
5198
3811
5747
1957
4326
4262
4103
1273
3111
3679
4369
1211
8128
1197
1172
6539
7153
5952
4121
1200
4223
4638
7347
8781
5602
3175
4023
3916
434
153
780
858
1042
1120
1610
1617
2273
2329
2600
2985
2989
3160
3499
593
494
2924
3996
7844
7090
4993
8795
69640
924
5902
3260
3978
26662
7022
3265
107999
44199
31878
6350
3793
1036
4011
3994
1
4306
1376
4995
2019
65514
1291
5064
78499
106473
6218
3949
5299
293
33794
1704
115617
745
105504
106696
5618
34321
8874
118997
134853
35836
63131
1028
1265
7161
4973
46970
2529
94777
2959
56367
64969
48780
62849
4018
2068
4226
74458
66934
47
3022
541
954
8125
2936
1283
7243
3629
2028
79132
78349
236
364
319
1639
306
1801
1954
1956
2004
2012
1635
53318
39421
2085
2369
5135
7155
5349
5377
2396
4890
1517
2692
587
300
337
350
588
357
377
520
529
628
4823
661
4701
904
1059
1242
1250
1259
1358
5481
2700
8369
40148
88125
77455
4351
44191
3676
5449
60072
47099
6016
4322
5608
55247
106918
2542
778
117533
2361
1900
68954
1997
3052
3707
3113
5812
6281
5984
3361
3751
3785
3893
6953
2942
4641
4016
4041
59725
8636
45720
8533
6942
246
599
215
3809
7458
8972
104841
2082
80551
1061
1732
2359
2641
3257
3275
3300
3301
3882
608
4069
5219
5507
7373
8861
8928
34405
37733
48394
63992
66097
68157
69526
5445
52319
71057
4467
1955
7478
32892
34162
35957
37729
45950
100365
8623
111624
130682
1199
2968
4911
121231
5909
47465
296
4388
1131
64957
48711
4189
4612
6683
6986
27255
1258
69712
47640
186
1089
3948
8464
26614
46578
68358
93040
95441
97938
109374
54290
40614
111
1079
1219
1176
1256
1729
2288
3546
5662
6287
6713
8188
30745
31658
58559
67997
5
757
318
6985
55820
7361
44555
3030
5971
82461
6754
8865
36401
104
1103
2502
8528
52973
61024
232
76251
78209
2997
5782
8961
26554
26585
1721
4721
7376
31221
32025
50
146501
339
914
96832
96728
96610
96588
96417
95761
95558
95449
95135
94969
94959
94931
91077
90866
90531
90439
90376
90057
96811
97304
89759
97673
103688
103624
103449
103372
103107
102469
102194
101895
101525
101285
99149
99114
98961
98154
97923
97921
97752
89804
89492
105355
79242
78574
78039
74545
74324
73023
72741
72720
72395
72226
72176
72131
72011
71745
946
71108
70293
69481
78653
80463
89470
80489
89260
88810
88235
88129
87304
86833
86320
85394
83976
82463
82459
82313
81932
81845
81786
81591
81562
105197
106100
67429
144172
142488
141749
140725
140715
140174
139642
139385
137337
134881
134859
134130
133771
133645
132800
132549
132547
132458
143385
146656
128606
148482
111931
111384
82152
66203
47044
138610
164979
164977
163949
163056
161582
161336
160954
158783
156387
155064
148626
131796
128512
106766
114342
113064
112852
112556
112550
112515
112290
112183
112070
111622
111505
111251
111249
110871
107636
107141
106920
106916
114254
114459
128360
114662
128235
127212
127206
127144
127114
127108
123695
123663
122882
118880
118700
117176
116797
116161
115713
115569
115139
67665
71464
67255
40629
7792
7438
7335
7195
6983
6981
6874
6830
6783
6643
6515
6433
6229
5956
5795
5791
5464
7926
8154
8195
25805
38304
37741
34517
31770
26366
26150
25927
8767
8207
8766
8765
8751
8645
8584
8494
8236
5289
5169
4928
1935
2677
2330
2202
2182
2178
2109
1942
1572
2747
1281
1272
1260
1245
1232
1209
1153
2730
2857
4763
3634
4712
4437
4327
3947
3789
3742
3671
3632
2920
3539
3498
3415
3384
3246
3089
2927
39183
26151
40819
55442
56788
56782
56607
56286
56152
56015
55946
55363
54881
55280
55276
41585
55253
55118
55069
55063
56805
57669
58191
58879
67087
66665
64839
64701
64622
64620
64614
63876
63082
61357
61323
61240
61236
60766
60069
55052
55269
52281
45028
48738
48774
49824
48516
47629
49917
47423
47274
50068
51540
46723
52241
46664
45210
48696
42217
52579
41997
52967
53000
53123
53894
53953
54272
54286
41863
54513
72998
70286
109249
3703
135518
2571
68319
109487
27611
122886
132046
2424
1210
27773
150
6863
60684
1088
27904
27592
112552
3114
107649
260
247
2174
3176
1080
