745
4223
2273
2329
2600
2985
2989
3160
3175
780
3499
494
434
153
3916
4023
4638
1617
5602
7347
8781
306
319
364
588
1245
2330
2677
3246
44199
1291
6218
293
5064
4306
3114
3793
1610
858
4121
593
1200
1042
1120
3994
5198
38304
3111
8128
1957
3679
1273
3811
5747
1211
39183
1197
1172
37741
4326
40629
4262
40819
4103
1036
215
2028
7153
5952
6539
8795
4993
4011
2571
8972
6754
4823
520
8865
339
8961
8464
5618
3949
106473
6942
2424
2019
5299
236
924
3978
5902
3260
1210
132046
69640
260
115617
7155
35836
31878
3301
35957
7844
3052
3996
2924
2502
36401
4069
3882
7090
31221
45028
45210
46723
47423
47629
48516
48696
48738
48774
41863
49824
4016
4701
1801
5349
5481
1517
1
904
49917
377
2396
7373
33794
3751
2068
78499
5449
104
6287
34321
27611
150
118997
6857
104283
1274
741
52885
70286
63131
100365
135518
3030
72998
94777
7022
3265
44555
8874
107999
4890
247
47099
4018
6350
117533
4973
3703
111624
65514
46970
5971
1103
52973
4041
350
1721
134853
46578
68319
64969
109487
56367
6016
2359
1250
59725
105504
122886
2641
608
55820
106696
39421
7161
37733
67997
3707
7361
79132
34405
26662
63992
6863
6713
186
58559
103449
103372
103624
30745
27592
246
106916
337
8188
40614
103688
5662
2288
1256
1089
106766
26614
106100
111
54290
357
105355
97938
95441
68358
105197
72720
103107
97673
98154
3785
3893
97923
97921
97752
4351
4369
4641
97304
99114
5135
96832
5377
96811
5812
6281
6953
88125
107649
98961
3113
102469
101895
529
628
661
102194
1059
1242
1259
1358
1376
106920
72395
1639
101525
1954
2004
2012
2369
101285
2692
2700
1635
111622
107141
69712
80551
3275
3300
163949
5219
163056
27904
66097
68157
69526
71057
138610
47640
6985
161582
82461
161336
160954
158783
156387
155064
148626
104841
47044
76251
47465
1955
7478
32892
34162
111931
45950
82152
130682
4911
5909
1131
7458
64957
48711
4189
4612
6683
6986
27255
66203
52319
5445
61024
78209
232
112515
115569
115139
114662
114459
114342
114254
113064
112852
112556
112550
112290
116161
112183
96728
111505
111251
4721
7376
111249
32025
110871
50
115713
116797
146656
133771
144172
143385
142488
141749
140174
139385
137337
134881
134859
134130
133645
117176
132800
132547
128606
128512
128360
127206
127114
122882
118880
118700
44191
99149
3676
85394
4763
55063
55052
5169
54881
54513
54286
54272
5289
6643
53953
53894
83976
53123
5795
5956
53000
6433
55118
55253
55269
86320
56788
82459
89260
88810
3415
56782
56607
56286
3632
56152
56015
88235
3742
88129
55276
87304
86833
6515
52967
57669
81562
80463
8751
8765
8766
8767
25805
46664
80489
25927
52579
42217
26150
81591
41585
26151
81786
31770
81845
79242
8494
8236
78653
6783
6830
52241
51540
6981
6983
7195
7335
73023
74324
74545
7926
96610
82463
78039
78574
8195
56805
3089
58191
70293
8533
69481
45720
95449
3176
5984
95135
53318
94969
94959
67665
94931
67429
67255
91077
146501
757
95558
1997
1153
4322
72226
106918
8369
72131
96588
72011
78349
1900
2361
96417
71745
71464
40148
60072
71108
77455
95761
946
67087
90866
64620
89804
89759
64614
63876
2182
2202
89492
61357
89470
61323
60766
2920
60069
58879
2927
1942
63082
1935
64701
90531
66665
90439
1232
90376
1572
64839
1260
81932
90057
64622
1028
109249
8928
296
1732
2542
112552
2174
8861
778
1729
31658
1258
3629
1283
7243
2936
599
109374
3634
26585
55247
1061
62849
3948
3789
5507
541
1956
8125
8154
914
2082
3022
2857
954
300
8528
4327
1209
37729
8636
3546
1079
60684
48780
121231
27773
74458
47
111384
2529
1176
1219
1265
3809
93040
3361
4226
66934
26554
5608
48394
68954
2959
5782
1088
2997
2968
1199
52281
41997
8623
5
2942
61236
61240
55442
55069
55363
2730
318
4388
587
4467
1080
2085
3257
8207
1272
2109
5464
2178
4928
47274
4712
7792
4437
3384
7438
5791
26366
50068
6874
3947
55280
8645
3671
3498
6229
4995
1704
1281
127108
72176
132549
2747
3539
82313
132458
131796
128235
127212
139642
127144
140715
140725
123695
123663
8584
148482
72741
112070
107636
55946
34517
164979
164977
