5952
7153
4993
8795
1120
4121
1610
593
1042
858
1200
3793
2019
1210
260
2571
3978
5902
3260
306
1245
319
364
588
2330
3246
2677
8636
5349
5782
26585
132046
26614
50
924
2028
215
47
8961
5445
1957
4326
5198
1197
1172
3679
3811
4103
4262
3111
1211
5747
8128
1273
4306
150
318
6539
27611
79132
70286
2997
41997
52281
135518
3265
7022
1250
69640
48394
60072
122886
109487
3114
7361
26554
107999
293
93040
5608
50068
5464
55280
7438
6874
5791
8645
3361
3703
68319
3629
7243
1283
2288
88125
27773
34405
55363
55069
55442
1704
94777
61236
61240
1258
27592
1219
111384
2068
5299
2529
121231
130682
8874
4995
1061
115617
1997
105504
62849
106696
68954
2424
72998
1954
3751
7458
377
628
1517
2502
608
109249
134853
1028
66097
56367
34321
350
4041
52973
1103
118997
33794
64957
3809
46578
66934
55820
4018
3882
37733
7161
8928
1176
109374
48711
44191
37729
106473
35957
34162
1232
107649
32892
1260
1272
1209
7478
6281
6953
5449
6683
4351
1942
4369
1935
1955
4641
4701
1572
4612
4823
4890
4189
5377
5481
5812
1281
3676
8369
55247
47099
4467
4911
5909
53318
5984
3176
77455
47465
45720
78499
4388
4016
8533
4322
1088
2968
1199
45950
40148
100365
106918
1153
78349
946
1900
1131
2361
914
2174
117533
1
757
146501
8623
60684
661
6986
6857
5219
741
4069
1274
3301
3300
3275
3257
2641
80551
8464
2082
104841
4721
7376
31221
32025
8972
232
52319
5507
7373
8861
27904
69526
69712
71057
47640
6985
44555
3030
5618
5971
82461
104283
6754
8865
36401
104
8528
61024
76251
78209
3948
26662
3893
1956
904
1059
1242
1259
1358
1376
1635
1639
1801
2004
68358
2012
2085
2369
2396
2700
3052
3113
27255
3785
587
529
520
337
95441
97938
54290
247
1080
1256
3546
5662
6287
6713
8188
30745
31658
52885
58559
5
236
246
300
111
599
2109
96610
97921
97752
97673
97304
96832
96811
96728
96588
98154
96417
95761
95558
95449
95135
94969
94959
97923
98961
91077
103449
106916
106766
106100
105355
105197
103688
103624
103372
99114
103107
102469
102194
101895
101525
101285
99149
94931
90866
72176
78653
81845
81786
81591
81562
80489
80463
79242
78574
82313
78039
74545
74324
73023
72741
72720
72395
81932
82459
90531
89260
90439
90376
90057
89804
89759
89492
89470
88810
82463
88235
88129
87304
86833
86320
2178
83976
106920
107141
107636
137337
142488
141749
140725
140715
140174
139642
139385
134881
144172
134859
134130
133771
133645
132800
132549
132547
143385
146656
110871
163949
111931
82152
66203
47044
138610
164979
164977
163056
148482
161582
161336
160954
158783
156387
155064
148626
132458
131796
128606
112550
114459
114342
114254
113064
112852
112556
112552
112515
128512
112290
112183
112070
111622
111505
111251
111249
114662
115139
115569
115713
128360
128235
127212
127206
127144
127114
127108
123695
123663
122882
118880
118700
117176
116797
116161
72226
85394
48516
46723
5169
48696
72131
47629
47423
47274
46664
48774
45210
45028
42217
41863
41585
40819
48738
49824
3415
3789
3539
3632
52579
3634
3671
3742
3947
49917
4327
4437
4712
4763
51540
4928
40629
39183
38304
6983
8154
7926
7792
5795
7335
7195
6981
37741
6830
6783
6643
6515
6433
6229
8195
8207
8236
8494
8584
8751
8765
5289
8766
8767
25805
25927
26150
26151
26366
31770
34517
3498
52241
56788
64614
63082
2730
61357
61323
60766
60069
58879
58191
2747
57669
56805
3384
56782
56607
56286
63876
64620
56015
64622
72011
71745
2182
71464
71108
2202
70293
69481
67665
67429
67255
67087
66665
64839
64701
56152
5956
55946
55276
54513
54286
54881
55052
2927
55063
54272
55118
53953
55253
53894
2920
53123
55269
53000
52967
2857
3089
6863
6350
64969
46970
63131
4973
63992
2936
1265
2942
48780
3707
8125
954
541
3022
35836
39421
67997
4226
31878
59725
1732
65514
1721
111624
2359
2692
74458
6016
2959
1079
7155
339
2924
186
357
7844
7090
3996
68157
296
40614
1729
778
5135
1036
6942
3949
4011
2542
1291
5064
6218
745
1089
44199
3994
5602
8781
494
434
153
7347
780
4638
4223
3916
3499
3175
3160
2989
2985
2600
2329
2273
1617
4023
