2677
54513
51540
54881
55052
52967
55118
55253
53000
4306
3246
53123
2330
54286
55269
55276
54272
1245
56152
56286
588
56607
364
319
306
56782
56788
56805
53894
52241
79132
55069
55442
2028
215
6539
55820
293
69640
2571
60684
4226
55247
132046
56367
48780
74545
79242
80463
80489
81562
67255
81591
78039
74324
81845
81932
78574
82459
82463
74458
1704
2529
4011
1265
27611
109487
2959
1176
78499
62849
135518
77455
70286
72998
4995
105504
106696
2068
27773
1210
47
63131
4018
1028
7161
46970
94777
64969
6863
260
5299
3751
34321
118997
35836
115617
134853
3703
587
628
1517
904
529
1059
1242
1250
1259
1358
1376
661
1801
1635
1639
377
1954
1956
2004
2012
2085
2369
2396
2692
2700
3052
3113
520
337
357
350
40614
111
247
1080
1089
1219
1256
1729
2288
48711
3546
5662
6287
6713
8188
27592
1131
30745
31658
52885
58559
67997
5
186
4388
236
246
300
3260
3114
8528
54290
47099
1199
78349
130682
1900
2361
107999
117533
1
778
2542
8623
5608
6016
40148
60072
106918
2174
150
100365
45950
37729
35957
34162
4322
32892
1088
1997
2942
7478
1955
8369
2968
3785
47465
3893
3978
4016
4041
296
4351
4369
4641
4701
4823
4890
5135
5349
5377
5481
5449
5812
6281
6953
8636
65514
68954
88125
107649
5909
4911
44191
106473
3676
4467
3361
4189
52973
104
4121
4223
4638
5064
5602
7347
8781
44199
741
924
1274
2019
36401
2924
8865
6754
2997
104283
82461
3265
5618
3030
44555
7361
6985
3996
47640
71057
69712
4023
3994
97938
3949
2502
61024
76251
78209
153
1103
434
494
593
745
780
858
1036
1042
1120
1200
1291
1610
1617
2273
2329
2600
2985
2989
3160
3175
3499
3793
3916
69526
4993
5782
5902
5507
5219
4069
3882
3301
3300
8464
26614
3275
3257
2641
2359
1061
26662
80551
2082
104841
8972
7458
5445
52319
121231
1258
27255
6986
6683
68358
4612
95441
7373
8861
27904
1721
5952
68319
6857
7022
7090
7153
7844
8795
8961
26554
26585
33794
68157
122886
3948
4721
7376
31221
32025
66097
8533
232
318
63992
48394
37733
34405
2424
50
599
45720
96728
97923
97921
97752
97673
97304
96832
96811
96610
98961
96588
96417
95761
95558
95449
95135
94969
98154
99114
94931
103624
106920
106916
106766
106100
105355
105197
103688
103449
99149
103372
103107
102469
102194
101895
101525
101285
94959
91077
64701
72011
73023
72741
72720
72395
72226
72176
72131
71745
81786
71464
71108
70293
69481
67429
67087
66665
78653
82313
90866
89470
90531
90439
90376
90057
89804
89759
89492
89260
83976
88810
88235
88129
87304
86833
86320
85394
107141
107636
110871
139385
143385
142488
141749
140725
140715
140174
139642
137337
146656
134881
134859
134130
133771
133645
132800
132549
144172
148482
111249
164977
111931
111384
82152
66203
47044
138610
164979
163949
148626
163056
161582
161336
160954
158783
156387
155064
132547
132458
131796
112552
114662
114459
114342
114254
113064
112852
112556
112550
128606
112515
112290
112183
112070
111622
111505
111251
115139
115569
115713
116161
128512
128360
128235
127212
127206
127144
127114
127108
123695
123663
122882
118880
118700
117176
116797
64839
67665
64622
5289
5169
4763
4327
4326
4262
4103
3811
3789
3742
3679
3634
3632
3629
3539
3415
5198
5464
8125
5747
7438
7335
7243
7195
6983
6981
64620
6830
6783
6643
6515
6433
5956
5795
5791
3111
3089
3022
2936
1172
1153
954
946
914
757
146501
541
53318
39421
7155
5984
3707
3176
59725
1197
1209
1211
1957
2927
2920
2857
2747
2202
2182
1942
1232
1935
1572
1283
1281
1273
1260
7926
6874
8128
42217
52579
52281
50068
49917
49824
48774
48738
48696
48516
47629
8154
47423
46723
46664
45210
53953
55063
55280
61236
64614
63876
63082
61357
61323
61240
60766
55363
60069
58879
58191
57669
56015
55946
45028
339
25927
37741
8751
38304
39183
25805
8584
34517
8494
40629
8765
8236
31770
8766
40819
26151
41585
26150
41863
8195
8767
41997
8645
66934
6218
6350
31878
6942
64957
8874
1732
109374
46578
8928
93040
1079
5971
109249
3809
111624
608
2730
4973
4712
7792
3671
47274
4437
8207
3384
4928
6229
2178
2109
3947
26366
1272
3498
