741
52885
1274
6857
104283
5618
3030
68157
296
1089
2019
1572
25805
3415
42217
26151
6783
26150
6981
3742
1232
6643
8195
6433
1265
6985
107999
4993
8795
2700
26662
1732
541
3022
954
8125
2936
2542
106473
2959
1729
778
6350
5952
7153
5971
4973
73023
72720
72395
72226
72131
72011
71745
71464
71108
78653
70293
69481
67087
66665
1283
3629
7243
260
35836
34405
4226
67665
2028
76251
4327
914
58559
8154
3789
1209
2857
44555
1281
61024
4121
1200
593
858
1042
1120
1610
3634
67997
3089
1942
1935
946
2927
3632
2202
6983
599
48780
52319
5299
2747
164977
140715
139642
34517
140725
107636
148482
82313
132549
112070
55946
8584
132458
131796
72176
123695
3539
127144
164979
127212
128235
72741
123663
7458
2920
6218
5608
25927
46664
49824
45210
45028
46723
47423
48516
48696
48738
48774
47629
41863
49917
60684
247
1258
64957
2529
7155
8874
2361
127108
6942
2068
34321
1704
53318
79132
2692
64701
64622
64614
64620
63876
63082
61357
61323
58879
58191
64839
67429
60069
57669
55063
60766
74458
118997
31878
62849
1219
47
4011
69712
115617
47099
70286
61240
61236
6539
4995
44199
7161
3949
78039
81845
80489
67255
74324
78574
82463
82459
79242
81932
74545
81591
81562
80463
27773
1079
46970
94777
39421
46578
64969
111624
4018
3707
6863
66934
1176
2942
78499
59725
77455
122886
68319
134853
3703
63131
3361
3260
4189
3785
3751
48711
6683
35957
3893
3978
4016
4612
3113
6986
5445
2082
104841
2396
78349
69640
8972
1955
27255
121231
7478
3052
4388
3114
32892
1131
4641
47465
5377
68954
107649
2085
65514
8636
37729
45950
3676
6953
6281
5812
100365
106918
5481
5349
5909
150
2174
8623
8369
5135
4890
4823
4701
130682
88125
4369
4351
4306
4911
2369
3300
2012
8865
7022
5902
3996
3265
2924
924
1256
36401
6754
7090
82461
71057
2288
3546
5662
6713
8188
69526
1080
40614
66097
2424
32025
31221
7376
4721
50
232
1900
1721
33794
54290
3948
26585
8464
26614
7844
68358
95441
106696
27592
63992
2004
1259
2359
628
1061
661
904
1059
1242
1250
1358
587
1376
1517
1635
1639
1801
1954
80551
1956
2641
529
30745
5219
27904
8861
7373
5
5507
186
215
236
4069
3257
246
3301
300
337
357
377
520
3275
318
339
117533
96728
96832
97304
97673
97752
97921
97923
98154
98961
99114
99149
101285
101525
101895
102194
102469
103107
103372
103449
103624
103688
105197
105355
105504
106100
106766
106916
106920
96811
96610
110871
96588
83976
85394
86320
86833
87304
88129
88235
88810
89260
89470
89492
89759
89804
90057
90376
90439
90531
90866
91077
1
94959
94969
95135
95449
95558
95761
96417
107141
111249
56015
132800
133771
134130
134859
134881
137337
139385
140174
141749
142488
143385
144172
146656
148626
155064
156387
158783
160954
161336
161582
163056
163949
138610
47044
66203
82152
111384
111931
133645
132547
111251
128606
111505
111622
112183
112290
112515
112550
112552
112556
112852
113064
114254
114342
114459
114662
115139
115569
115713
116161
116797
117176
118700
118880
122882
127114
127206
128360
128512
81786
94931
8765
2677
7926
3246
8128
8207
8236
8494
8645
8751
3111
2730
8766
2330
1272
2182
2178
2109
8767
26366
1957
31770
37741
38304
1273
39183
3384
7792
3498
7438
4103
4262
4326
4437
4712
4763
4928
3679
5169
5198
5289
5464
5747
5791
5795
3671
5956
6229
6515
6830
6874
7195
7335
3811
40629
3947
319
1245
52579
47274
1211
40819
1197
1172
1153
757
146501
588
53953
364
306
1260
5984
41585
3176
45720
8533
1997
1088
1028
55280
55363
4322
60072
40148
50068
111
97938
293
48394
31658
5064
1291
44191
745
2968
3994
1036
109374
52281
41997
109249
109487
4467
55247
1210
4223
780
6016
3499
3175
3160
2989
2985
2600
7347
2329
2273
1617
5602
153
1199
434
494
8961
8781
4023
4638
3916
3809
8928
72998
135518
27611
132046
55069
55442
2502
93040
53123
54272
54286
54513
54881
55052
55253
55118
53000
55269
55276
56805
56788
56782
56607
53894
56152
52967
51540
56286
52241
3793
7361
26554
56367
5782
2571
2997
6287
78209
34162
8528
5449
104
47640
3882
37733
608
55820
1103
52973
4041
350
