741
104283
1274
52885
6857
5618
26662
98154
97752
97923
97304
98961
96832
96811
96728
99114
96610
96588
95558
95449
95135
99149
94959
94931
101525
97921
6350
79132
5971
107999
2959
106473
2571
608
109374
74458
5782
7361
97673
103107
103372
103624
64614
105197
106100
105355
778
106766
106916
106920
1729
107141
31658
64620
58191
72226
72720
63082
72131
72011
71745
71464
71108
70293
69481
63876
67429
67087
66665
64839
64701
64622
72395
102194
61357
58879
73023
78653
61323
60766
60069
55063
57669
101895
6539
34405
318
109487
26585
3809
1079
95761
96417
8494
5956
103688
103449
132547
350
1103
4041
52973
111251
61240
61236
70286
4226
48780
7022
3265
4973
2997
69640
1265
3030
72998
93040
79242
80489
67255
82463
82459
74324
81932
74545
81845
78039
81591
78574
81562
80463
5608
2542
599
40614
97938
105504
94777
132046
1732
55820
2529
1704
26554
61024
3546
296
1258
67997
3361
37733
3882
78499
8928
1219
60684
47
62849
27773
46578
27611
247
111622
116797
116161
112183
112290
112556
112852
114342
114662
115569
117176
5299
78349
4995
68157
135518
111384
121231
2692
1061
106696
34321
1176
64957
8874
118997
109249
35836
31878
63131
1028
7161
46970
112552
56367
64969
4018
6863
66934
8188
112070
246
236
2288
215
5662
186
1256
5
107636
30745
6287
27592
6713
1801
1089
8464
31221
32025
127212
50
232
127144
2424
3948
26614
1080
123695
123663
68358
95441
115139
337
54290
111
300
587
357
4823
3114
3751
3785
3893
4016
4306
4351
4369
4641
4701
4890
3052
5135
5349
5377
5481
5812
6281
6953
8636
65514
68954
3113
2700
377
1358
520
529
4721
628
661
904
1059
1242
1250
1259
1376
2396
1517
1635
1639
72176
1954
1956
2004
2012
2085
2369
7376
128235
1721
52319
6683
6986
27255
66203
47044
138610
164979
164977
163949
163056
161582
4189
5445
7458
8972
104841
2082
80551
160954
2359
2641
3257
4612
48711
3300
8623
1955
7478
32892
34162
35957
37729
45950
100365
150
2174
111931
82152
111624
130682
1199
2968
4467
4911
5909
47465
4388
1131
3275
3301
33794
1610
139642
2502
8528
76251
78209
593
858
1042
1120
1200
3793
36401
4121
2924
3996
132549
132458
131796
7090
7844
8961
107649
104
8865
158783
63992
156387
4069
5219
5507
7373
8861
155064
27904
148482
48394
66097
6754
144172
69526
69712
71057
47640
6985
44555
140725
82461
140715
88125
339
3246
52967
5169
5198
54272
5289
53894
5464
53123
53000
5747
5791
52281
3111
5795
52241
89260
51540
44191
6229
50068
49917
49824
48774
54286
4928
54513
4712
3384
3415
3498
3539
55069
88235
3629
3632
55052
3671
3679
54881
3742
3789
3811
3947
4103
4262
4326
4327
4437
48738
48696
48516
6783
6874
25927
6981
25805
6983
8767
8766
8765
8751
7195
7243
8645
8584
88810
7335
7438
7792
8236
8125
8128
8154
6830
26150
47629
6643
47423
47274
46723
46664
45210
6433
45028
42217
41997
41863
41585
6515
40819
40629
39183
38304
37741
34517
31770
26366
26151
8195
8207
55118
3707
89470
4322
1088
1997
2942
6942
8533
45720
59725
3176
5984
946
7155
39421
53318
306
319
364
541
588
146501
86320
89492
60072
85394
83976
91077
3676
5449
55247
106918
8369
90866
90531
90439
1900
2361
1
90376
90057
89804
72741
89759
82313
6016
40148
47099
3089
914
954
55946
1153
2178
2182
2202
2330
56286
56152
2677
56015
55442
56782
2747
2857
55280
2927
55276
2936
55269
55253
3022
2109
56607
1273
1232
1260
1211
1272
1209
1197
2028
87304
88129
56805
86833
1281
56788
1283
1572
1935
1942
1172
1957
1245
115617
3703
122886
1210
68319
2068
117533
77455
67665
134853
3949
3634
118700
118880
112515
6218
293
2920
2730
55363
81786
4011
127108
1036
5064
1291
3994
53953
128512
52579
127206
161336
132800
4763
133771
757
7926
114459
114254
113064
112550
111505
94969
111249
110871
102469
101285
745
115713
128360
128606
127114
140174
133645
134130
139385
146656
137337
143385
134881
148626
141749
142488
44199
260
924
58559
134859
122882
2600
153
434
780
1617
2273
2329
494
2989
2985
3175
3499
3916
4023
4223
4638
5602
3160
7347
8781
3978
5902
3260
2019
5952
7153
4993
8795
