5198
3111
4103
4262
1172
4326
1197
1211
3679
3811
1273
5747
8128
1957
599
64701
64622
64614
63876
64839
63082
67429
55063
61357
64620
60766
58879
58191
61323
60069
57669
2857
1209
4327
3789
8154
914
95761
103449
132547
5956
8494
103688
96417
3634
96610
96832
111251
61236
61240
1732
79242
78574
82459
81562
80463
78039
81591
74545
74324
81845
81932
80489
82463
67255
608
61024
52973
1103
350
4041
111
2361
78499
117533
48774
49824
48738
49917
48696
47423
47629
41863
48516
45028
45210
3052
6986
4189
4612
46723
2174
77455
46578
7361
3882
3809
55820
44555
47099
68157
1089
107649
52319
8928
7458
47
112552
109374
6863
1088
2692
130682
69712
1997
2997
53318
26554
70286
88125
67997
27592
66097
1956
64969
1635
1801
63131
1954
59725
3707
2004
45720
2012
2085
2369
2396
3176
4351
8533
7155
1259
1358
1376
1517
1942
1935
1572
1281
1260
1232
1153
946
757
146501
39421
5984
2700
4306
2942
1242
3893
8636
4016
6953
6281
5481
5377
5349
5135
4890
4823
4701
4641
4369
3785
3751
3703
1
1028
4322
60072
40148
3113
6016
1900
106473
94777
8369
3114
106918
5449
3361
1250
58559
1059
3300
4069
5219
5507
7373
8861
34405
63992
68319
69526
71057
46970
47640
6985
3030
82461
104283
132046
6754
8865
104
2502
8528
76251
78209
593
858
1042
3301
3275
904
3257
1955
7478
32892
34162
35957
45950
100365
150
8623
107999
4388
1131
48711
6683
27255
260
109487
121231
5445
8972
69640
104841
2082
80551
1061
2359
2641
1120
1200
1610
3793
95441
97938
106696
134853
54290
1080
1256
5662
6287
6713
8188
31658
52885
2202
5
186
236
246
300
337
357
377
520
529
587
628
661
68358
27611
26662
4721
4121
741
1274
2019
2571
4993
6857
8795
8961
33794
1721
122886
7376
26614
31221
32025
50
232
318
1210
2068
2424
3948
4018
7161
8464
2182
135518
339
114342
117176
116797
116161
115713
115569
115139
114662
114459
55946
82313
56015
114254
113064
112852
112556
112550
72176
72741
118700
118880
53953
123663
39183
40629
40819
41585
128606
42217
46664
128512
128360
128235
127212
127206
127144
52579
127114
127108
123695
112515
112290
37741
96811
94959
94969
101525
95135
95449
95558
96588
96728
97304
112183
97673
97752
97921
97923
98154
98961
99114
99149
94931
101895
102194
102469
112070
111622
111505
111249
110871
107636
107141
106920
106916
106766
106100
105504
105355
105197
103624
103372
103107
38304
122882
34517
160954
158783
156387
155064
148626
148482
146656
144172
4763
143385
5169
5289
5795
142488
6433
131796
6643
6783
3742
161336
141749
3632
111931
111384
82152
2747
2920
2927
66203
47044
3089
138610
164979
164977
163949
3415
163056
3539
161582
6830
6515
6981
8751
140174
7926
139642
139385
137337
134881
134859
8236
8584
134130
133771
8765
7335
133645
8766
132800
8767
132549
25805
25927
26150
26151
132458
31770
140715
8195
101285
6983
7195
140725
109249
1079
64957
5618
2542
27773
27904
65514
5782
2288
66934
79132
67665
6942
62849
6539
215
60684
115617
247
72226
72131
72720
70293
78653
72011
71745
72395
69481
71108
67087
73023
66665
71464
924
2529
35836
7844
7090
3996
2924
5952
7153
4226
2936
26585
118997
1219
2730
93040
72998
6350
34321
68954
5902
36401
2330
47274
3246
8125
4437
588
3978
954
541
364
3498
319
3384
3260
1245
306
3671
1272
3022
4712
4928
2109
5812
2677
26366
2178
6229
8207
7792
3947
7022
3265
55247
1283
7243
3629
5971
1265
5608
2028
5299
48394
3949
3546
8874
31878
48780
78349
111624
44199
56367
293
55363
41997
52281
40614
37733
1176
6218
5064
1291
778
1729
1258
55280
5464
5791
50068
8645
6874
7438
44191
745
2959
4011
74458
1036
4467
81786
1639
5909
30745
51540
52241
53123
52967
53000
55118
53894
55269
56805
56788
56607
56286
56152
55276
56782
55253
54881
54286
54513
54272
55052
3994
55069
55442
4911
47465
91077
89260
90866
90439
90376
90057
89804
89759
89492
90531
89470
88810
83976
88235
85394
86320
86833
87304
88129
4995
434
8781
7347
5602
4638
4223
4023
153
3916
3160
780
1617
2273
2329
2600
2985
2989
3175
3499
494
4973
1199
2968
296
37729
1704
3676
