2959
3949
1729
778
5608
1273
1197
8128
5747
1172
1957
5198
3111
1211
3811
4103
4262
4326
3679
318
296
4226
8645
50068
6874
5791
7438
5464
55280
1721
1219
2542
41997
52281
55363
55442
55069
1079
61236
61240
4011
1704
47
2273
1617
2989
2985
2600
2329
8781
7347
5602
4638
4223
4023
3160
3916
153
3499
434
494
3175
780
2529
48394
3361
48780
3629
1283
7243
1732
59725
68954
62849
44199
1258
2424
27773
74458
1036
3994
6942
745
111384
541
3022
954
8125
4995
1089
121231
5064
1291
63992
68157
1061
2936
6218
79132
2028
293
1376
53318
6016
1517
2369
7155
3052
39421
2700
2692
2396
2085
1635
2012
1358
1956
1954
1801
1639
2004
1059
146501
1259
1153
186
236
246
300
337
350
946
914
357
520
757
529
587
628
661
904
3113
1242
5984
4890
3114
55247
1088
1028
4322
6953
65514
88125
107649
106473
3676
5449
106918
1997
78499
8369
78349
1900
2361
117533
1
77455
60072
47099
5
2942
3751
4823
3785
3707
3893
4016
4041
4306
4351
4369
4641
4701
40148
6863
5135
5377
5481
3176
5812
6281
64969
63131
45720
8533
599
106696
67997
3301
7373
5507
5219
4069
3882
3809
3300
36401
3275
3257
2641
2359
80551
2082
8861
8928
37733
66097
66934
69526
69712
71057
46970
47640
6985
44555
3030
5971
82461
104283
6754
104841
69640
8972
4467
1955
7478
32892
34162
35957
37729
45950
100365
150
2174
8623
111624
130682
2968
4911
7458
5909
47465
4388
1131
64957
48711
4189
4612
6683
6986
27255
52319
608
5445
8865
104
52885
34321
109249
97938
95441
68358
56367
46578
26662
1103
26614
8464
7161
5299
4973
4018
109374
115617
118997
134853
54290
40614
111
1080
1256
2288
3546
5662
6287
6713
8188
30745
31658
3948
2068
1265
6857
2502
8528
52973
55820
61024
76251
78209
741
1274
2924
3265
3996
6350
6539
7022
1176
7090
7844
8874
8961
26585
31878
33794
4721
7376
31221
32025
35836
50
232
1209
339
1232
72011
97921
97752
97673
97304
96832
96811
96728
96610
96588
96417
95761
95558
95449
95135
94969
94959
94931
97923
98154
98961
103449
106766
106100
105504
105355
105197
103688
103624
103372
99114
103107
102469
102194
101895
101525
101285
99149
91077
90866
90531
78039
81786
81591
81562
80463
79242
78653
78574
74545
81932
74324
73023
72741
72720
72395
72226
72176
81845
82313
90439
88810
90376
90057
89804
89759
89492
89470
89260
88235
82459
88129
87304
86833
86320
85394
83976
82463
106916
106920
107141
137337
142488
141749
140725
140715
140174
139642
139385
134881
144172
134859
134130
133771
133645
132800
132549
132547
143385
146656
131796
163949
111931
82152
66203
47044
138610
164979
164977
163056
148482
161582
161336
160954
158783
156387
155064
148626
132458
128606
107636
112515
114342
114254
113064
112852
112556
112552
112550
112290
114662
112183
112070
111622
111505
111251
111249
110871
114459
115139
128512
123695
128360
128235
127212
127206
127144
127114
127108
123663
115569
122882
118880
118700
117176
116797
116161
115713
72131
80489
71745
26150
25805
8767
8766
8765
8751
8584
8494
8236
8207
8195
8154
7926
7792
7335
7195
6983
6981
25927
26151
48738
26366
48516
47629
47423
47274
46723
46664
45210
45028
42217
41863
40819
40629
39183
38304
37741
34517
31770
6830
6783
6643
6515
3384
3089
2927
2920
2857
2747
2730
2202
2182
2178
2109
1942
1935
1572
1281
1272
1260
3415
3498
3539
4763
6433
6229
5956
5795
5289
5169
4928
4712
3632
4437
4327
3947
3789
3742
3671
3634
48696
41585
57669
67429
63876
54881
55052
55063
58191
55118
55253
55269
63082
55276
67087
56788
66665
55946
64839
56782
56015
64701
64622
56152
56607
64620
56286
67255
56805
54513
70293
71464
61323
60766
48774
71108
49824
49917
51540
52241
52579
60069
54286
61357
52967
53000
53123
69481
67665
58879
53894
53953
54272
64614
5618
27904
27592
1199
60684
3703
135518
2571
68319
109487
44191
247
27611
94777
34405
260
107999
122886
72998
70286
132046
215
1250
93040
26554
5782
3793
2330
319
306
588
3246
1245
364
2677
2997
924
2019
7361
1210
5349
1610
1200
593
1120
4121
858
8636
58559
1042
3978
3260
5902
4993
8795
7153
5952
377
