2600
3916
2273
2329
2985
2989
3160
153
3175
3499
4023
4223
4638
780
5602
7347
434
494
8781
1617
2028
745
5064
364
3246
1245
588
2330
2677
306
319
293
44199
4326
3811
4103
4262
5198
5747
4121
593
8128
3679
1042
1610
858
1273
1120
1957
3111
1172
1197
1200
1211
1036
1079
3994
778
1729
296
4011
2959
4995
1291
3114
150
1704
608
2542
3949
7243
1283
3629
52281
41997
1089
215
3793
4041
1103
52973
350
6218
954
3022
8125
541
5299
1250
1997
50
50068
96417
628
132547
1242
8494
5812
1358
8645
1954
337
4306
103688
5464
5791
300
5956
26614
6874
7438
103449
55280
95761
318
3384
3498
3671
2178
2109
3947
4437
1272
4712
4928
6229
7792
8207
47274
26366
55363
599
2936
2730
2424
55069
55442
96610
96832
111251
48394
61236
61240
7161
2396
3809
4973
68157
55820
47
115617
3361
109249
3882
37733
1210
5608
1265
4018
46578
2529
68954
1219
2068
31878
34321
117533
74458
118997
106473
8874
3978
5902
3260
924
8928
63131
62849
3751
109374
1721
130682
7022
3265
6539
48780
1258
94777
3634
2174
46970
35836
6863
1176
3176
1956
377
4322
357
2369
5445
1209
4327
1259
914
3948
3789
6281
1
3996
2924
7090
8154
904
7844
2857
1955
1028
3546
2641
260
64969
3703
56367
121231
6350
40614
26585
111
78499
4226
40148
27773
134853
114254
7926
111249
114459
113064
757
112550
161336
111505
110871
52579
133771
102469
132800
128512
101285
53953
127206
94969
4763
5782
66934
2288
33794
1732
65514
81786
27592
122882
134859
236
118880
118700
67665
112515
112552
2920
68319
8861
63992
107649
88125
106696
122886
7373
77455
107999
5971
78349
2361
111624
60684
55247
34405
6942
72998
66097
59725
35957
2700
3893
4823
37729
1639
47465
8623
2004
34162
4388
1635
64957
1376
3052
45950
3785
4351
2968
4467
4701
4641
100365
4369
4911
1199
3113
7478
32892
1801
4016
5909
2085
78209
48711
31221
1274
2997
6857
8961
26554
4721
7376
32025
97938
232
5349
8464
26662
27904
68358
93040
741
69526
69712
71057
61024
8528
2502
104
36401
8865
6754
104283
82461
5618
3030
44555
7361
6985
47640
95441
54290
4189
7458
3300
3275
2359
80551
104841
69640
8972
52319
247
520
529
1059
27255
6986
6683
4612
3301
246
186
5
1080
1256
5662
6287
6713
8188
5507
5219
30745
4069
31658
76251
52885
58559
67997
5135
339
5377
90376
94959
94931
91077
90866
90531
90439
90057
103107
89804
89759
89492
89470
89260
88810
95135
95449
95558
96588
96728
96811
97304
97673
97752
97921
97923
98154
98961
99114
99149
101525
101895
88235
88129
87304
78039
5481
71108
71464
71745
72011
72131
72176
72226
72395
72720
72741
73023
74324
74545
78574
86833
78653
79242
80463
80489
81562
81591
81845
81932
82313
82459
82463
83976
85394
86320
102194
103372
67429
140174
144172
143385
142488
141749
140725
140715
139642
103624
139385
137337
134881
134130
133645
132549
146656
148482
148626
155064
156387
158783
160954
161582
163056
163949
164977
164979
138610
47044
66203
82152
111931
132458
131796
128606
112852
105197
105355
105504
106100
106766
106916
106920
107141
107636
111622
112070
112183
112290
112556
114342
128360
114662
115139
115569
115713
116161
116797
117176
123663
123695
127108
127114
127144
127212
128235
69481
70293
67255
8236
5169
5289
5795
6433
6515
6643
6783
6830
6981
6983
7195
7335
8195
8584
3632
8751
8765
8766
8767
25805
67087
26150
26151
31770
34517
37741
38304
39183
3742
3539
40819
5984
6953
8636
44191
3676
5449
106918
8369
1900
6016
47099
60072
8533
45720
146501
3415
946
1153
1232
1260
1281
1572
1935
1942
2182
2202
2747
2927
3089
40629
25927
41585
58191
55253
55269
55276
55946
56015
56152
41863
56607
56782
56788
56805
57669
58879
55063
60069
60766
61323
61357
63082
63876
64614
64620
64622
64701
64839
66665
55118
56286
48738
52241
45210
46664
46723
47423
47629
55052
48516
48696
42217
48774
49824
49917
51540
45028
52967
54272
54881
54513
53000
53123
53894
54286
79132
2692
109487
1088
111384
70286
53318
4890
135518
3707
27611
39421
7155
132046
7153
5952
1131
2019
1061
2942
2571
4993
2012
8795
1517
3257
661
587
2082
