2529
5445
150
1210
8861
3703
2959
48780
62849
4226
74458
3114
4995
79132
27773
1250
2424
132046
70286
72998
122886
107999
34405
94777
27611
109487
68319
135518
2571
260
3785
4823
2085
2369
5349
2396
2692
2700
3052
3113
5135
4890
4641
4701
3751
4369
4351
4306
4041
4016
3978
2004
3260
3361
3893
1358
1956
350
300
246
236
186
5
67997
58559
52885
31658
30745
27592
8188
6713
6287
5662
337
357
1954
377
1801
1639
1635
1517
1376
5481
1259
1242
1059
904
661
628
587
529
520
5377
44191
5812
6281
1197
1172
1153
954
946
914
757
146501
541
53318
39421
7155
5984
3707
3176
1209
1211
1232
1957
2747
2730
2202
2182
2178
2109
1942
1260
1935
1572
1283
1281
1273
1272
64969
63131
59725
5449
2361
1900
78349
8369
106918
55247
3676
1
106473
107649
88125
68954
8636
6953
117533
778
45720
4322
8533
6942
6863
2942
1088
1028
78499
2542
77455
60072
47099
40148
6016
5608
3546
40614
2288
5618
5507
5219
4069
3882
3809
3301
3300
3275
3257
2641
2359
1732
1061
80551
2082
7373
8928
27904
69712
44555
7361
6985
47640
46970
71057
69526
37733
68157
66934
66097
63992
60684
48394
104841
69640
8972
100365
4467
2968
1199
111624
8623
2174
45950
5909
37729
35957
34162
32892
7478
1955
4911
47465
7458
6986
608
52319
121231
1704
1258
27255
6683
296
4612
4189
48711
64957
1131
4388
3030
5971
1729
82461
34321
26662
26614
8464
7161
5299
4973
4018
3948
1265
1176
318
232
50
35836
46578
56367
68358
111
1256
1219
1089
1080
1079
247
2920
93040
54290
118997
109374
106696
97938
95441
32025
31221
7376
8528
741
78209
76251
61024
55820
52973
2502
1274
1103
104
36401
8865
6754
104283
924
2997
4721
8795
1721
33794
26585
26554
8961
8874
7153
4993
6857
6539
6350
5952
5902
5782
2857
599
2927
90866
97921
97752
97673
97304
96832
96811
96728
96610
96588
96417
95761
95558
95449
95135
94969
94959
94931
97923
98154
98961
103449
106766
106100
105504
105355
105197
103688
103624
103372
99114
103107
102469
102194
101895
101525
101285
99149
91077
90531
72011
90439
81786
81591
81562
80489
80463
79242
78653
78574
78039
74545
74324
73023
72741
72720
72395
72226
72176
81845
81932
82313
88810
90376
90057
89804
89759
89492
89470
89260
88235
82459
88129
87304
86833
86320
85394
83976
2936
106916
106920
107141
107636
143385
142488
141749
140725
140715
140174
139642
139385
137337
134881
134859
134130
133771
133645
132800
132549
132547
144172
146656
148482
164977
111931
111384
82152
66203
47044
138610
164979
163949
148626
163056
161582
161336
160954
158783
156387
155064
132458
131796
128606
112515
114342
114254
113064
112852
112556
112552
112550
112290
114662
112183
112070
111622
111505
111251
111249
110871
114459
115139
128512
123695
128360
128235
127212
127206
127144
127114
127108
123663
115569
122882
118880
118700
117176
116797
116161
115713
72131
82463
71745
34517
26366
26151
26150
25927
25805
8767
8766
8765
8751
8645
8584
8494
8236
8207
8195
8154
8128
8125
7926
31770
37741
7438
38304
49824
48774
48738
48696
48516
47629
47423
47274
46723
46664
45210
45028
42217
41997
41863
41585
40819
40629
39183
7792
7335
71464
4437
4326
4262
4103
3947
3811
3789
3742
3679
3671
3634
3632
3629
3539
3498
3415
3384
3111
3089
3022
4327
4712
7243
4763
7195
6983
6981
6874
6830
6783
6643
6515
6433
6229
5956
5795
5791
5747
5464
5289
5198
5169
4928
49917
339
55052
54286
56782
56607
50068
51540
52241
52281
52579
52967
53000
53123
53894
53953
54272
54513
56805
54881
56286
56152
55063
55069
55118
55253
55269
55276
55280
56015
55363
55442
56788
55946
57669
61357
71108
70293
69481
67665
67429
67255
67087
66665
64839
64701
64622
64614
63876
63082
64620
61236
58191
61323
58879
60069
61240
60766
115617
109249
134853
2068
2019
47
1291
65514
31878
7022
3265
4011
3996
7844
2924
7090
3793
593
1042
1610
1200
1120
858
4121
130682
6218
3949
5064
745
3994
1036
44199
494
2989
3160
780
153
1617
2273
2329
434
2985
2600
8781
3175
3499
7347
3916
4023
5602
4223
4638
293
1997
2012
215
2028
306
364
588
3246
2330
2677
1245
319
