73023
66665
72720
72395
72226
72131
72011
71745
71464
71108
70293
69481
67087
78653
67665
64957
4327
8154
3789
2857
1209
914
67997
7458
70286
3634
68157
599
93040
111624
109374
135518
232
4973
134859
2288
27592
8188
6713
6287
5662
3546
2529
1729
1256
1219
1089
1080
1079
247
111
40614
27773
30745
134853
31658
628
587
529
520
377
357
350
337
300
246
236
215
186
5
164979
58559
52885
54290
118997
6942
35836
2068
1265
1210
1176
318
50
47
32025
3948
31221
7376
4721
122886
1721
33794
31878
2424
4018
115617
68358
138610
109249
106696
97938
95441
47044
72998
56367
5299
46578
34321
27611
26662
26614
8464
7161
661
904
1059
5812
94777
78349
164977
8369
106918
55247
5449
3676
106473
44191
3703
107649
88125
68954
65514
8636
6953
1900
2361
117533
62849
2942
1997
1088
1028
4322
78499
77455
60072
1
47099
40148
6016
5608
2959
2542
778
6281
5481
1242
5377
2700
2692
2396
2369
2085
2012
2004
1956
1954
1801
1639
1635
1517
1376
1358
1259
1250
3052
3113
3114
4351
5349
5135
4890
4823
4701
4641
4369
4306
3260
4041
4016
3978
3893
3785
3751
3361
26585
26554
8961
121231
3809
3301
3300
3275
3257
2641
2359
1732
1061
80551
2082
104841
69640
8972
82152
5445
608
3882
4069
5219
63992
71057
69712
69526
68319
66203
66934
66097
60684
5507
48394
37733
34405
27904
8928
8861
7373
52319
109487
47640
79132
4467
2968
1199
130682
111931
107999
8623
2174
150
100365
45950
37729
35957
34162
32892
7478
1955
4911
5909
47465
6986
48780
4995
4226
1704
1258
260
27255
6683
296
4612
4189
48711
74458
111384
1131
4388
46970
6985
8874
3160
741
44199
8781
7347
6218
5602
5064
4638
4223
4121
4023
4011
3994
3949
3916
3793
3499
924
1274
2019
6350
8795
7844
7153
7090
7022
6857
6539
5952
2571
5902
5782
4993
3996
3265
2997
2924
3175
2989
7361
2985
61024
55820
52973
8528
2502
1103
104
36401
8865
6754
132046
104283
82461
5971
5618
3030
44555
76251
78209
153
1120
2600
2329
2273
1617
1610
1291
1200
1042
293
1036
858
780
745
593
494
434
6863
8533
134130
86833
85394
83976
82463
82459
82313
81932
81845
81786
81591
81562
80489
80463
79242
134881
78574
78039
74545
86320
87304
45720
88129
95135
94969
94959
94931
91077
90866
90531
90439
90376
90057
89804
89759
89492
89470
89260
88810
88235
74324
137337
72741
139385
63876
63082
61357
61323
61240
61236
60766
60069
58879
58191
57669
56805
56788
56782
56607
56286
56152
64614
64620
64622
143385
139642
140174
72176
140715
140725
141749
142488
144172
64701
146656
148482
67429
67255
148626
155064
64839
95449
95558
95761
112183
118700
117176
116797
116161
115713
115569
115139
114662
114459
114342
114254
113064
112852
112556
112552
112550
112515
118880
122882
123663
128606
133771
133645
132800
132549
132547
132458
131796
128512
123695
128360
128235
127212
127206
127144
127114
127108
112290
112070
96417
111622
101895
101525
101285
99149
99114
98961
98154
97923
97921
97752
97673
97304
96832
96811
96728
96610
96588
102194
102469
103107
106916
111505
111251
111249
110871
107636
107141
106920
106766
103372
106100
105504
105355
105197
103688
103624
103449
56015
55946
55442
2202
3632
3629
3539
3498
3415
3384
3246
3111
3089
3022
2936
2927
2920
161582
2747
2730
2677
161336
3671
3679
4712
5747
5464
5289
5198
5169
4928
4763
4437
3742
158783
4326
4262
4103
3947
3811
160954
2330
2182
5795
2178
163949
757
146501
588
541
364
319
306
53318
39421
7155
5984
3707
3176
64969
63131
59725
946
954
1153
1281
2109
2028
1957
1942
1935
1572
1283
1273
1172
1272
1260
1245
1232
1211
163056
1197
5791
5956
55363
41585
51540
50068
49917
49824
48774
48738
48696
48516
47629
47423
47274
46723
46664
45210
45028
42217
41997
52241
52281
52579
55052
55280
55276
55269
55253
55118
55069
55063
54881
52967
54513
54286
54272
53953
53894
53123
53000
41863
40819
6229
40629
156387
8128
8125
7926
7792
7438
7335
7243
7195
6983
6981
6874
6830
6783
6643
6515
6433
8195
8207
8236
26150
39183
38304
37741
34517
31770
26366
26151
25927
8494
25805
8767
8766
8765
8751
8645
8584
339
