2542
1089
2959
1729
778
1079
1265
40148
5747
8128
4262
5198
3111
4326
3679
3811
1957
4103
1273
1211
1197
1172
4011
296
1732
62849
79132
1704
55247
4995
2571
3052
2012
40629
1259
37741
38304
39183
40819
2997
318
1028
5618
4226
2174
57669
58191
55063
61357
63082
64839
63876
67429
61323
64622
64620
64614
60766
60069
58879
64701
48780
608
5971
2692
3809
26554
7361
2529
68157
56367
109249
82459
74324
74545
78039
78574
67255
82463
81932
81845
81591
81562
79242
80489
80463
4973
260
5299
5608
2068
78499
8464
3978
3260
1242
1080
5902
118997
134853
46578
74458
60684
56607
56152
56286
53894
53123
56782
51540
56788
56805
52241
53000
54513
54272
55052
54286
55118
55253
55276
55269
52967
54881
52885
6857
104283
1274
741
93040
132046
1176
3361
107649
61024
350
4041
52973
1103
7153
5952
6218
3949
106696
55820
115617
111624
34321
5782
924
6539
3030
1219
8874
247
77455
106918
63131
6350
8928
27773
6863
31878
7161
107999
111384
27611
109487
2361
1
121231
46970
26662
53318
1061
64969
94777
3882
37733
66934
135518
106473
134881
134130
148626
142488
141749
140174
139385
137337
146656
143385
133645
115713
128606
128360
127114
100365
134859
122882
127108
111
35836
112552
2019
117533
1210
4018
122886
68319
3785
34162
4701
4641
4369
4351
32892
1131
4016
48711
4189
3893
4612
4911
8533
6683
3114
3113
45720
2700
7478
1955
6986
3176
2369
2085
27255
4388
4823
4467
44191
2968
47099
60072
1900
5909
8369
47465
1199
5449
3676
8623
150
1956
35957
4322
65514
8636
6953
6281
5812
5481
45950
5377
37729
5349
5135
2004
1250
1801
95441
36401
8865
6754
82461
44555
97938
6985
47640
71057
69712
69526
27904
8861
7373
5507
104
2502
54290
8528
32025
31221
7376
4721
33794
8961
8795
7844
7090
4993
3996
2924
68358
78209
76251
5219
4069
1635
31658
5
186
236
246
300
337
52319
357
529
628
661
904
3948
1358
1376
58559
30745
3301
5445
3300
3275
3257
1256
2641
3546
5662
6287
6713
8188
80551
2082
104841
69640
8972
5984
599
48738
132549
132458
55946
56015
131796
128512
128235
127212
127206
127144
123695
123663
72176
72741
115139
81786
82313
114459
83976
85394
86320
86833
87304
88129
88235
88810
132547
132800
26150
53953
26366
31770
34517
41585
41863
144172
42217
45028
45210
140725
46664
46723
47274
47423
47629
48516
48696
105504
48774
49824
49917
140715
139642
133771
52579
89260
89470
89492
89759
96588
96610
96728
96811
96832
97304
97673
97752
97921
97923
98154
98961
99114
99149
101285
101525
101895
102194
102469
103107
103372
103449
103624
103688
105197
96417
95761
106100
113064
89804
90057
90376
114254
90439
90531
90866
91077
94931
94959
94969
95135
106766
112550
95449
95558
112070
111505
111249
110871
107636
107141
106920
106916
26151
105355
5289
1935
4712
4763
66203
4928
5169
1232
2747
164977
82152
4327
1209
1153
111931
163949
2730
2202
2182
1272
4437
3947
2178
138610
1260
1281
2927
2857
3089
1572
3384
164979
3415
3789
3498
3539
25927
3632
3634
3671
3742
47044
5956
5795
6229
8494
7792
946
1942
8154
158783
8195
8207
8236
156387
161336
155064
8584
148482
8751
8765
8766
8767
25805
160954
7926
7335
6981
6433
6515
914
6643
6783
2109
161582
163056
6830
6983
757
7195
146501
2920
3703
232
78349
3793
215
3751
1120
1200
1610
4121
1042
593
858
2936
1258
7458
4890
1245
364
319
306
2330
2677
588
3246
3707
954
541
8125
3022
111251
70286
39421
118700
118880
112515
1283
3629
7243
34405
112183
112290
114342
116161
112852
112556
116797
115569
114662
111622
117176
2028
50
26614
2396
1954
4306
66097
5064
1291
67997
63992
130682
2359
293
67665
745
6016
64957
68954
40614
7155
27592
72720
71464
70293
78653
73023
72395
72226
72131
72011
71745
71108
69481
67087
66665
2424
44199
1997
2942
109374
2288
59725
7022
3265
434
153
8781
3499
1617
7347
780
2273
2329
2600
2989
3160
3175
2985
3916
4223
494
4638
5602
4023
3994
88125
72998
1088
26585
61240
61236
6942
520
1639
1059
587
339
1036
47
1721
48394
55069
55442
41997
52281
377
55363
8645
5791
5464
6874
7438
50068
55280
1517
