55442
55069
55820
296
56152
54286
51540
52241
52967
53000
53123
53894
54272
54881
54513
55052
56805
56788
56782
56607
56286
55276
55269
55118
55253
1729
778
608
52281
41997
1732
61240
61236
6874
8645
50068
5791
5464
7438
55280
1089
2542
52973
1103
4041
350
2959
55363
47
318
1079
48394
2985
2600
2989
3160
7844
4223
2329
3996
2273
153
434
494
1617
2924
780
4023
8781
7347
5602
4638
3175
3499
3916
904
7090
93040
924
44199
27773
68157
70286
3265
7022
4011
3260
5902
3978
3809
3629
1283
7243
58879
300
57669
60069
2700
58191
67429
60766
61323
55063
63082
63876
64614
64620
64622
50
64701
64839
26614
44555
61357
3882
37733
1036
2997
68954
3994
33794
31878
745
4973
2288
65514
111384
109374
5064
1291
3949
1258
4226
46578
6985
56367
5782
55247
27592
7361
26554
69481
72226
73023
72131
78653
72395
72011
71745
71464
71108
66665
67087
70293
72720
111624
3361
48780
48696
48516
49917
47423
47629
48774
48738
49824
45210
45028
46723
41863
88125
8928
6218
2361
67665
2529
109249
1061
61024
62849
64957
53318
121231
74458
2692
130682
47099
1997
111
914
4327
45950
1209
2857
3789
8154
150
5608
34405
67997
94777
3634
66097
599
72998
79132
247
1219
3114
2424
81591
82463
82459
81932
81845
67255
78574
81562
80489
80463
79242
78039
74324
74545
1265
78499
77455
60684
1956
1801
1954
52319
2004
2012
1635
2085
2369
2396
27255
236
6986
1639
246
5445
1517
337
69640
357
8972
377
520
529
587
628
661
7458
3052
1242
1259
1358
104841
1376
1059
4016
3113
5812
47465
6953
5909
8636
4911
8623
2174
100365
37729
35957
34162
32892
107649
7478
106473
1955
3676
6281
5481
6683
4388
4612
3751
3785
4189
3893
48711
5
1131
4351
4369
4641
4701
4823
4890
5135
5349
5377
186
3275
2082
104
4721
7376
31221
32025
35836
36401
8865
232
6754
3948
4018
104283
82461
5299
7161
8464
5971
1721
2502
58559
8528
6539
8874
6350
1274
741
4121
3793
1610
1200
1120
8961
1042
858
593
78209
26585
76251
26662
5618
34321
3030
5219
4069
3301
3300
3546
5662
6287
6713
8188
6857
3257
2641
30745
2359
31658
80551
52885
1256
5507
1080
69526
47640
68358
46970
71057
69712
95441
97938
106696
7373
66934
63992
118997
54290
40614
27904
8861
5449
339
106918
8369
115139
53953
114662
114459
56015
114342
114254
81786
113064
112852
83976
85394
89804
86320
86833
87304
112556
112552
88129
88235
88810
89260
89470
89492
52579
115569
46664
42217
8494
122882
8751
8765
8766
8767
118880
25805
118700
117176
25927
26150
26151
116797
31770
116161
37741
38304
39183
115713
40629
40819
41585
89759
90057
127114
105355
101525
101895
112550
102194
102469
103107
103372
103449
103624
103688
105197
105504
90376
106100
106766
106916
112515
106920
107141
112290
110871
111249
111251
111505
101285
99149
99114
98961
90439
90531
90866
91077
94931
94959
94969
95135
95449
95558
95761
96417
96588
96610
96728
96811
96832
97304
97673
97752
97921
97923
98154
8236
8195
112183
1211
138610
163949
541
163056
146501
757
946
954
1153
1172
1197
1232
148626
161582
1260
161336
1273
160954
1572
1935
1942
1957
158783
156387
47044
39421
7155
5984
78349
111931
82152
1900
117533
1
6016
40148
60072
4322
1028
1088
2942
6863
6942
8533
45720
59725
63131
64969
3176
66203
3707
155064
2182
127206
6515
4763
132800
5169
5198
5289
5747
5795
5956
132547
6433
128606
128512
2202
6643
6783
6830
6981
6983
7195
7335
128360
7926
8125
8128
133645
133771
4326
4262
146656
144172
143385
142488
2920
2927
2936
3022
3089
3111
141749
140174
139385
3415
137337
134881
3632
134859
3679
3742
3811
134130
4103
111622
135518
27611
132046
115617
4995
134853
1176
293
109487
2068
3703
68319
44191
2968
107999
7153
5952
122886
1704
4467
2571
1250
2730
2019
7792
4437
4712
4928
6229
3498
1272
3384
47274
2178
8207
2109
3671
26366
1199
3947
2028
1210
260
4993
8795
215
1281
127108
107636
34517
55946
72176
1245
588
123663
364
164977
164979
319
306
72741
82313
8584
123695
3539
127144
132549
132458
131796
128235
139642
3246
140715
140725
2747
127212
2677
2330
148482
112070
4306
