2028
3022
306
3246
8125
2330
1245
2677
319
364
541
954
588
2936
7243
1283
3629
494
434
153
4223
4023
8781
4638
2989
7347
5602
2985
780
2600
3160
3916
3175
1617
2273
3499
2329
215
293
44199
1036
3994
745
5064
1291
4011
3949
296
318
6218
1729
778
3361
1089
68157
2959
111384
2542
121231
1061
27773
2085
1376
2004
1956
1954
1801
1639
1635
1517
2012
135518
1358
1256
27592
8188
6713
6287
5662
3546
2529
2288
1219
1259
1080
247
111
40614
54290
134853
118997
115617
30745
31658
52885
58559
1250
1242
1059
904
661
628
587
529
520
377
357
300
246
236
186
5
67997
337
3114
2369
4322
77455
62849
60072
47099
40148
6016
5608
1
117533
2361
1900
94777
78349
70286
8369
78499
1028
2396
1088
53318
39421
7155
5984
3707
3176
64969
63131
59725
45720
8533
6942
6863
2942
1997
106918
55247
5449
3676
4641
4369
4351
4306
4016
3978
3893
3785
3751
3260
97938
3113
3052
2700
2692
4701
4823
4890
65514
106473
44191
3703
107649
88125
68954
8636
5135
6953
6281
5812
5481
5377
5349
106696
1176
95441
2359
5219
4069
3301
3300
3275
3257
2641
80551
5618
2082
104841
69640
8972
7458
5445
52319
5507
7373
8861
27904
44555
7361
6985
47640
46970
71057
69712
69526
68319
66934
66097
63992
60684
48394
34405
109487
79132
48780
4467
1199
130682
111624
107999
8623
2174
150
100365
45950
37729
35957
34162
32892
7478
1955
2968
4911
4995
5909
4226
1704
1258
260
27255
6986
6683
4612
4189
48711
74458
64957
1131
4388
47465
3030
5971
93040
1721
47
35836
32025
31221
7376
4721
122886
33794
82461
31878
26585
26554
8961
8874
8795
7844
50
232
757
1210
72998
68358
56367
34321
27611
26662
26614
8464
7161
5299
4018
3948
2424
2068
1265
7153
7090
7022
1610
1120
1042
858
593
78209
76251
61024
8528
2502
104
36401
8865
6754
132046
104283
1200
3793
6857
4121
6539
6350
5952
5902
5782
4993
3996
3265
2997
2924
2571
2019
1274
924
741
146501
599
914
95135
96811
96728
96610
96588
96417
95761
95558
95449
94969
67429
94959
94931
91077
90866
90531
90439
90376
90057
96832
97304
97673
97752
105197
103688
103624
103449
103372
103107
102469
102194
101895
101525
101285
99149
99114
98961
98154
97923
97921
89804
89759
89492
79242
78574
78039
74545
74324
73023
72741
72720
72395
72226
72176
72131
72011
71745
71464
946
70293
69481
78653
80463
89470
80489
89260
88810
88235
88129
87304
86833
86320
85394
83976
82463
82459
82313
81932
81845
81786
81591
81562
105355
105504
106100
143385
141749
140725
140715
140174
139642
139385
137337
134881
134859
134130
133771
133645
132800
132549
132547
132458
131796
142488
144172
128512
146656
111931
82152
66203
47044
138610
164979
164977
163949
163056
161582
161336
160954
158783
156387
155064
148626
148482
128606
128360
106766
114254
112852
112556
112552
112550
112515
112290
112183
112070
111622
111505
111251
111249
110871
107636
107141
106920
106916
113064
114342
128235
114459
127212
127206
127144
127114
127108
123695
123663
122882
118880
118700
117176
116797
116161
115713
115569
115139
114662
67665
71108
67255
5795
6874
6830
6783
6643
6515
6433
6229
5956
5791
26151
5747
5464
5289
5198
5169
4928
4763
4712
6981
6983
7195
7335
25927
67087
8767
8766
8765
8751
8645
8584
8494
8236
8207
8195
8154
8128
7926
7792
7438
4437
4327
4326
2730
2182
2178
2109
1957
1942
1935
1572
1281
1273
1272
1260
1232
1211
1209
1197
1172
1153
2202
2747
4262
2857
4103
3947
3811
3789
3742
3679
3671
3634
3632
3539
3498
3415
3384
3111
3089
2927
2920
26150
25805
26366
55269
56286
56152
56015
55946
55442
55363
55280
55276
55253
53894
55118
55069
55063
55052
54881
54513
54286
31770
56607
56782
56788
56805
66665
64839
64701
64622
64620
64614
63876
63082
61357
61323
61240
61236
60766
60069
58879
58191
57669
53953
54272
53123
48516
53000
47423
47274
46723
46664
45210
45028
42217
41997
41863
41585
40819
40629
39183
38304
37741
34517
47629
339
49917
50068
48696
52967
48738
48774
49824
52579
52281
52241
51540
1732
109374
46578
109249
8928
1079
4973
37733
3882
55820
3809
52973
4041
1103
350
608
