3111
1211
5198
5747
3811
1273
4326
3679
1957
8128
1197
1172
4103
4262
494
434
2989
7347
8781
780
2985
1617
2273
153
3499
3160
3175
5602
4638
4223
2329
4023
3916
2600
4121
858
1042
1120
1200
593
1610
1036
1721
1729
778
44199
318
260
1291
904
1955
1079
2959
3994
2109
3671
2178
1272
3384
3498
3947
47274
8207
4928
4712
26366
4437
6229
7792
745
3949
4011
1732
5064
296
3793
3361
2730
293
3260
924
3978
5902
2542
6218
1258
1210
1088
2942
150
47
2424
59725
1704
5952
7153
3809
1265
3176
1358
2396
1954
1517
1259
377
628
587
357
300
26614
50
1028
6942
608
5608
26585
3629
7243
1283
2028
1131
63992
2361
4973
3114
109249
3265
7022
8125
3022
541
954
4995
4890
2288
132046
33794
79132
1219
4226
41997
52281
121231
46578
109374
2936
48394
8928
27592
2068
122886
111
27773
107999
53318
1250
74458
8154
3789
1209
914
4327
2857
2019
70286
88125
106696
72998
27611
48780
1089
109487
3634
111384
118997
599
2571
135518
5299
68157
5971
3703
78349
94777
1176
1245
306
319
588
364
2677
2330
3246
6539
111624
60684
2529
55247
34321
35836
34405
8874
115617
5782
31878
63131
62849
66934
215
68319
66097
46970
1061
56367
64969
7155
6350
4018
39421
6863
52973
1103
4041
350
55820
37733
3882
130682
106920
106916
3948
107141
63876
107636
112183
4993
112556
6857
112550
7090
112515
7844
8795
8961
112290
112070
110871
111622
4721
7376
31221
32025
111505
111251
232
111249
106766
8464
105197
26662
97923
30745
31658
52885
58559
67997
246
99114
98961
98154
520
529
97921
106100
661
97752
1059
1242
97673
97304
96832
1376
96811
1635
1639
99149
101285
8188
6713
105504
68358
105355
95441
97938
112852
103688
103624
103449
54290
40614
103372
247
103107
1080
102469
102194
1256
101895
101525
3546
5662
6287
3996
114662
2924
3275
155064
52319
148626
5445
7458
8972
69640
104841
2082
80551
148482
2359
3300
158783
3301
146656
4069
5219
5507
8861
144172
27904
143385
142488
69526
69712
156387
160954
113064
4388
111931
7478
32892
34162
35957
37729
45950
100365
82152
66203
5909
47044
138610
161336
64957
164979
48711
4189
4612
6683
6986
27255
164977
163949
163056
161582
71057
47640
6985
118880
128606
128512
128360
128235
127212
127206
127144
127114
127108
123695
123663
122882
118700
44555
117176
116797
116161
115713
115569
115139
96728
114459
741
114342
1274
114254
131796
132458
132547
132549
3030
5618
82461
104283
141749
6754
8865
36401
104
8528
61024
76251
78209
140725
140715
140174
139642
139385
137337
134881
134859
134130
133771
133645
132800
63082
1801
72720
67255
6783
6830
6874
6981
6983
7195
67665
7335
7438
67429
7926
56805
67087
26150
66665
8195
64839
8236
8494
8584
8645
8751
8765
8766
8767
25805
6643
6515
6433
69481
78574
3632
78039
74545
74324
3742
73023
72741
2004
72395
72226
72176
72131
72011
71745
4763
71464
5169
71108
5289
5464
70293
5791
5795
5956
25927
26151
3415
55063
64614
52579
52967
53000
53123
53894
53953
54272
54286
54513
54881
55052
55069
64701
55118
55253
55269
55276
55280
55363
55442
55946
56015
56152
56286
56607
52241
51540
50068
49917
31770
34517
37741
38304
39183
40629
40819
41585
41863
64622
42217
45028
45210
46664
46723
64620
47423
47629
48516
48696
56788
56782
48738
48774
49824
78653
3539
79242
6953
65514
68954
95135
44191
106473
3676
5449
106918
8369
94969
1900
94959
117533
58191
94931
91077
90866
90531
6016
40148
47099
60072
77455
8636
6281
2692
5812
96588
96417
95761
3751
3785
3893
95558
4016
4306
61236
4351
4369
60766
4641
60069
58879
4701
4823
95449
5135
5349
5377
5481
3052
61240
4322
90439
1260
85394
61357
83976
1281
82463
1572
1935
1942
82459
82313
81932
81845
2182
2202
81786
2747
81591
2012
2920
2927
81562
80489
3089
80463
1232
86320
86833
87304
90376
96610
57669
90057
89804
8533
45720
89759
89492
61323
5984
3113
89470
89260
146501
757
88810
946
88235
1153
88129
112552
134853
7373
107649
1199
93040
7361
26554
47465
4911
4467
3707
2174
1997
78499
339
2968
2641
2502
2997
1
186
337
2700
2369
2085
3257
1956
7161
236
8623
5
