1729
778
2959
296
1732
56367
4973
2542
6016
7361
318
4226
1079
55247
4011
2997
111624
50
26614
93040
1265
5782
6942
1089
8874
4638
4223
153
434
494
780
1617
2273
2329
2600
7347
2985
2989
3160
8781
3499
5602
4023
3175
3916
26554
5608
62849
608
55820
1042
858
593
1610
1200
4121
1120
3361
2529
31878
44199
55069
55442
79132
2361
40148
106918
2692
34321
3809
1219
6218
109249
53894
53123
53000
52967
55118
55253
54272
56788
52241
51540
54881
54513
55052
55269
55276
56805
56152
56286
56607
56782
54286
1036
118997
3994
50068
8645
6874
55280
5464
5791
7438
27773
745
111384
3793
53318
35836
4041
350
52973
1103
121231
5971
4995
5064
1291
1258
48780
1704
55363
74458
1061
61236
61240
5299
68157
6539
111
6350
3949
8928
66934
109374
37733
3882
68954
64957
115617
49824
47423
46723
45210
48696
47629
45028
49917
48738
48516
41863
48774
44555
47099
6287
1028
6713
58559
52885
186
5
1256
2942
1088
31658
8533
30745
3546
5662
6863
8188
236
44191
246
3676
4306
4016
3978
3893
3785
3751
3260
2012
3114
3113
3052
2700
2396
2369
4351
4369
4641
4701
4823
4890
5135
5349
5377
5481
5812
6281
6953
8636
106473
65514
107649
2085
2004
300
587
1242
1059
904
661
628
77455
529
1956
520
377
357
78499
337
4322
1250
1259
1358
3703
1376
1517
1635
1639
1801
1954
1
117533
1900
94777
70286
8369
5449
135518
8464
1080
52319
7458
8972
69640
104841
2082
80551
2359
2641
3257
3275
3300
3301
4069
5219
5507
7373
8861
27904
34405
60684
63992
69526
69712
71057
46970
5445
260
247
27255
1955
7478
32892
34162
35957
37729
45950
100365
150
2174
8623
107999
1199
2968
4467
4911
5909
47465
4388
1131
48711
4189
4612
6683
6986
47640
6985
3030
5618
26585
1721
122886
4721
7376
31221
32025
232
1176
1210
2068
2424
3948
4018
59725
26662
27611
68358
72998
95441
97938
106696
134853
54290
40614
8961
8795
7844
741
82461
104283
132046
6754
8865
36401
104
8528
61024
76251
78209
1274
7153
2019
2571
2924
3265
3996
4993
5902
5952
6857
7022
7090
45720
599
63131
72131
97921
97752
97673
97304
96832
96811
96728
96610
96588
96417
95761
95558
95449
95135
94969
94959
94931
97923
98154
98961
103449
106766
106100
105504
105355
105197
103688
103624
103372
99114
103107
102469
102194
101895
101525
101285
99149
91077
90866
90531
78574
81786
81591
81562
80489
80463
79242
78653
78039
81932
74545
74324
73023
72741
72720
64969
72226
81845
82313
90439
88810
90376
90057
89804
89759
89492
89470
89260
88235
82459
88129
87304
86833
86320
85394
83976
82463
106916
106920
107141
137337
142488
141749
140725
140715
140174
139642
139385
134881
144172
134859
134130
133771
133645
132800
132549
132547
143385
146656
131796
163949
111931
82152
66203
47044
138610
164979
164977
163056
148482
161582
161336
160954
158783
156387
155064
148626
132458
128606
107636
112515
114342
114254
113064
112852
112556
112552
112550
112290
114662
112183
112070
111622
111505
111251
111249
110871
114459
115139
128512
123695
128360
128235
127212
127206
127144
127114
127108
123663
115569
122882
118880
118700
117176
116797
116161
115713
72176
72395
72011
4327
4262
4103
3947
3811
3789
3742
3679
3671
3634
3632
3539
3498
3415
3384
3111
4326
4437
7195
4712
6981
6830
6783
6643
6515
6433
6229
71745
5795
5747
5289
5198
5169
4928
4763
3089
3022
2936
2927
1209
1197
1172
1153
954
946
914
757
146501
541
39421
7155
5984
3707
3176
1211
1232
1260
2178
2920
2857
2747
2730
2202
2182
2109
1272
1957
1942
1935
1572
1281
1273
6983
5956
55063
55946
60766
60069
58879
58191
57669
56015
53953
61357
52579
47274
46664
42217
41585
40819
61323
63082
39183
67255
71464
71108
70293
69481
67665
67429
67087
63876
66665
64839
64701
64622
64620
64614
40629
339
8765
7926
8494
8236
38304
8207
8766
8195
8767
8154
8128
8584
8125
25927
25805
8751
7792
26151
37741
26366
26150
31770
34517
7335
41997
52281
109487
78349
1997
130682
68319
27592
66097
2288
3629
7243
1283
47
67997
924
7161
215
88125
48394
2028
33794
2502
3246
2677
2330
1245
306
319
364
588
293
60072
46578
