520
339
3361
4306
4016
3978
3893
3785
3751
3260
2004
3113
3052
2700
2692
2396
2369
2085
4351
4369
4641
4701
44191
3703
107649
68954
65514
8636
6953
6281
5812
5481
5377
5349
5135
4890
4823
2012
1956
3676
300
236
215
5
67997
58559
52885
31658
30745
8188
6713
6287
5662
3546
1256
1089
246
337
1954
357
1801
1639
1635
1517
1376
1358
1250
1242
1059
904
661
628
587
529
377
106473
5449
3246
1211
1283
1281
1273
1272
1260
1245
1232
1209
55247
1197
1172
1153
954
946
914
757
1572
1935
1942
1957
3089
3022
2936
2927
2920
2857
2747
2730
2677
2330
2202
2182
2178
2109
2028
146501
588
541
1028
78499
77455
60072
47099
40148
6016
1
117533
2361
1900
94777
78349
70286
8369
106918
4322
1088
364
2942
319
306
53318
39421
7155
5984
3707
3176
64969
63131
59725
45720
8533
6942
6863
1080
247
111
5219
63992
60684
34405
27904
8861
7373
5507
4069
40614
3301
3300
3275
3257
2641
2359
1061
66934
68157
68319
69526
8865
6754
132046
104283
82461
5971
5618
3030
44555
7361
6985
47640
46970
71057
69712
80551
2082
104841
5909
4467
2968
1199
111624
107999
8623
2174
100365
45950
37729
35957
34162
32892
7478
1955
4911
47465
69640
4388
8972
7458
5445
52319
121231
109487
260
27255
6986
6683
4612
4189
48711
64957
1131
36401
104
2502
5299
3948
2068
1265
1210
1176
318
232
50
35836
32025
31221
7376
4721
122886
1721
4018
7161
31878
8464
54290
134853
118997
115617
106696
97938
95441
93040
72998
68358
56367
34321
27611
26662
26614
33794
26585
8528
2924
2019
1274
924
741
4121
3793
1610
1200
1120
1042
858
593
78209
76251
61024
2571
2997
26554
3265
8961
8874
8795
7844
7153
7090
7022
6857
6539
6350
5952
5902
5782
4993
3996
3111
135518
3384
72176
97923
97921
97752
97673
97304
96832
96811
96728
96610
96588
96417
95761
95558
95449
95135
94969
94959
98154
98961
99114
103624
106916
106766
106100
105504
105355
105197
103688
103449
99149
103372
103107
102469
102194
101895
101525
101285
94931
91077
90866
78653
81845
81786
81591
81562
80489
80463
79242
78574
82313
78039
74545
74324
73023
72741
72720
72395
81932
82459
90531
89260
90439
90376
90057
89804
89759
89492
89470
88810
82463
88235
88129
87304
86833
86320
3415
83976
106920
107141
107636
139385
143385
142488
141749
140725
140715
140174
139642
137337
146656
134881
134859
134130
133771
133645
132800
132549
144172
148482
132458
164977
111931
111384
82152
66203
47044
138610
164979
163949
148626
163056
161582
161336
160954
158783
156387
155064
132547
131796
110871
112550
114459
114342
114254
113064
112852
112556
112552
112515
115139
112290
112183
112070
111622
111505
111251
111249
114662
115569
128606
127108
128512
128360
128235
127212
127206
127144
127114
123695
115713
123663
122882
118880
118700
117176
116797
116161
72226
85394
72131
26366
26150
25927
25805
8767
8766
8765
8751
8645
8584
8494
8236
8207
8195
8154
8128
8125
7926
26151
31770
48738
34517
48516
47629
47423
47274
46723
46664
45210
45028
42217
41997
41863
41585
40819
40629
39183
38304
37741
7792
7438
7335
7243
4712
4437
4327
4326
4262
4103
3947
3811
3789
3742
3679
3671
3634
3632
3629
3539
3498
4763
4928
5169
6515
7195
6983
6981
6874
6830
6783
6643
6433
5198
6229
5956
5795
5791
5747
5464
5289
48696
599
54272
54513
55269
55253
55118
55069
55063
55052
54881
63876
55280
64614
54286
61323
53953
53894
53123
53000
55276
55363
64620
57669
61236
61357
63082
60766
60069
58879
58191
56805
55442
56788
56782
56607
56286
56152
56015
55946
52967
61240
72011
50068
71464
71108
70293
69481
67665
67429
67255
52579
67087
66665
48774
49824
49917
71745
64701
64839
52281
52241
64622
51540
79132
4995
74458
66097
1704
62849
48780
1997
2529
1219
48394
27773
130682
1258
4226
27592
2424
5608
293
6218
88125
2288
5064
1291
37733
3882
3114
109374
3949
745
46578
3994
55820
1036
4011
8928
44199
296
4973
1732
150
3916
4638
4023
3175
3160
2989
186
2985
2600
2329
2273
3499
7347
1617
52973
1259
4041
5602
4223
1103
153
434
494
780
350
8781
47
2542
3809
2959
109249
1729
778
608
1079
