5952
7153
8795
4993
4437
7792
3947
4928
3671
3498
3384
47274
2178
2109
6229
26366
8207
1272
4712
2019
2730
5902
3260
3978
1079
1258
260
1080
26614
2502
1042
4121
1610
1200
1120
593
50
858
745
924
2959
3022
541
954
8125
1729
778
608
5608
8645
55280
7438
6874
5464
5791
50068
3114
2936
3793
1704
1732
109249
2361
55363
3949
55442
55069
3809
61240
61236
4973
106473
1219
7243
3629
1283
293
4226
3916
780
8781
494
434
153
2273
7347
5602
2329
4638
2600
2985
4223
2989
4023
1617
3160
3175
3499
47
8464
1259
318
74458
2288
111
296
68954
8928
4041
52973
1103
350
44199
52281
41997
78349
46578
27592
109374
3994
4995
53318
79132
1291
5064
7361
48780
27773
48394
55820
132046
6218
3361
37733
3882
122886
100365
111624
107999
117533
1176
27611
2068
111384
109487
121231
5971
68319
134853
135518
2571
2529
3703
1061
70286
72998
1210
64957
6350
5445
7458
88125
107649
4189
4612
6683
44191
52319
6986
3676
8369
5449
65514
27255
55247
106918
8972
33794
8636
104841
3275
4016
3257
4306
4351
4369
4641
2641
4701
4823
4890
2359
5377
5481
5812
6281
80551
2082
48711
6953
1
1900
1131
3176
150
3707
5984
7155
39421
45950
37729
35957
34162
146501
757
914
32892
946
7478
1955
1153
1172
45720
8533
2942
60072
3300
4388
47465
5909
4911
6016
4467
47099
2968
2174
77455
1199
78499
130682
4322
1088
1997
8623
3893
3301
3785
69712
104
247
36401
8865
6754
104283
82461
1256
5618
3030
3546
5662
6287
6713
8188
44555
6985
30745
47640
40614
54290
8528
3948
4721
7376
32025
7090
6857
232
3996
2924
1274
61024
741
26662
1209
78209
68358
95441
97938
76251
71057
31658
3751
52885
1517
1635
1639
1801
1954
7373
1956
2004
2012
2085
2369
5507
2396
2700
3052
3113
5219
4069
7844
1376
27904
1242
66097
58559
67997
69526
5
186
236
300
337
357
34405
377
520
587
628
661
60684
904
1059
1197
599
1211
90376
97304
96832
96811
96728
96610
96588
96417
95761
95558
95449
95135
94969
94959
94931
91077
90866
90531
97673
97752
97921
102469
105355
105197
103688
103624
103449
103372
103107
102194
97923
101895
101525
101285
99149
99114
98961
98154
90439
90057
106766
89804
80489
80463
79242
78653
78574
78039
74545
74324
73023
72741
1232
72395
72226
72176
72131
72011
71745
81562
81591
81786
87304
89759
89492
89470
89260
88810
88235
88129
86833
81845
86320
85394
83976
82463
82459
82313
81932
106100
106916
71108
128606
142488
141749
140725
140715
140174
139642
139385
137337
134881
134859
134130
133771
133645
132800
132549
132547
132458
143385
144172
146656
163949
111931
82152
66203
47044
138610
164979
164977
163056
148482
161582
161336
160954
158783
156387
155064
148626
131796
128512
106920
128360
114254
113064
112852
112556
112552
112550
112515
112290
112183
112070
111622
111505
111251
111249
110871
107636
107141
114342
114459
114662
123663
128235
127212
127206
127144
127114
127108
123695
122882
115139
118880
118700
117176
116797
116161
115713
115569
71464
72720
70293
8494
25927
25805
8767
8766
8765
8751
8584
8236
26151
8195
8154
8128
7926
7335
7195
6983
26150
31770
6830
45210
48738
48696
48516
47629
47423
46723
46664
45028
34517
42217
41863
40819
40629
39183
38304
37741
6981
6783
49824
2202
3415
3111
3089
2927
2920
2857
2747
2182
3632
1957
1942
1935
1572
1281
1273
1260
3539
3634
6643
5169
6515
6433
5956
5795
5747
5289
5198
4763
3679
4327
4326
4262
4103
3811
3789
3742
48774
41585
61357
55946
56152
56286
56607
56782
56788
56805
57669
58191
58879
60069
60766
61323
63082
63876
64614
64620
64622
64701
64839
66665
67087
67255
67429
67665
69481
56015
339
54513
54881
53000
53123
53894
53953
52967
52579
54272
54286
52241
51540
55276
55269
55253
49917
55118
55063
55052
4011
93040
1265
6863
4018
115617
2028
64969
94777
46970
66934
7161
1028
63131
106696
105504
1036
26554
56367
35836
118997
34321
31878
2997
2692
62849
5299
8861
3265
7022
69640
5782
40148
26585
2542
215
68157
8874
5135
1250
246
1358
8961
6539
2330
306
319
364
2677
588
3246
1245
63992
6942
1089
5349
529
2424
59725
31221
1721
