7361
5952
7153
2997
58559
76251
4993
8795
4262
4326
1957
4103
5198
5747
3111
3811
8128
3679
1273
1172
1197
1211
5782
41997
52281
61240
61236
4226
48394
2019
26554
2959
5608
1089
924
3978
3260
5902
6874
5464
8645
5791
7438
50068
55280
93040
4011
2692
3949
296
55363
2985
1610
2273
57669
3916
1617
3499
33794
3175
153
1200
434
2600
63876
3160
780
858
2989
1042
1120
494
593
111
58191
64614
64620
64622
55063
64701
64839
63082
61357
61323
60766
8781
7347
5602
67429
4638
4223
4121
60069
58879
4023
2329
2028
48780
55069
55442
2571
1219
47
2529
3629
1283
7243
44199
62849
1704
3793
306
588
1245
364
319
3246
2677
2330
1258
79132
1036
68954
88125
745
68157
2361
5064
1291
4995
74458
2542
61024
3994
27773
215
132046
109487
6218
66097
27611
135518
1732
3022
954
8125
541
94777
2936
1956
2396
1242
2942
1250
1259
6942
8533
45720
59725
3114
3113
3052
1358
2700
3176
1376
1954
2369
1517
3707
5984
7155
2085
1997
53318
1635
1639
2012
1801
146501
2004
39421
65514
1088
5481
4823
4890
5135
5349
8369
5377
106918
5812
8636
5449
3676
106473
1059
6281
107649
6953
4701
4641
4369
78349
78499
77455
60072
47099
40148
6016
3751
1
117533
3785
3893
1900
4016
4306
4351
4322
2288
661
628
8972
104841
2082
80551
2359
2641
3257
3275
3300
3301
3809
4069
5219
5507
7373
8861
8928
27904
63992
69526
69712
71057
47640
6985
44555
3030
5618
7458
5445
52319
130682
1955
7478
32892
34162
35957
37729
45950
100365
150
2174
8623
111624
2968
27255
4467
4911
5909
47465
4388
1131
64957
48711
4189
4612
6683
6986
5971
82461
104283
30745
109374
54290
247
1080
1256
914
3546
5662
6287
6713
8188
27592
31658
95441
52885
5
186
236
246
300
337
357
377
520
529
587
97938
68358
6754
7090
8865
36401
104
8528
78209
741
1274
2924
3265
3996
6857
7022
7844
46578
26585
1721
4721
7376
31221
32025
232
1176
2424
3948
8464
26662
757
599
946
97304
99114
98961
98154
97923
97921
97752
97673
96832
72741
96811
96728
96610
96588
96417
95761
95558
99149
101285
101525
101895
107636
107141
106920
106916
106766
106100
105355
105197
103688
103624
103449
103372
103107
102469
102194
95449
95135
94969
86320
83976
82463
82459
82313
81932
81845
81786
81591
81562
80489
1153
79242
78574
78039
74545
85394
86833
94959
87304
94931
91077
90866
90531
90439
90376
90057
89804
89759
89492
89470
89260
88810
88235
88129
110871
111249
111251
146656
143385
142488
141749
140725
140715
140174
139642
139385
137337
134881
134859
134130
133771
133645
132800
144172
148482
132547
148626
111931
82152
66203
47044
138610
164979
164977
163949
163056
161582
161336
160954
158783
156387
155064
132549
132458
111505
115713
115139
114662
114459
114342
114254
113064
112852
112556
112552
112550
112515
112290
112183
112070
111622
115569
116161
131796
116797
128606
128512
128360
128235
127212
127206
127144
127114
127108
123695
123663
122882
118880
118700
117176
74324
80463
38304
47423
8765
8751
8584
8494
8236
8207
8195
8154
7926
7792
7335
7195
6983
6981
6830
6783
6643
8766
8767
25805
40819
46723
46664
45210
45028
42217
41863
41585
40629
25927
39183
37741
34517
31770
26366
26151
26150
6515
6433
6229
2109
2920
2857
2747
2730
2202
2182
2178
1942
3089
1935
1572
1281
1272
1260
1232
1209
2927
3384
5956
4327
5795
5289
5169
4928
4763
4712
4437
3947
3415
3789
3742
3671
3634
3632
3539
3498
47274
339
47629
52579
72176
48516
56015
55946
53953
67255
48738
49917
48696
48774
49824
109249
3703
134853
68319
107999
122886
55247
66934
1079
1210
1061
121231
111384
6863
4018
34405
6350
3882
37733
64969
46970
4973
778
1729
60684
3361
7161
56367
70286
67997
1265
115617
1028
63131
31878
608
35836
56782
56805
55052
51540
52241
52967
53000
53123
53894
54272
56788
54513
54881
54286
55118
56152
55253
56607
56286
55269
55276
40614
118997
1199
8874
34321
106696
350
1103
52973
4041
105504
2068
72998
67665
5299
260
293
44191
318
55820
72131
73023
904
72720
2502
66665
67087
72395
69481
70293
71108
71464
8961
71745
72226
78653
72011
69640
6539
50
26614
