494
153
4023
3916
3499
3175
3160
2989
2985
2600
2329
2273
1617
780
4638
434
4223
7347
8781
5602
1036
1291
44199
1088
150
3994
745
1376
529
377
357
1704
5299
4995
2424
2942
4011
5064
4327
2857
914
3789
1209
8154
7022
3265
6218
3634
6986
39183
4612
8636
4189
38304
40819
37741
40629
318
7161
6539
1721
3949
26585
3114
1250
260
2571
1028
1210
31878
3893
8533
2396
5349
6281
3996
7090
3257
2924
7844
4103
1197
1211
8128
1273
1957
5747
1172
3811
5198
3111
4326
3679
4262
1265
4018
52281
41997
115617
5782
2068
599
118997
4973
79132
34321
3751
35836
132046
59725
8874
3629
7243
1283
69640
63131
3809
6942
6863
4890
3176
2641
5
300
2012
8972
5445
4351
8623
339
3978
5902
3260
3703
46578
94777
3361
65514
46970
106696
1176
236
2028
64969
27611
2174
7153
5952
2529
56367
63992
6350
112552
924
70286
135518
133771
132800
128512
114254
52579
102469
101285
53953
111249
161336
114459
127206
111505
7926
4763
110871
112550
757
94969
113064
72998
111384
1079
608
7155
121231
109249
66934
39421
109374
8928
293
68319
1061
109487
81786
122882
134859
48394
118700
112515
118880
67665
3707
8861
2730
55363
122886
107999
1732
134853
105504
7373
2019
77455
5971
111624
60684
55247
34405
48780
62849
74458
5909
58559
67997
47465
4911
111622
1358
337
52885
4467
661
2968
520
6713
31658
1131
64957
112290
112183
54290
40614
111
247
1080
30745
1256
4388
3546
5662
6287
1635
8188
1517
2692
1639
32892
105355
34162
5135
105197
5481
5812
6953
103624
68954
1956
107649
7478
44191
3676
5449
106918
8369
1955
4823
4701
88810
35957
2004
107141
106920
97938
2700
3113
106916
1199
106766
3785
106100
111931
4016
100365
45950
4306
37729
48711
6683
95441
137337
148626
146656
144172
143385
142488
141749
140174
139385
134881
76251
5507
134130
5219
133645
4069
128606
156387
128360
78209
61024
741
5618
69526
69712
71057
47640
6985
7361
44555
3030
27904
8528
82461
104283
155064
6754
8865
36401
104
2502
3301
3300
93040
52319
114662
161582
7458
114342
163056
3948
112852
112556
163949
32025
8464
26662
138610
27255
47044
66203
68358
82152
115139
31221
1274
2082
127114
2997
3275
158783
160954
2359
6857
80551
117176
7376
116797
8961
26554
104841
116161
115713
115569
4721
78349
89260
1900
52241
45210
46723
47274
47423
47629
48516
48696
48738
48774
49824
49917
50068
51540
89470
42217
52967
53000
53123
53894
54272
54286
54513
54881
55052
55063
55069
55118
55253
45028
89492
6783
8751
6874
6981
7195
91077
7335
7438
7792
90866
90531
8195
8207
8236
8645
2361
41863
8766
8767
25805
26150
26151
26366
31770
90439
90376
90057
89804
89759
41585
55269
55276
55280
80463
71745
72011
72131
72226
72395
72720
73023
74324
74545
78039
78574
78653
79242
80489
55442
81562
81591
81845
81932
82459
82463
83976
85394
86320
86833
87304
88129
88235
71464
71108
70293
69481
56015
56152
56286
56607
56782
56788
56805
57669
58191
58879
60069
60766
61236
61240
61323
61357
63082
63876
64614
64620
64622
64701
64839
66665
67087
67255
67429
6830
8765
6643
98154
97921
1232
1260
1272
97752
97673
1572
97304
2109
2182
96811
3384
3415
3498
96728
97923
98961
96588
1153
6016
40148
47099
4322
103372
103107
102194
101895
45720
101525
99149
5984
53318
146501
99114
3671
2178
3742
5289
95135
4437
4712
4928
5169
94959
5464
95558
94931
5791
5795
6229
6433
6515
95449
4641
3947
68157
1089
232
106473
33794
4993
8795
127108
78499
2542
5377
1242
123663
3539
112070
123695
246
107636
1801
132549
587
127144
1954
628
55946
8584
2085
127212
2369
904
164977
1
140725
128235
148482
164979
72741
131796
82313
34517
2747
72176
132458
140715
139642
296
1729
778
27773
37733
3882
117533
215
4226
55820
2959
66097
2920
588
364
319
306
3246
1245
2677
2330
350
1103
4041
52973
1997
8125
954
3022
541
5608
25927
46664
130682
1281
1258
50
26614
111251
1942
3089
2927
2202
3632
1935
946
4369
6983
60072
96610
96832
27592
3793
2936
8494
96417
103449
103688
132547
95761
5956
88125
2288
1219
1059
1259
186
858
4121
593
1042
1120
1200
1610
47
3052
