1200
593
1610
1042
4121
858
1120
1089
3793
296
2692
111
3022
954
1
26614
50
8125
541
377
608
4226
78499
2959
2936
350
52973
1103
4041
2028
7243
3629
1283
68157
5608
2542
48780
2361
3809
134853
1176
8207
246
6229
3498
2109
2178
1956
1059
2997
26366
3671
4928
7792
4712
47274
3384
1272
357
2700
3947
4437
247
318
2571
55820
1258
1079
1219
2529
1704
2730
37733
3882
1732
5782
94777
79132
47
4973
7361
26554
62849
27773
364
1245
588
306
2330
319
2677
3246
109249
8928
93040
74458
46578
778
1729
109374
4995
109487
3361
215
27592
293
27904
132046
5618
115617
111384
121231
118997
1061
27611
135518
70286
72998
60684
3052
2369
946
914
757
146501
53318
39421
7155
2012
5984
3260
3707
3176
64969
63131
2085
2004
8533
1153
1281
1273
1260
1232
1242
1250
1211
1209
1259
1358
1376
1635
1639
1801
1954
1197
1172
45720
3751
8369
65514
117533
5377
5481
5812
6281
6953
8636
68954
5349
1900
88125
3676
5449
55247
78349
106918
661
6016
3893
4351
3978
2942
4016
1997
1028
4306
4322
77455
40148
4369
4641
4701
60072
47099
4823
5135
904
54290
628
69712
3275
3300
3301
4069
5219
5507
7373
8861
34405
48394
66097
66934
69526
71057
2641
46970
47640
6985
44555
3030
5971
82461
104283
6754
8865
36401
104
2502
3257
2359
61024
1131
1955
7478
32892
34162
35957
37729
45950
100365
8623
111624
130682
5909
4388
64957
80551
48711
4189
4612
6683
6986
27255
52319
5445
7458
8972
69640
104841
2082
8528
76251
520
2288
7161
8464
26662
34321
56367
68358
95441
97938
106696
1935
40614
1080
1256
3546
4018
5662
6287
6713
8188
30745
31658
52885
58559
67997
5
186
300
337
5299
3948
78209
7090
741
924
1274
2924
3265
3996
4993
5902
5952
6350
6539
6857
7022
7153
1265
7844
8795
8874
8961
26585
31878
33794
4721
7376
31221
32025
35836
232
1572
599
1942
90866
95558
95449
95135
94969
94959
94931
91077
90531
70293
90439
90376
90057
89804
89759
158783
89492
95761
96417
96588
96610
143385
144172
146656
148482
148626
155064
97923
97921
97752
156387
97673
97304
96832
96811
96728
89470
89260
88810
80463
78653
78574
78039
74545
74324
73023
72741
72720
72395
72226
72176
72131
72011
71745
127144
79242
80489
88235
81562
88129
87304
86833
86320
85394
83976
1957
160954
82463
82459
82313
81932
81845
81786
81591
142488
141749
98154
113064
112556
112550
112515
112290
112183
112070
111622
111505
111251
111249
110871
107636
107141
106920
106916
112852
114254
106100
127206
127108
123695
123663
122882
118880
118700
117176
116797
116161
115713
115569
115139
114662
114459
114342
106766
105504
140725
99149
99114
132547
132549
132800
133645
133771
134130
134859
134881
137337
98961
139385
139642
140174
140715
132458
101285
105355
101525
105197
103688
103624
103449
103372
103107
127212
102469
128235
128360
102194
128512
128606
101895
131796
71108
71464
69481
8767
8765
8751
8645
8584
8494
8236
8195
8154
8128
7926
7438
7335
7195
6983
6981
8766
25805
46664
25927
45028
67665
41997
41863
41585
40819
40629
39183
38304
66203
37741
34517
31770
26151
26150
6874
6830
6783
82152
3789
3742
3679
3634
3632
3539
3415
3111
3089
2927
2920
2857
2747
2202
2182
3811
4103
4262
5791
6643
6515
111931
6433
5956
5795
5747
4326
5464
5289
5198
5169
4763
4327
45210
42217
47044
58879
57669
161336
56805
56788
56782
56607
56286
56152
56015
161582
55946
55442
55363
55280
46723
58191
60069
55253
60766
67429
67255
67087
66665
64839
64701
64622
64620
64614
63876
63082
61357
61323
61240
61236
55269
55276
55118
52967
164977
164979
52281
52241
51540
138610
50068
49917
49824
48774
48738
48696
48516
47629
47423
52579
127114
54286
55063
163056
54881
53000
55069
54513
55052
54272
53953
53894
53123
163949
1088
6863
3703
68319
112552
107649
107999
106473
122886
1210
2068
44191
2019
4890
4911
47465
587
2174
529
2396
4467
1199
2968
3949
63992
6942
4011
150
6218
59725
3114
236
5064
260
339
3785
1517
3113
3994
1036
745
44199
1721
1291
494
780
434
1617
2273
3916
2329
2600
2989
3160
3175
8781
7347
153
5602
4638
4223
4023
3499
2985
2424
