7153
5952
4993
8795
319
2330
1245
588
364
306
3246
2677
2028
2019
5902
3978
3260
318
215
5349
293
924
4995
6281
1
4823
1954
4069
4306
6986
7458
1088
4612
4189
904
3948
2700
2571
3361
7243
1283
3629
78499
3114
1079
745
954
3022
541
8125
111384
121231
64957
1704
52281
41997
132046
1061
2936
2942
134853
106473
68157
109249
48394
27611
135518
2174
79132
150
70286
112552
72998
27773
3809
1210
109487
8928
260
109374
1197
3947
3415
3113
3384
3893
2202
3785
3811
4016
2182
4351
3789
3742
4641
3679
2730
2004
2747
2369
300
337
529
628
661
2927
1242
1250
1259
1358
2920
1376
1517
1635
2857
1639
1956
3634
2085
3671
4701
2178
1260
1572
1997
1281
8533
1273
45720
5984
246
1272
3539
3632
1232
146501
757
914
946
1211
1209
1153
1172
1028
4322
3089
77455
2109
3498
5135
5377
5812
1957
6953
88125
107649
44191
1942
3676
106918
1900
117533
1935
6016
40148
60072
3111
95441
58559
3257
3300
5219
5507
7373
27904
34405
60684
66097
68319
69526
69712
71057
47640
6985
3030
5618
82461
104283
6754
8865
36401
2502
8528
61024
76251
78209
153
3275
2641
494
2359
1955
7478
32892
34162
35957
37729
45950
100365
107999
130682
1199
2968
4467
4911
5909
47465
4388
1131
48711
6683
27255
52319
8972
69640
104841
2082
80551
434
593
52885
6857
26585
122886
4721
7376
31221
32025
50
232
1176
8464
26614
26662
68358
4262
97938
106696
54290
40614
247
1080
1256
3546
5662
6713
8188
30745
31658
8961
1274
780
741
858
1036
1042
1120
1200
1291
1610
1617
2273
2329
2600
2985
2989
3160
3175
3499
3793
3916
3994
4023
4121
4223
4638
5064
5602
7347
8781
4103
599
4326
97673
96832
96811
96728
96610
96588
96417
95761
95558
95449
95135
94969
94959
94931
91077
90866
90531
90439
97304
97752
70293
97921
105355
105197
103688
103624
103449
103372
103107
102469
102194
101895
101525
101285
99149
99114
98961
98154
97923
90376
90057
89804
89759
80463
79242
78653
78574
78039
74545
74324
73023
72741
72720
72395
72226
72176
72131
72011
71745
71464
80489
81562
4327
86833
89492
89470
89260
88810
88235
88129
87304
86320
81786
85394
83976
82463
82459
82313
81932
81845
105504
106100
106766
128606
142488
141749
140725
140715
140174
139642
139385
137337
134881
134859
134130
133771
133645
132800
132549
132547
132458
143385
144172
146656
163949
111931
82152
66203
47044
138610
164979
164977
163056
148482
161582
161336
160954
158783
156387
155064
148626
131796
128512
106916
128360
114254
113064
112852
112556
112550
112515
112290
112183
112070
111622
111505
111251
111249
110871
107636
107141
106920
114342
114459
114662
123663
128235
127212
127206
127144
127114
127108
123695
122882
115139
118880
118700
117176
116797
116161
115713
115569
71108
81591
53123
26150
25927
56152
25805
56286
8767
56607
8766
8765
8751
54272
56782
56788
56805
57669
53000
8584
8494
58191
53953
8236
58879
56015
26151
8195
26366
54881
55052
55063
47274
54513
55118
55253
55269
46664
55276
42217
41585
40819
40629
39183
38304
54286
37741
55946
34517
31770
52241
8207
8154
5289
5956
60069
64839
66665
67087
5795
53894
5747
52967
67255
64622
5198
5169
4928
4763
4712
67429
67665
69481
4437
64701
51540
6229
6830
8128
7926
7792
7335
7195
60766
6983
6981
6433
52579
6783
63876
6643
61323
6515
61357
64620
64614
63082
3707
3703
55247
1089
67997
5971
39421
27592
78349
2288
111624
2692
3751
8861
7155
6863
68954
296
3301
8623
5445
339
377
1801
520
1059
8636
357
5
2542
61240
61236
55069
55442
55363
50068
6874
55280
7438
5464
5791
8645
778
1729
63992
6942
111
59725
6350
4018
64969
66934
6218
53318
94777
74458
46970
3882
608
62849
55820
48780
63131
2361
4011
2529
6539
56367
2068
4973
1721
1265
115617
35836
236
47
118997
52973
1103
4041
350
1258
34321
47099
46578
4890
44555
8874
3949
7161
1219
4226
2424
44199
1732
2959
37733
587
2012
6287
186
8369
5449
104
2396
33794
3176
48696
47629
48516
46723
45210
45028
41863
48738
48774
49824
49917
47423
5608
5299
65514
4369
5481
93040
3265
7022
26554
31878
5782
2924
3996
7090
7844
7361
3052
2997
