109487
260
58559
318
1291
134859
122882
53953
133771
132800
128512
127206
94969
101285
102469
110871
161336
52579
111249
7926
4763
111505
112550
113064
114459
757
114254
79132
132046
2571
81786
67665
2730
55363
2920
3634
140174
128360
115713
148626
146656
127114
139385
143385
142488
128606
137337
134881
134130
141749
133645
3361
1210
1610
4121
593
1200
1120
1042
858
27611
77455
127108
122886
135518
434
3916
4023
153
3175
4223
4638
3160
5602
7347
8781
2989
2985
2600
2329
2273
1617
780
494
3499
70286
111384
72998
121231
3793
48780
2692
1061
44199
2019
27773
94777
3994
745
5064
60684
4226
107999
3949
2174
81845
67255
82463
82459
81932
74324
81562
80489
80463
79242
78039
74545
81591
78574
293
68319
1088
3703
74458
1704
2529
1176
6218
6863
4995
47
1265
109249
1242
628
661
587
904
1059
529
1259
1250
45950
1358
1376
1517
1635
1639
1801
1954
1956
2004
2942
1997
520
4641
377
52885
3546
5662
6287
6713
8188
27592
59725
30745
45720
31658
100365
357
67997
5
186
8533
215
6942
236
246
300
350
337
1028
1955
4369
6953
7478
6281
5812
32892
5481
5377
5349
5135
3113
4890
4823
4701
3114
3260
35957
3751
3785
3893
3978
4016
34162
4041
4306
4351
8636
3052
1256
106918
4322
2012
60072
47099
6016
5608
2361
1900
78349
2085
8369
55247
65514
5449
3676
106473
44191
2369
2396
37729
107649
2700
88125
68954
2288
31221
1219
27904
37733
48394
63992
66097
68157
69526
69712
71057
47640
6985
7361
44555
3030
5618
5971
4612
82461
104283
4189
6754
8865
36401
104
1103
2502
34405
6683
1080
8928
52319
608
5445
7458
8972
69640
104841
1258
27255
2082
80551
2359
2641
3257
3275
3300
3301
3809
3882
4069
5219
5507
6986
7373
8861
8528
52973
55820
61024
26554
33794
1721
130682
4721
7376
32025
111624
50
232
8623
3948
8464
26614
26662
150
68358
93040
95441
97938
106696
54290
40614
111
247
8961
8795
7844
741
76251
78209
48711
64957
1131
4388
47465
5909
4911
4467
3707
924
7153
1274
2968
2924
2997
3996
4993
5902
5952
6857
7090
1199
3176
599
5984
72226
72131
72011
71745
71464
71108
70293
69481
67429
67087
66665
64839
64701
64622
64620
64614
72176
72395
63082
72720
89492
89470
89260
88810
88235
88129
87304
86833
86320
85394
83976
82313
78653
73023
72741
63876
61357
89804
55276
55253
55118
55069
7155
55052
54881
54513
54286
54272
53894
53123
53000
52967
52281
52241
55269
55280
61323
55442
61240
61236
60766
60069
58879
58191
57669
56805
56788
56782
56607
56286
56152
56015
55946
89759
90057
50068
140715
132549
132547
132458
131796
128235
127212
127144
123695
123663
115139
112070
107636
107141
106920
106916
139642
140725
106100
144172
111931
82152
66203
47044
138610
164979
164977
163949
163056
161582
160954
158783
156387
155064
148482
106766
105504
90376
97304
96811
96728
96610
96588
96417
95761
95558
95449
95135
94959
94931
91077
90866
90531
90439
96832
97673
105355
97752
105197
103688
103624
103449
103372
103107
102194
101895
101525
99149
99114
98961
98154
97923
97921
51540
55063
4928
3629
3947
3811
3789
3742
3679
3671
3632
3539
6874
3498
3415
3384
3246
3111
3089
3022
4103
4262
4326
4327
6783
6643
6515
6433
6229
5956
5795
5791
5747
5464
5289
5198
5169
4712
4437
2936
2927
2857
1232
1209
1197
1172
1153
954
946
914
146501
588
541
364
319
306
53318
39421
1211
1245
2747
1260
2677
2330
2202
2182
2178
2109
2028
1957
1942
1935
1572
1283
1281
1273
1272
6830
339
6981
41997
31770
34517
37741
47274
38304
39183
40629
40819
41585
41863
49917
49824
26151
42217
45028
48774
45210
48738
6983
46664
46723
48696
48516
47629
26366
47423
8154
7335
8128
26150
8195
8207
8236
7438
8494
8584
8645
8125
8751
7243
8765
8766
8767
25805
7195
25927
7792
66934
4018
6350
64969
56367
46970
4973
6539
46578
63131
31878
2068
35836
1732
118997
8874
2424
34321
4011
296
1079
2959
62849
7161
112552
117533
5299
1089
1036
1729
778
109374
40148
5782
3265
7022
26585
2542
112515
118880
118700
111251
112852
112183
111622
114342
112290
117176
116797
116161
115569
112556
114662
134853
115617
78499
1
