7792
1272
26366
8207
47274
6229
4928
4712
4437
3947
3498
3384
2178
2109
3671
3978
3260
5902
2028
2730
7153
5952
7243
1283
3629
924
8125
954
3022
541
306
319
588
1245
2330
2677
364
3246
2936
215
5377
293
4993
8795
41997
52281
48394
232
2019
357
56367
246
1801
1639
300
1635
337
350
904
1059
1376
377
520
529
1358
587
1259
628
1250
68358
1242
661
1517
118997
236
1219
3546
2529
2288
106696
1729
1256
1089
186
1080
1079
109374
247
111
40614
5662
6287
6713
8188
97938
95441
27592
27773
30745
1956
31658
52885
93040
58559
54290
67997
5
1954
599
2004
2012
40148
6016
5608
2959
2542
778
1
117533
2361
1900
94777
78349
8369
106918
55247
47099
60072
62849
6942
3176
64969
63131
59725
45720
8533
6863
77455
2942
1997
1088
1028
4322
78499
5449
3676
106473
3114
4016
3893
34321
3785
3751
3361
3113
4306
3052
2700
2692
2396
2369
2085
4041
4351
44191
5812
107649
88125
65514
8636
6953
6281
5481
4369
5349
5135
4890
4823
4701
4641
46578
4973
26662
3301
8928
8861
7373
5507
5219
4069
3882
3809
3300
69640
3275
3257
2641
2359
1732
1061
80551
2082
27904
34405
37733
60684
104283
82461
5971
5618
3030
44555
7361
6985
47640
46970
71057
69712
69526
68157
66934
66097
63992
104841
8972
8865
2174
5909
4911
4467
2968
1199
130682
111624
8623
150
7458
100365
45950
37729
35957
34162
32892
7478
1955
47465
296
4388
1131
5445
608
52319
121231
48780
4995
4226
1704
1258
27255
6986
6683
4612
4189
48711
74458
64957
6754
36401
26614
6350
26554
8961
8874
7844
7090
7022
6857
6539
5782
6218
3996
3265
2997
2924
1274
741
44199
8781
26585
31878
33794
1721
8464
7161
5299
5984
4018
3948
2424
1265
1176
318
50
47
35836
32025
31221
7376
4721
7347
5602
104
434
1120
1042
1036
858
780
745
593
494
153
5064
78209
76251
61024
55820
52973
8528
2502
1103
1200
1291
1610
1617
4638
4223
4121
4023
4011
3994
3949
3916
3793
3499
3175
3160
2989
2985
2600
2329
2273
3707
339
7155
90531
97752
97673
97304
96832
96811
96728
96610
96588
96417
95761
95558
95449
95135
94969
94959
94931
91077
97921
97923
98154
103372
106100
105504
105355
105197
103688
103624
103449
103107
98961
102469
102194
101895
101525
101285
99149
99114
90866
90439
106916
90376
81591
81562
80489
80463
79242
78653
78574
78039
74545
74324
73023
72741
72720
72395
72226
72176
39421
81786
81845
81932
88235
90057
89804
89759
89492
89470
89260
88810
88129
82313
87304
86833
86320
85394
83976
82463
82459
106766
106920
71745
131796
143385
142488
141749
140725
140715
140174
139642
139385
137337
134881
134859
134130
133771
133645
132800
132549
132547
144172
146656
148482
164977
111931
111384
82152
66203
47044
138610
164979
163949
148626
163056
161582
161336
160954
158783
156387
155064
132458
128606
107141
128512
114342
114254
113064
112852
112556
112552
112550
112515
112290
112183
112070
111622
111505
111251
111249
110871
107636
114459
114662
115139
123695
128360
128235
127212
127206
127144
127114
127108
123663
115569
122882
118880
118700
117176
116797
116161
115713
72011
72131
71464
6643
7926
7335
7195
6983
6981
6830
6783
6515
8154
6433
5956
5795
5747
5289
5198
5169
8128
8195
41585
26150
40629
39183
38304
71108
34517
31770
26151
25927
8236
25805
8767
8766
8765
8751
8584
8494
4763
4327
4326
1209
1935
1572
1281
1273
1260
1232
1211
1197
4262
1172
1153
946
914
757
146501
53318
1942
1957
2182
2202
4103
3811
3789
3742
3679
3634
3632
3539
3415
3111
3089
2927
2920
2857
2747
40819
37741
41863
67087
60766
66665
55118
55253
55269
55276
64839
64701
64622
64620
64614
55946
56015
42217
56152
56286
56607
63876
63082
56782
56788
56805
61357
57669
58191
58879
61323
55052
55063
54881
49917
70293
45028
45210
46664
46723
47423
47629
48516
48696
48738
48774
54513
49824
60069
69481
54286
54272
67255
53953
53894
53123
67665
53000
52967
52579
52241
67429
51540
79132
115617
72998
70286
109249
3703
135518
2571
134853
68319
109487
27611
107999
122886
2068
132046
1210
68954
61240
61236
55069
55442
55363
55280
5464
6874
7438
8645
50068
5791
260
