8874
55069
55442
5952
7153
109374
8795
4993
8645
5464
5791
55280
50068
6874
7438
88125
48394
56286
56782
56788
55269
55253
55118
55276
56805
53123
54272
56152
51540
52241
52967
53000
55052
53894
56607
54286
54513
54881
55363
68954
2019
41997
52281
115569
116161
116797
117176
114662
112852
112556
114342
112290
112183
111622
8861
3978
5902
3260
6539
5299
118880
118700
112515
34405
56367
115713
137337
134881
8961
50
140174
134130
133645
141749
26614
68358
142488
128606
128360
127114
143385
146656
148626
8528
139385
44191
68157
4973
3809
260
55820
134859
122882
127108
924
34321
1210
66097
118997
1265
69640
35836
47
93040
61240
61236
55247
115617
1199
112552
64957
608
94777
1089
66934
3030
1250
52319
7458
122886
31878
134853
46578
60684
1079
296
107999
109249
78653
71464
73023
72720
72395
72131
72011
71745
71108
70293
67087
66665
69481
72226
8928
67997
68319
67665
69712
105504
106696
1732
2068
1028
3703
63131
7161
46970
64969
6350
757
3893
2700
3785
946
2641
3052
1153
146501
588
3257
1172
914
1942
1935
1260
1572
3361
1281
1957
1273
1272
1245
3113
2109
1232
1211
364
1209
3114
1197
3676
319
4322
5812
6281
60072
47099
6953
5608
778
8636
2361
1900
78349
107649
8369
106918
5449
3275
2396
306
1997
53318
4016
106473
5984
3176
4041
4351
4369
4641
4701
4823
4890
45720
8533
5135
2692
339
2369
2997
5507
6857
5219
4069
3882
26554
4721
7376
31221
32025
318
3948
8464
26662
95441
97938
54290
40614
111
7373
1274
1080
741
52973
2502
1103
104
36401
8865
6754
104283
82461
5971
5618
44555
7361
6985
47640
71057
69526
37733
27904
247
1219
2085
357
520
529
587
628
661
904
1059
1242
1259
1358
1376
1517
1635
1639
1801
1954
1956
2004
2012
377
350
1256
2182
1729
2288
3546
5662
6287
6713
8188
27592
30745
31658
52885
3301
5
186
215
236
246
300
337
2178
4262
2202
89759
90057
90376
90439
90531
90866
91077
94931
94959
94969
95135
95449
95558
45950
37729
96588
35957
96728
96811
97304
97673
97752
97921
97923
98154
98961
99114
99149
89804
89492
6986
89470
4612
4189
48711
1131
4388
72176
2330
47465
5909
4911
4467
2968
130682
81786
8623
82313
150
100365
83976
85394
86320
86833
87304
88129
88235
88810
89260
101285
101525
101895
102194
131796
132458
1955
132549
132800
133771
139642
140715
140725
144172
148482
155064
156387
158783
160954
161336
161582
163056
163949
164977
164979
138610
47044
66203
82152
111384
111931
128512
128235
127212
107141
102469
103107
103372
32892
103624
7478
105197
105355
106100
106766
106916
106920
107636
127206
110871
111249
111505
112070
112550
113064
114254
114459
115139
123663
123695
127144
6683
72741
27255
6515
4712
4763
4928
5169
5198
5289
5747
5795
2082
6229
6433
6643
8207
6783
1258
6981
6983
7195
104841
7335
7792
7926
8128
8154
4437
4327
4326
4103
2677
2730
2747
2857
2920
2927
1061
3089
3111
3246
3384
3415
3498
3539
80551
3632
3634
3671
3679
3742
3789
3811
3947
8195
6830
8236
47274
26366
31770
34517
121231
41585
41863
42217
45028
45210
46664
46723
47423
26150
47629
48516
48696
48738
48774
49824
49917
52579
53953
55946
56015
26151
78209
8767
25927
25805
8765
8751
8766
8584
63992
2424
2942
1176
3707
1088
39421
2174
59725
117533
232
1721
2359
6016
4018
111624
2542
7155
111251
5782
27773
40148
70286
1
26585
6863
293
8972
34162
5349
4306
5445
3751
5481
5377
33794
76251
109487
4226
6942
1291
48780
2959
72998
62849
2529
61024
65514
1704
77455
74458
2028
135518
3949
599
6218
7243
3629
1283
2936
96832
96610
2571
5064
78499
3265
7022
79132
3793
745
3994
58559
954
541
7090
3996
7844
2924
5956
8125
8494
95761
96417
103449
103688
132547
3022
3300
4995
1036
4011
44199
67255
80463
82459
81932
81845
82463
81591
81562
80489
79242
78574
78039
74545
74324
63082
58879
57669
58191
55063
61323
61357
64622
63876
64614
64620
60766
64701
64839
67429
60069
132046
494
4023
4638
1617
2273
2329
2600
2985
2989
3160
3175
3499
3916
4223
153
5602
780
7347
8781
434
1042
1120
1200
1610
593
4121
858
27611
37741
38304
39183
40629
40819
