318
150
3114
3361
2424
111384
121231
1061
27773
1635
1517
1376
1358
1259
1250
135518
1242
1059
1801
904
661
628
587
529
1639
2012
1954
3113
4041
4016
3978
3893
3785
3751
3260
3052
1956
2700
2692
2396
2369
2085
377
2004
520
337
357
134853
1256
1219
1080
247
111
40614
54290
118997
350
115617
109374
109249
106696
97938
95441
93040
2288
2529
3546
5662
4351
300
246
236
186
5
67997
58559
52885
31658
30745
27592
8188
6713
6287
4306
4641
4369
63131
53318
39421
7155
5984
3707
3176
64969
59725
146501
45720
8533
6942
6863
2942
1997
1088
541
757
4322
1260
1942
1935
1572
1283
1281
1273
1272
1232
914
1211
1209
1197
1172
1153
954
946
1028
78499
68358
6281
3703
107649
88125
68954
65514
8636
6953
5812
106473
5481
5377
5349
5135
4890
4823
4701
44191
3676
77455
117533
62849
60072
47099
40148
6016
5608
1
2361
5449
1900
94777
78349
70286
8369
106918
55247
72998
34321
56367
2641
4069
3882
3809
3301
3300
3275
3257
2359
5507
80551
2082
104841
69640
8972
7458
5445
5219
7373
44555
66934
6985
47640
46970
71057
69712
69526
68319
66097
8861
63992
60684
48394
37733
34405
27904
8928
608
52319
109487
2174
4467
2968
1199
130682
111624
107999
8623
100365
79132
45950
37729
35957
34162
32892
7478
1955
4911
5909
47465
4388
48780
4995
4226
1704
1258
260
27255
6986
6683
4612
4189
48711
74458
64957
1131
7361
3030
46578
26554
7376
4721
122886
1721
33794
31878
26585
8961
32025
8874
8795
7844
7153
7090
7022
6857
31221
35836
5618
4973
2109
27611
26662
26614
8464
7161
5299
4018
47
3948
2068
1265
1210
1176
232
50
6539
6350
5952
1103
78209
76251
61024
55820
52973
8528
2502
104
5902
36401
8865
6754
132046
104283
82461
5971
593
858
1042
1120
5782
4993
3996
3265
2997
2924
2571
2019
1274
924
741
4121
3793
1610
1200
1957
599
78574
97673
96832
96811
96728
96610
96588
96417
95761
95558
95449
95135
94969
94959
94931
91077
90866
90531
90439
97304
97752
90057
97921
105355
105197
103688
103624
103449
103372
103107
102469
102194
101895
101525
101285
99149
99114
98961
98154
97923
90376
89804
69481
80489
79242
78653
2178
78039
74545
74324
73023
72741
72720
72395
72226
72176
72131
72011
71745
71464
71108
80463
81562
89759
81591
89492
89470
89260
88810
88235
88129
87304
86833
86320
85394
83976
82463
82459
82313
81932
81845
81786
105504
106100
106766
143385
141749
140725
140715
140174
139642
139385
137337
134881
134859
134130
133771
133645
132800
132549
132547
132458
131796
142488
144172
106916
146656
111931
82152
66203
47044
138610
164979
164977
163949
163056
161582
161336
160954
158783
156387
155064
148626
148482
128606
128512
128360
128235
113064
112852
112556
112552
112550
112515
112290
112183
112070
111622
111505
111251
111249
110871
107636
107141
106920
114254
114342
114459
122882
127212
127206
127144
127114
127108
123695
123663
118880
114662
118700
117176
116797
116161
115713
115569
115139
70293
339
67665
6643
8645
8584
8494
8236
8207
8195
8154
8128
8125
7926
7792
7438
7335
7243
7195
6983
6981
6874
6830
8751
8765
8766
39183
45210
67429
42217
41997
41863
41585
40819
40629
38304
8767
37741
34517
31770
26366
26151
26150
25927
25805
6783
6515
46723
6433
3671
3634
3632
3629
3539
3498
3415
3384
3111
3089
3022
2936
2927
2920
2857
2747
2730
2202
2182
3679
3742
3789
5169
6229
5956
5795
5791
5747
5464
5289
5198
4928
3811
4763
4712
4437
4327
4326
4262
4103
3947
46664
45028
57669
52967
54286
54272
53953
53894
53123
53000
52579
56788
52281
52241
51540
50068
49917
49824
56805
54513
58191
55280
56286
56152
56015
55946
55442
55363
55276
54881
55269
55253
55118
55069
55063
55052
56782
56607
58879
63876
47274
67255
67087
66665
47423
47629
48516
64839
48696
64701
64622
64620
60069
64614
61236
48774
63082
60766
48738
61357
61323
61240
1732
215
2028
1079
6218
2542
588
364
319
1245
2677
2330
306
3246
2959
3949
68157
293
4011
5064
1291
1089
745
3994
1036
1729
778
44199
4638
2600
494
434
153
8781
1617
2273
2329
2989
2985
4223
3160
3175
3499
3916
7347
5602
4023
780
296
