494
3916
153
434
780
1617
2273
2329
2600
2985
2989
3160
3499
3175
8781
4023
4223
4638
5602
7347
44199
1036
3994
778
1729
745
5064
1291
4011
3949
2959
6218
293
2542
296
1079
1732
59725
2004
2700
2692
2396
2369
2085
2012
1956
3113
1954
1801
1639
1635
1517
1376
3052
3114
1259
1245
1172
1197
1209
1211
1232
3361
1260
3260
1272
1273
1281
1283
1572
1935
1358
1242
1153
3546
30745
27592
8188
6713
6287
5662
2529
904
2288
1942
1256
1219
1089
1080
31658
52885
58559
67997
186
215
236
246
300
337
357
377
520
529
587
628
661
3751
954
45720
106918
3176
117533
2361
1900
78349
8369
55247
65514
5449
3676
106473
44191
107649
88125
64969
63131
5608
6016
40148
47099
60072
62849
77455
4322
1028
1088
1997
2942
6863
6942
8533
68954
8636
946
319
53318
4306
306
4016
3978
3893
3785
6953
364
541
588
146501
757
914
39421
4351
247
7155
5984
3707
4369
4641
4701
4823
4890
5135
5349
5377
5481
5812
6281
599
4018
111
40614
7373
5507
5219
4069
3301
3300
3275
3257
2641
2359
80551
2082
104841
69640
8972
8861
27904
48394
46970
5618
3030
44555
7361
6985
47640
71057
60684
69712
69526
68157
66934
66097
63992
7458
5445
52319
100365
2968
1199
130682
111624
2174
150
45950
4911
37729
35957
34162
32892
7478
1955
4467
5909
121231
6986
48780
4995
4226
1704
1258
27255
6683
47465
4612
4189
48711
74458
64957
4388
5971
82461
104283
7376
232
50
47
35836
32025
31221
4721
1265
1721
33794
31878
26585
26554
8961
1176
2424
8795
68358
54290
118997
106696
97938
95441
93040
56367
3948
34321
26662
26614
8464
5299
2028
8874
7844
6754
78209
1610
1200
1120
1042
858
593
76251
4121
61024
8528
2502
104
36401
8865
3793
741
7153
5902
7090
7022
6857
6539
6350
5952
5782
924
4993
3996
3265
2997
2924
1274
1957
339
2109
95135
96811
96728
96610
96588
96417
95761
95558
95449
94969
67429
94959
94931
91077
90866
90531
90439
90376
90057
96832
97304
97673
97752
105197
103688
103624
103449
103372
103107
102469
102194
101895
101525
101285
99149
99114
98961
98154
97923
97921
89804
89759
89492
79242
78574
78039
74545
74324
73023
72741
72720
72395
2178
72176
72131
72011
71745
71464
71108
70293
69481
78653
80463
89470
80489
89260
88810
88235
88129
87304
86833
86320
85394
83976
82463
82459
82313
81932
81845
81786
81591
81562
105355
105504
106100
143385
141749
140725
140715
140174
139642
139385
137337
134881
134859
134130
133771
133645
132800
132549
132547
132458
131796
142488
144172
128512
146656
111931
82152
66203
47044
138610
164979
164977
163949
163056
161582
161336
160954
158783
156387
155064
148626
148482
128606
128360
106766
114254
112852
112556
112552
112550
112515
112290
112183
112070
111622
111505
111251
111249
110871
107636
107141
106920
106916
113064
114342
128235
114459
127212
127206
127144
127114
127108
123695
123663
122882
118880
118700
117176
116797
116161
115713
115569
115139
114662
67665
72226
40629
2857
8645
8584
8494
8236
8207
8195
8154
8128
8125
7926
2920
2927
7792
7438
7335
7243
7195
8751
8765
45028
8766
41997
41863
41585
40819
3111
39183
38304
37741
34517
31770
26366
26151
67255
26150
25927
25805
8767
6983
6981
6874
6830
4326
4262
4103
3089
3947
3811
3789
3742
3679
3671
3634
3632
3629
3539
3498
3415
3384
4327
4437
3022
5795
6783
6643
6515
6433
6229
2936
5956
5791
4712
5747
5464
5289
5198
5169
4928
4763
42217
3246
45210
64622
64614
55442
46664
55363
2330
64620
55280
56015
55276
55269
64701
55253
2202
55118
55946
56152
55063
58191
61240
61236
60766
60069
2677
58879
63082
63876
57669
56805
56788
56782
56607
56286
61323
55069
2730
48738
52241
51540
50068
49917
49824
48774
48696
52281
48516
47629
67087
47423
47274
46723
64839
61357
52579
2747
55052
54881
54513
54286
54272
2182
53953
53894
53123
53000
52967
66665
318
27773
109374
46578
8928
4973
3882
37733
111384
55820
1131
3809
109249
7161
4041
52973
350
1103
79132
2068
5
8623
1061
1059
608
2019
94777
34405
3703
135518
2571
68319
109487
27611
72998
107999
70286
122886
115617
1250
132046
134853
78499
1
260
1210
