150
3114
377
337
2424
135518
1635
2004
1956
1954
1801
1639
1376
1517
2085
1358
1259
1250
1242
1059
904
2012
2396
2369
3893
4701
4641
4369
4351
4306
4016
3978
3785
628
3751
3361
3260
3113
3052
2700
2692
661
529
587
3546
2288
1256
1219
1080
247
111
40614
54290
134853
118997
115617
109374
109249
106696
97938
2529
5662
4890
6287
520
357
246
236
186
5
67997
58559
52885
31658
30745
27773
27592
8188
6713
4823
5135
93040
5984
914
757
146501
541
53318
39421
7155
3707
954
3176
64969
63131
59725
45720
8533
6942
946
1153
5349
1283
2182
2178
2109
1957
1942
1935
1572
1281
1172
1273
1272
1260
1232
1211
1209
1197
6863
2942
1997
88125
55247
5449
3676
106473
44191
3703
107649
68954
1088
65514
8636
6953
6281
5812
5481
5377
106918
8369
70286
78349
1028
4322
78499
77455
62849
60072
47099
40148
6016
5608
1
117533
2361
1900
94777
95441
72998
2730
2359
4069
3809
3301
3300
3275
3257
2641
1061
5507
80551
2082
104841
69640
8972
7458
5445
5219
7373
68358
68319
7361
6985
47640
46970
71057
69712
69526
66934
8861
66097
63992
60684
48394
34405
27904
8928
52319
121231
109487
2174
4467
2968
1199
130682
111624
107999
8623
100365
79132
45950
37729
35957
34162
32892
7478
1955
4911
5909
47465
4388
48780
4995
4226
1704
1258
260
27255
6986
6683
4612
4189
48711
74458
64957
1131
44555
3030
5618
1721
47
35836
32025
31221
7376
4721
122886
33794
7090
31878
26585
26554
8961
8874
8795
7844
50
232
318
1176
56367
46578
34321
27611
26662
26614
8464
7161
5299
4973
4018
3948
2068
1265
1210
7153
7022
5971
8528
1120
1042
858
593
78209
76251
61024
2502
6857
104
36401
8865
6754
132046
104283
82461
1200
1610
3793
4121
6539
6350
5952
5902
5782
4993
3996
3265
2997
2924
2571
2019
1274
924
741
2202
599
80489
97752
97304
96832
96811
96728
96610
96588
96417
95761
95558
95449
95135
94969
94959
94931
91077
90866
90531
97673
97921
90376
97923
105504
105355
105197
103688
103624
103449
103372
103107
102469
102194
101895
101525
101285
99149
99114
98961
98154
90439
90057
69481
81562
79242
78653
78574
78039
74545
74324
73023
72741
72720
72395
72226
72176
72131
72011
71745
71464
71108
80463
81591
89804
81786
89759
89492
89470
89260
88810
88235
88129
87304
86833
86320
85394
83976
82463
82459
82313
81932
81845
106100
106766
106916
144172
142488
141749
140725
140715
140174
139642
139385
137337
134881
134859
134130
133771
133645
132800
132549
132547
132458
143385
146656
106920
148482
111931
111384
82152
66203
47044
138610
164979
164977
163949
163056
161582
161336
160954
158783
156387
155064
148626
131796
128606
128512
128360
114254
113064
112852
112556
112552
112550
112515
112290
112183
112070
111622
111505
111251
111249
110871
107636
107141
114342
114459
114662
123663
128235
127212
127206
127144
127114
127108
123695
122882
115139
118880
118700
117176
116797
116161
115713
115569
70293
339
67665
41585
67429
45028
42217
41997
4763
4928
41863
5169
3629
40819
40629
39183
38304
37741
34517
31770
4712
4437
4327
45210
5747
3634
3671
3679
3742
3789
3811
3947
4103
47423
47274
46723
4262
46664
4326
26366
26151
26150
5289
7438
7335
7243
7195
6983
6981
6874
6830
6783
6643
6515
6433
6229
5956
5795
5464
7792
25927
7926
25805
8767
8766
8765
8751
8645
8584
8494
5198
8236
8207
8195
8154
8128
8125
47629
3632
55280
2936
58191
57669
56805
56788
2927
56782
56607
56286
60069
3022
56152
56015
55946
55442
55363
55276
58879
60766
55253
64622
67255
67087
66665
2747
64839
64701
2857
64620
2920
64614
63876
63082
61357
61323
61240
61236
55269
5791
55118
52241
3539
48516
3498
3415
3384
3111
3089
48696
48738
48774
55069
49917
50068
51540
49824
52281
54272
55063
55052
52967
53000
54881
54513
53123
53894
53953
54286
52579
6218
3949
1732
4011
1291
5064
745
3994
1036
44199
1079
3882
37733
2542
153
2273
1617
7347
5602
4638
4223
4023
3916
3499
3175
3160
2989
2985
2600
2329
8781
434
780
494
2959
55820
68157
1089
608
293
1729
778
350
52973
1103
300
4041
215
2028
2330
2677
3246
1245
588
364
319
306
296
