5198
541
1172
1197
8128
1211
8125
1273
1957
954
3022
3111
5747
3679
3811
4103
4262
4326
2936
7243
1283
3629
2571
44555
116161
112556
117176
116797
115569
114662
114342
112852
112290
112183
111622
904
296
2028
112515
118700
118880
6985
115713
142488
127114
143385
146656
140174
139385
137337
128360
128606
134881
141749
148626
134130
133645
48696
45210
48774
48738
48516
49917
41863
45028
47629
47423
46723
49824
79132
132046
134859
122882
111251
127108
44199
2959
50068
5791
5464
6874
7438
8645
55280
109487
1729
778
1704
4226
112552
55363
1089
81932
79242
81591
78039
78574
80463
80489
74324
81562
81845
67255
82459
82463
5445
104841
74545
68358
318
44191
47099
27611
41997
52281
6942
5608
55442
55069
68157
135518
117533
70286
4995
2542
109374
72998
78499
134853
48394
74458
1219
1210
48780
1199
3949
77455
7155
2692
6016
2359
3361
47
60684
1721
1079
46578
2529
4011
260
59725
1176
27773
62849
1258
111384
121231
67997
6218
39421
122886
1732
1061
94777
3707
2942
2424
63992
3499
1801
1250
1259
1358
1376
69640
1517
8972
7458
1635
1639
1956
1954
2004
2012
2085
2369
2396
52319
27255
6986
2700
3052
1242
1059
2082
357
186
215
236
5507
5219
4069
246
3882
300
337
350
377
6683
520
3301
3300
3275
529
3257
587
628
2641
661
80551
3113
4612
3114
6953
8636
65514
130682
88125
107649
3703
107999
106473
8623
2174
150
3676
100365
5449
45950
37729
35957
34162
32892
106918
7478
8369
1955
2968
6281
7373
5812
4189
3751
3785
3893
48711
4016
1131
4388
4041
47465
4351
4369
4641
4701
4823
5909
4890
5135
5349
5377
4911
4467
5481
5
58559
3793
1120
7090
7844
8795
8961
2273
1617
1610
26554
26585
1291
1200
4721
52885
7376
31221
32025
1042
50
232
1036
858
780
2068
745
78349
6857
5782
4993
3916
3175
3994
3160
2989
4023
4121
4223
4638
5064
5602
2985
7347
8781
2600
741
1274
2019
2329
2924
2997
3265
3996
3948
4018
593
40614
247
47640
1080
46970
71057
69712
1256
69526
2288
68319
3546
5662
66097
6287
6713
37733
8188
34405
27592
27904
30745
8861
31658
111
54290
494
7361
434
293
153
78209
76251
52973
8528
7161
2502
8464
1103
104
26614
36401
8865
26662
6754
104283
82461
5618
95441
106696
3030
7022
339
1900
69481
132458
131796
128512
128235
127212
127206
66665
67087
127144
67665
70293
132800
71108
71464
71745
72011
72131
72176
72226
72395
72720
72741
132549
133771
34517
52579
164977
163949
163056
161582
161336
41585
42217
46664
47274
160954
53953
139642
158783
55946
56015
2361
156387
155064
148482
144172
140725
140715
73023
78653
81786
106916
113064
112550
112070
111505
111249
110871
107636
107141
97673
106920
106766
82313
106100
105504
105355
105197
101285
103624
101895
102194
102469
103107
114254
114459
94969
115139
83976
85394
86320
86833
87304
88129
88235
88810
89260
89470
89492
89759
123695
89804
90057
90376
90439
90531
90866
91077
123663
164979
103372
4763
3498
3632
3634
3671
3742
3789
3947
4327
4437
4712
4928
5169
5289
5795
47044
6229
6433
6515
6643
6783
6830
6981
6983
7195
3539
3415
7792
3384
82152
1232
1245
1260
1272
66203
1281
1572
1935
1942
2109
2178
2182
2202
2330
2677
2730
2747
2857
2920
2927
3089
3246
1153
7335
7926
63131
8533
8154
6863
1997
8584
1088
1028
4322
60072
8751
40148
8765
1
8766
8767
25805
25927
26150
26151
26366
31770
45720
1209
146501
946
64969
8195
588
364
8207
319
8236
914
111931
306
53318
5984
138610
3176
757
35836
55247
64957
55820
66934
6350
8928
93040
6539
115617
5971
97938
118997
34321
109249
1265
56805
55118
51540
52241
53000
53123
53894
54272
54286
54513
54881
55052
56788
52967
55253
55269
55276
56152
56286
56607
56782
3809
608
31878
5299
8874
111624
7153
5952
68954
599
33794
5902
3978
3260
101525
94931
94959
95135
95449
95558
96588
96728
96811
97304
97752
97921
97923
98154
98961
99114
99149
5956
8494
132547
103449
103688
96417
95761
4306
924
96832
96610
4973
61024
56367
61240
61236
64839
64701
55063
57669
58191
58879
60069
60766
61323
61357
63082
63876
67429
64620
64622
64614
40819
40629
39183
38304
37741
