1732
588
3246
2677
2330
1245
306
319
364
296
2396
4262
8128
4326
4103
3811
3679
3111
5747
1957
1273
1211
1197
1172
5198
232
293
2028
215
778
1729
4890
1079
2959
26614
50
4223
3160
2989
2985
2600
2273
2329
3499
1617
780
494
434
3175
153
3916
4023
4638
5602
7347
8781
2542
3809
5377
1089
2068
1265
2361
68157
1131
97938
4973
46578
1258
44199
6218
53318
109249
1036
3994
745
1291
5064
4011
111
5299
8928
60072
109374
3949
63131
1061
7161
64957
34321
46970
94777
118997
64969
35836
6350
5971
4018
6863
6539
79132
111624
60684
55247
8874
31878
260
6942
56367
66934
4016
3785
4612
5349
5135
6683
4823
3978
4701
4641
4369
6986
4351
4306
3893
3751
48394
3361
1635
520
529
587
628
661
904
1059
1242
1250
1259
1358
1376
1517
1639
3260
1801
1954
1956
2004
2012
2085
2369
27255
2692
2700
5481
3113
3114
3052
3676
5812
59725
62849
77455
4322
1028
1088
1997
2942
107999
8623
8533
45720
2174
150
3176
47099
3707
100365
5984
7155
45950
39421
37729
35957
34162
32892
7478
1955
541
130682
40148
6281
106918
6953
8636
65514
68954
88125
107649
3703
44191
4189
106473
357
48711
5449
8369
6016
70286
78349
74458
4388
47465
1900
5909
4911
117533
4467
2968
1199
5608
377
6287
337
7022
4069
3301
3300
3275
3257
2641
2359
80551
2082
104841
69640
8972
7458
5445
741
924
1274
2019
2571
2924
2997
3265
3996
4993
5782
5902
5952
5219
5507
7373
5618
63992
66097
34405
68319
69526
69712
71057
47640
6985
7361
44555
3030
82461
8861
104283
132046
6754
8865
36401
104
2502
8528
61024
76251
78209
27904
6857
7090
300
7153
4995
106696
54290
40614
247
4226
1080
1704
1219
1256
2288
2529
3546
5662
6713
8188
27592
27773
30745
31658
52885
58559
67997
5
186
236
246
95441
93040
72998
47
7844
8795
8961
26554
26585
33794
1721
122886
4721
7376
31221
32025
52319
68358
121231
318
1176
1210
109487
2424
3948
146501
8464
48780
26662
27611
135518
599
757
97752
97304
96832
96811
96728
96610
96588
96417
95761
95558
95449
95135
94969
94959
94931
91077
90866
90531
97673
97921
106766
97923
105504
105355
105197
103688
103624
103449
103372
103107
102469
102194
101895
101525
101285
99149
99114
98961
98154
90439
90376
90057
89804
80489
80463
79242
78653
78574
78039
74545
74324
73023
72741
72720
914
72226
72176
72131
72011
71745
81562
81591
81786
87304
89759
89492
89470
89260
88810
88235
88129
86833
81845
86320
85394
83976
82463
82459
82313
81932
106100
106916
71108
144172
142488
141749
140725
140715
140174
139642
139385
137337
134881
134859
134130
133771
133645
132800
132549
132547
132458
143385
146656
106920
148482
111931
111384
82152
66203
47044
138610
164979
164977
163949
163056
161582
161336
160954
158783
156387
155064
148626
131796
128606
128512
128360
114254
113064
112852
112556
112552
112550
112515
112290
112183
112070
111622
111505
111251
111249
110871
107636
107141
114342
114459
114662
123663
128235
127212
127206
127144
127114
127108
123695
122882
115139
118880
118700
117176
116797
116161
115713
115569
71464
72395
70293
6874
7926
7792
7438
7335
7243
7195
6983
6981
6830
8154
6783
6643
6515
6433
6229
5956
5795
5791
8125
8195
40819
25927
39183
69481
37741
34517
31770
26366
26151
26150
25805
8207
8767
8766
8765
8751
8645
8584
8494
8236
5464
5289
5169
1572
2747
2730
2202
2182
2178
2109
1942
1935
1283
4928
1281
1272
1260
1232
1209
1153
954
946
2857
2920
2927
2936
4763
4712
4437
4327
3947
3789
3742
3671
3634
3632
3629
3539
3498
3415
3384
3089
3022
40629
38304
41585
55363
56788
56782
56607
56286
56152
56015
55946
55442
55280
57669
55276
55269
55253
55118
55069
55063
55052
41863
56805
58191
54286
64620
67665
67429
67255
67087
66665
64839
64701
64622
64614
58879
63876
63082
61357
61323
61240
61236
60766
60069
54513
54881
339
49917
46723
47274
47423
47629
45028
48516
48696
48738
42217
54272
48774
45210
49824
41997
50068
52281
53953
53894
53123
53000
52967
52579
46664
52241
51540
608
115617
134853
37733
3882
55820
3793
350
52973
1103
4041
78499
4121
593
858
1042
1120
1610
1
1200
