153
4023
3916
4638
3499
5602
3175
3160
2989
2985
2600
2329
2273
1617
7347
8781
780
494
434
4223
924
44199
3978
5902
3260
1036
3994
33794
745
5952
7153
5064
1291
4011
3949
6218
293
1732
2361
778
1729
1258
1079
53318
46578
608
2959
3809
111
2542
4973
296
8928
109249
109374
97938
1242
1080
529
247
68358
40614
54290
134853
118997
72998
93040
904
115617
95441
1089
587
1059
106696
628
661
52885
1256
1219
350
67997
31658
5
30745
27773
215
236
246
300
337
357
58559
27592
377
8188
6713
6287
5662
3546
2529
520
2288
186
135518
1250
1259
62849
60072
47099
40148
6016
5608
1
117533
1900
94777
78349
70286
8369
106918
55247
5449
3676
106473
44191
77455
78499
4322
5984
146501
588
541
364
319
306
39421
7155
3707
1028
64969
63131
45720
8533
6863
2942
1997
1088
3703
107649
88125
2012
3114
3113
3052
2700
2692
2396
2369
2085
2004
3751
1956
1954
1801
1639
56367
1517
1376
1358
3361
3785
68954
5135
65514
8636
6953
6281
5812
5481
5377
5349
4890
3893
4823
4701
4641
4369
4351
4306
4041
4016
1635
31221
34321
3882
3300
3275
3257
2641
2359
1061
80551
2082
104841
69640
8972
7458
5445
52319
121231
3301
4069
27611
5219
71057
69712
69526
68319
68157
66934
66097
60684
48394
37733
34405
27904
8861
7373
5507
109487
79132
48780
4995
1199
130682
111624
107999
8623
2174
150
100365
45950
37729
35957
34162
32892
7478
1955
2968
4467
4911
4612
4226
1704
260
27255
6986
6683
4189
5909
48711
74458
64957
1131
4388
47465
46970
47640
6985
4993
7376
4721
122886
31878
26585
26554
8961
8874
8795
7844
7090
7022
6857
6539
6350
914
32025
35836
3948
26662
26614
8464
7161
5299
4018
2068
47
1265
1210
1176
318
232
50
5782
3996
7361
3265
52973
8528
2502
1103
104
36401
8865
6754
132046
104283
82461
5971
5618
3030
44555
55820
61024
76251
4121
2997
2924
2571
2019
1274
741
3793
78209
1610
1200
1120
1042
858
593
757
599
946
94959
96610
96588
96417
95761
95558
95449
95135
94969
94931
96811
91077
90866
90531
90439
90376
90057
89804
89759
96728
96832
954
101525
103688
103624
103449
103372
103107
102469
102194
101895
101285
97304
99149
99114
98961
98154
97923
97921
97752
97673
89492
89470
89260
72131
74545
74324
73023
72741
72720
72395
72226
72176
72011
88810
71745
71464
71108
70293
69481
67665
67429
67255
78039
78574
78653
79242
88235
88129
87304
86833
86320
85394
83976
82463
82459
82313
81932
81845
81786
81591
81562
80489
80463
105197
105355
105504
134881
142488
141749
140725
140715
140174
139642
139385
137337
134859
128512
134130
133771
133645
132800
132549
132547
132458
131796
143385
144172
146656
148482
111931
111384
82152
66203
47044
138610
164979
164977
163949
163056
161582
161336
160954
158783
156387
155064
148626
128606
128360
106100
111622
112852
112556
112552
112550
112515
112290
112183
112070
111505
128235
111251
111249
110871
107636
107141
106920
106916
106766
113064
114254
114342
114459
127212
127206
127144
127114
127108
123695
123663
122882
118880
118700
117176
116797
116161
115713
115569
115139
114662
67087
66665
64839
4763
5795
5791
5747
5464
5289
5198
5169
4928
4712
3679
4437
4327
4326
4262
4103
3947
3811
3789
5956
6229
6433
6515
64701
8195
8154
8128
8125
7926
7792
7438
7335
7243
7195
6983
6981
6874
6830
6783
6643
3742
3671
8494
1273
2109
2028
1957
1942
1935
1572
1283
1281
1272
3634
1260
1245
1232
1211
1209
1197
1172
1153
2178
2182
2202
2330
3632
3629
3539
3498
3415
3384
3246
3111
3089
3022
2936
2927
2920
2857
2747
2730
2677
8236
8207
8584
56152
55946
55442
55363
55280
55276
55269
55253
55118
55069
55063
55052
54881
54513
54286
54272
53953
8645
56015
56286
53000
56607
64622
64620
64614
63876
63082
61357
61323
61240
61236
60766
60069
58879
58191
57669
56805
56788
56782
53123
53894
52967
41997
41585
52579
40629
39183
38304
37741
34517
31770
26366
26151
26150
25927
25805
8767
8766
8765
8751
41863
40819
42217
45028
52281
52241
51540
50068
49917
49824
48774
48738
48696
339
48516
47629
47423
47274
46723
46664
45210
63992
6942
2424
59725
1721
3176
