4973
6539
4995
1250
593
858
1042
1120
1200
1610
4121
318
69640
3793
5299
1704
8874
1265
608
111624
3809
31878
109249
34321
1210
3361
118997
5971
1079
236
35836
6350
56367
93040
115617
8928
2529
111384
46578
2959
27773
109374
121231
48780
1732
62849
1061
4226
105504
66934
106696
64957
74458
6942
2068
2424
63131
1028
7161
47
79132
46970
94777
64969
4018
6863
1059
1242
904
2004
914
661
628
757
1358
364
1259
2012
1376
146501
587
1517
541
2369
1635
2085
1801
588
1954
1956
946
520
954
1153
6287
6713
8188
27592
30745
1272
31658
52885
58559
67997
5
1260
1245
215
1232
1211
246
300
1209
337
350
357
377
2692
1197
1172
529
2396
3978
2700
778
3703
44191
106473
3676
5449
55247
106918
8369
70286
78349
1900
2361
117533
1
2542
88125
5608
59725
6016
40148
47099
60072
77455
78499
4322
45720
1088
1997
8533
2942
107649
68954
3052
4041
3113
3114
3260
319
3751
3785
3893
4016
306
53318
39421
7155
5984
3707
4306
65514
4351
4369
4641
4701
4823
4890
5662
5349
5377
5481
5812
6281
6953
8636
5135
135518
3546
3300
7373
5507
5219
4069
3882
3301
3275
5618
3257
2641
2359
80551
2082
104841
8861
27904
34405
37733
48394
60684
63992
66097
68157
68319
69526
69712
71057
47640
6985
7361
44555
8972
7458
52319
2968
1955
7478
32892
34162
35957
37729
45950
100365
150
2174
8623
107999
130682
1199
4467
109487
4911
5909
47465
296
4388
1131
48711
4189
4612
6683
6986
27255
260
1258
3030
82461
2288
32025
26614
8464
3948
1176
232
50
31221
104283
7376
4721
122886
1721
33794
26585
26662
27611
1281
68358
72998
95441
97938
134853
54290
40614
111
247
1080
1089
1219
1256
1729
26554
8961
8795
924
132046
6754
8865
36401
104
1103
2502
8528
52973
55820
61024
76251
78209
741
1274
7844
2019
2571
2924
2997
3265
3996
4993
5782
5902
5952
6857
7022
7090
7153
1273
599
1283
97673
96832
96811
96728
96610
96588
96417
95761
95558
95449
95135
94969
94959
94931
91077
90866
90531
90439
97304
97752
70293
97921
105355
105197
103688
103624
103449
103372
103107
102469
102194
101895
101525
101285
99149
99114
98961
98154
97923
90376
90057
89804
89759
80463
79242
78653
1572
78039
74545
74324
73023
72741
72720
72395
72226
72176
72131
72011
71745
71464
80489
81562
81591
86833
89492
89470
89260
88810
88235
88129
87304
86320
81786
85394
83976
82463
82459
82313
81932
81845
106100
106766
106916
128606
142488
141749
140725
140715
140174
139642
139385
137337
134881
134859
134130
133771
133645
132800
132549
132547
132458
143385
144172
146656
163949
111931
82152
66203
47044
138610
164979
164977
163056
148482
161582
161336
160954
158783
156387
155064
148626
131796
128512
106920
128360
114254
113064
112852
112556
112552
112550
112515
112290
112183
112070
111622
111505
111251
111249
110871
107636
107141
114342
114459
114662
123663
128235
127212
127206
127144
127114
127108
123695
122882
115139
118880
118700
117176
116797
116161
115713
115569
71108
78574
69481
67665
8207
8195
8154
8128
8125
7926
7792
7438
7335
7243
7195
6983
6981
6874
6830
6783
6643
6515
6433
6229
5956
8236
8494
8584
34517
42217
41997
41863
41585
40819
40629
39183
38304
37741
31770
8645
26366
26151
26150
25927
25805
8767
8766
8765
8751
5795
5791
5747
2730
3246
3111
3089
3022
2936
2927
2920
2857
2747
2677
3415
2330
2202
2182
2178
2109
2028
1957
1942
1935
3384
3498
5464
4262
5289
5198
5169
4928
4763
4712
4437
4327
4326
4103
3539
3947
3811
3789
3742
3679
3671
3634
3632
3629
45028
45210
46664
55253
56286
56152
56015
55946
55442
55363
55280
55276
55269
55118
56782
55069
55063
55052
54881
54513
54286
54272
53953
53894
56607
56788
53000
63876
67429
67255
67087
66665
64839
64701
64622
64620
64614
63082
56805
61357
61323
61240
61236
60766
60069
58879
58191
57669
46723
53123
52967
49917
47274
47423
47629
48516
48696
48738
48774
52579
49824
339
52281
52241
50068
51540
6218
293
4011
3949
186
3176
5064
1291
745
3994
1036
44199
494
434
780
5445
153
2273
8781
1617
2329
2600
2985
2989
3160
7347
3499
3916
4023
5602
4223
4638
3175
1639
