3679
1211
3111
1273
3811
4103
4262
4326
1197
1172
5198
5747
8128
1957
2330
3246
306
2677
319
2028
364
588
1245
3114
150
2174
6863
745
115569
5602
2329
114662
114342
112852
112556
8961
112290
112183
111622
8781
2600
7347
4638
2989
494
4223
4023
2273
1617
3499
434
3175
3160
2502
153
2985
3916
116797
780
117176
1
4306
7458
116161
2571
7361
318
6539
1265
3629
7243
1283
215
293
78499
118700
112515
118880
112552
111251
44199
2997
69640
954
3022
8125
541
1036
3994
2424
64957
79132
6218
132046
1291
5064
4011
5782
2936
134853
3949
26554
106473
93040
3361
109374
107649
1088
115617
68157
3809
27611
5971
135518
111384
121231
70286
111624
60684
72998
1061
55247
105504
106696
2068
4973
63131
1028
27773
109487
7161
46970
94777
64969
6350
5299
4018
34321
118997
3052
1639
5377
2012
5481
2004
1956
5812
1954
1801
6281
3113
6953
4995
1635
8636
65514
1517
1376
1358
1259
5349
5135
4890
4823
2700
104841
8972
2692
5445
2396
608
3751
3785
88125
4016
52319
4041
2369
2085
4351
4369
4641
4701
3893
593
4226
8623
47099
60072
62849
77455
4911
4467
2968
4322
1199
130682
1997
45950
44191
8533
37729
45720
35957
34162
32892
3176
5984
53318
7478
1955
5909
47465
40148
6016
1704
1258
1242
27255
6986
3676
6683
106918
4612
8369
78349
4189
1900
2361
48711
74458
1131
778
4388
296
2542
2959
5608
1250
377
1059
7090
741
1274
27904
2924
8928
3265
3996
8861
5507
6857
7022
7844
232
5219
4069
26585
33794
1721
122886
4721
7376
31221
32025
47
34405
37733
63992
66097
78209
1042
1120
1200
76251
1610
61024
55820
52973
8528
1103
36401
6754
104283
5618
3793
3030
44555
6985
47640
4121
71057
69712
50
3882
904
2082
5662
6713
8188
27592
30745
31658
52885
58559
67997
5
186
236
3301
246
300
337
350
357
858
520
529
587
628
661
3546
2529
2288
1729
3300
3275
3948
26614
26662
3257
46578
68358
2359
95441
97938
109249
1732
80551
54290
40614
111
247
1079
1080
1089
1219
1256
1176
599
146501
89804
94931
91077
90866
90531
90439
90376
90057
89759
94969
89492
89470
89260
88810
88235
88129
87304
94959
95135
101285
97304
99114
98961
98154
97923
97921
97752
97673
96832
95449
96811
96728
96610
96588
96417
95761
95558
86833
86320
85394
71108
72395
72226
72176
72131
72011
71745
71464
69481
83976
67665
67429
67255
67087
66665
64839
64701
72720
72741
73023
74324
82463
82459
82313
81932
81845
81786
81591
81562
80489
80463
79242
78653
78574
78039
74545
99149
101525
64620
137337
142488
141749
140725
140715
140174
139642
139385
134881
144172
134859
134130
133771
133645
132800
132549
132547
143385
146656
101895
163949
111931
82152
66203
47044
138610
164979
164977
163056
148482
161582
161336
160954
158783
156387
155064
148626
132458
131796
128606
105355
110871
107636
107141
106920
106916
106766
106100
105197
128512
103688
103624
103449
103372
103107
102469
102194
111249
111505
112070
112550
128360
128235
127212
127206
127144
127114
127108
123695
123663
122882
115713
115139
114459
114254
113064
64622
70293
64614
8195
7926
7792
7335
7195
6983
6981
6830
6783
6643
6515
6433
6229
5956
5795
5289
8154
8207
4928
8236
39183
38304
37741
34517
31770
26366
26151
26150
25927
25805
8766
8765
8751
8584
8494
5169
4763
40819
2730
2182
2178
2109
1942
1935
1572
1281
1272
1260
1232
1209
1153
946
914
757
2202
2747
4712
2857
4437
4327
3947
3789
3742
3671
3634
3632
3539
3498
3415
3384
3089
2927
2920
40629
8767
41585
53000
53894
53953
54272
54286
54513
54881
55052
55063
41863
55253
55269
55276
55946
56015
56152
56286
56607
56782
56788
56805
57669
58191
58879
60069
60766
61323
61357
63082
63876
53123
55118
339
52241
48696
48774
48516
47629
49824
49917
47423
47274
48738
46664
51540
46723
45028
52579
45210
42217
52967
260
1210
66934
56367
31878
8874
3703
117533
48780
59725
7373
69526
2641
107999
2942
3707
82461
6942
39421
924
100365
3260
3978
5902
7155
68319
8865
48394
68954
35836
2019
8464
41997
52281
5952
7153
4993
8795
61240
61236
55069
55442
55363
5791
5464
50068
5449
8645
6874
6287
104
55280
7438
