1061
1131
111384
27773
318
5662
52885
246
236
215
186
5
67997
58559
31658
6287
30745
300
27592
8188
3546
6713
135518
350
337
1242
1801
1639
1635
1517
1376
1358
1259
1250
1059
2288
904
661
628
587
529
520
377
357
2529
1256
1729
4018
34321
27611
26662
26614
8464
7161
5299
4973
3948
1956
2424
2068
1265
1210
1176
232
50
47
46578
56367
68358
72998
1219
1089
1080
1079
247
111
40614
54290
134853
118997
115617
109374
109249
106696
97938
95441
93040
1954
2012
2004
2959
78499
77455
62849
60072
47099
40148
6016
5608
2542
106918
778
1
117533
2361
1900
94777
78349
70286
4322
1028
1088
1997
364
319
306
53318
39421
7155
5984
3707
3176
64969
63131
59725
45720
8533
6942
6863
2942
8369
55247
32025
3361
4351
4306
4041
4016
3978
3893
3785
3751
3260
5449
3114
3113
3052
2700
2692
2396
2369
2085
4369
4641
4701
4823
3676
106473
44191
3703
107649
88125
68954
65514
8636
6953
6281
5812
5481
5377
5349
5135
4890
35836
7376
31221
3275
7373
5507
5219
4069
3882
3809
3301
3300
3257
5445
2641
2359
1732
80551
2082
104841
69640
8972
8861
8928
27904
34405
3030
44555
7361
6985
47640
46970
71057
69712
69526
68319
68157
66934
66097
63992
60684
48394
37733
7458
608
588
2174
4911
4467
2968
1199
130682
111624
107999
8623
150
52319
100365
45950
37729
35957
34162
32892
7478
1955
5909
47465
296
4388
121231
109487
79132
48780
4995
4226
1704
1258
260
27255
6986
6683
4612
4189
48711
74458
64957
5618
5971
82461
741
3996
3265
2997
2924
2571
2019
1274
924
44199
104283
8781
7347
6218
5602
5064
4638
4223
4121
4993
5782
5902
5952
4721
122886
1721
33794
31878
26585
26554
8961
8874
8795
7844
7153
7090
7022
6857
6539
6350
4023
4011
3994
745
494
434
293
153
78209
76251
61024
55820
52973
8528
2502
1103
104
36401
8865
6754
132046
593
780
3949
858
3916
3793
3499
3175
3160
2989
2985
2600
2329
2273
1617
1610
1291
1200
1120
1042
1036
541
339
146501
94959
96610
96588
96417
95761
95558
95449
95135
94969
94931
89470
91077
90866
90531
90439
90376
90057
89804
89759
96728
96811
96832
97304
103624
103449
103372
103107
102469
102194
101895
101525
101285
99149
99114
98961
98154
97923
97921
97752
97673
89492
89260
105197
72131
74545
74324
73023
72741
72720
72395
72226
72176
72011
88810
71745
71464
71108
70293
69481
67665
67429
67255
78039
78574
78653
79242
88235
88129
87304
86833
86320
85394
83976
82463
82459
82313
81932
81845
81786
81591
81562
80489
80463
103688
105355
66665
134859
141749
140725
140715
140174
139642
139385
137337
134881
134130
128360
133771
133645
132800
132549
132547
132458
131796
128606
142488
143385
144172
146656
111931
82152
66203
47044
138610
164979
164977
163949
163056
161582
161336
160954
158783
156387
155064
148626
148482
128512
128235
105504
111505
112556
112552
112550
112515
112290
112183
112070
111622
111251
127212
111249
110871
107636
107141
106920
106916
106766
106100
112852
113064
114254
114342
127206
127144
127114
127108
123695
123663
122882
118880
118700
117176
116797
116161
115713
115569
115139
114662
114459
67087
64839
757
6983
6874
6830
6783
6643
6515
6433
6229
5956
5795
5791
5464
5289
5169
4928
4763
6981
7195
4437
7243
8767
8766
8765
8751
8645
8584
8494
8236
64701
8195
8125
7926
7792
7438
7335
4712
3947
25927
2202
2178
2109
2028
1942
1935
1572
1283
1281
1272
1260
1245
1232
1153
954
946
2182
2330
3742
2677
3671
3632
3629
3539
3498
3415
3384
3246
3089
3022
2936
2927
2920
2747
2730
25805
8207
26150
53123
55069
55063
55052
54881
64614
54513
60766
54286
26151
61236
54272
61240
61323
64620
53953
55118
55253
55269
56152
57669
56805
56788
56782
56607
56286
56015
60069
58879
55946
55442
55363
55280
55276
53894
53000
46723
41585
45210
45028
42217
41997
41863
63876
64622
40819
52967
40629
39183
38304
37741
34517
31770
26366
46664
58191
47274
47423
61357
52579
52281
63082
52241
51540
50068
49917
49824
48774
48738
48696
48516
47629
1273
1957
4262
1172
3111
3679
3811
4103
1197
4326
5198
5747
8128
1211
599
3634
1209
2857
4327
8154
914
3789
