4103
8128
1211
1197
1957
1172
3111
3811
5747
5198
4326
4262
3679
1273
1291
1210
2329
2985
2600
494
2273
1617
780
434
153
3160
2989
3175
4223
3499
5602
7347
4638
4023
8781
3916
1250
44199
132046
1036
3994
745
70286
5064
72998
4011
122886
3949
107999
260
34405
94777
27611
6218
293
109487
68319
2571
135518
3703
79132
8636
64969
529
520
377
357
350
300
246
236
215
186
5
67997
58559
587
628
31658
661
904
1059
63131
59725
45720
8533
6942
6863
2942
1997
1242
1088
1028
52885
30745
78499
247
93040
5984
95441
97938
106696
109249
109374
115617
118997
134853
54290
40614
111
3707
1079
27773
1080
1089
1219
1256
1729
2288
2529
3546
3176
5662
6287
6713
8188
27592
4322
77455
6953
4641
3113
3676
3114
3260
3361
3751
3785
3893
3978
4016
4041
4306
4351
4369
106473
62849
4701
44191
4823
4890
5135
5349
107649
5377
5481
5812
6281
88125
68954
65514
3052
2700
2692
2396
60072
47099
40148
6016
5608
2959
2542
778
1
1358
117533
1376
1517
1635
2361
1639
1900
1801
78349
8369
106918
55247
1954
1956
2004
2012
2085
68358
5449
2369
47
56367
2359
3882
3809
3301
3300
3275
3257
2641
1732
608
1061
80551
2082
104841
69640
8972
7458
4069
5219
5507
7373
47640
46970
71057
69712
69526
68157
66934
66097
63992
60684
48394
37733
27904
8928
8861
5445
52319
46578
150
4467
2968
1199
130682
111624
8623
2174
100365
121231
45950
37729
35957
34162
32892
7478
1955
4911
5909
47465
296
48780
4995
4226
1704
1258
27255
6986
6683
4612
4189
48711
74458
64957
1131
4388
6985
7361
44555
26554
31221
7376
4721
1721
33794
31878
26585
8961
3030
8874
8795
7844
7153
7090
7022
6857
32025
35836
39421
50
34321
26662
26614
8464
7161
5299
4973
4018
3948
2424
2068
1265
1176
318
232
6539
6350
5952
593
76251
61024
55820
52973
8528
2502
1103
104
36401
8865
6754
104283
82461
5971
5618
78209
858
5902
1042
5782
4993
3996
3265
2997
2924
2019
1274
924
741
4121
3793
1610
1200
1120
7155
599
53318
95135
96811
96728
96610
96588
96417
95761
95558
95449
94969
105504
94959
94931
91077
90866
90531
90439
90376
90057
96832
97304
97673
97752
105197
103688
103624
103449
103372
103107
102469
102194
101895
101525
101285
99149
99114
98961
98154
97923
97921
89804
89759
89492
79242
78574
78039
74545
74324
73023
72741
72720
72395
72226
72176
72131
72011
71745
71464
71108
70293
69481
78653
80463
89470
80489
89260
88810
88235
88129
87304
86833
86320
85394
83976
82463
82459
82313
81932
81845
81786
81591
81562
105355
106100
306
134881
142488
141749
140725
140715
140174
139642
139385
137337
134859
106766
134130
133771
133645
132800
132549
132547
132458
131796
143385
144172
146656
148482
111931
111384
82152
66203
47044
138610
164979
164977
163949
163056
161582
161336
160954
158783
156387
155064
148626
128606
128512
128360
114254
112852
112556
112552
112550
112515
112290
112183
112070
111622
111505
111251
111249
110871
107636
107141
106920
106916
113064
114342
128235
114459
127212
127206
127144
127114
127108
123695
123663
122882
118880
118700
117176
116797
116161
115713
115569
115139
114662
67665
67429
67255
4928
6433
6229
5956
5795
5791
5464
5289
5169
4763
67087
4712
4437
4327
3947
3789
3742
3671
3634
6515
6643
6783
6830
8645
8584
8494
8236
8207
8195
8154
8125
7926
7792
7438
7335
7243
7195
6983
6981
6874
3632
3629
3539
1935
1283
1281
1272
1260
1245
1232
1209
1153
954
946
914
757
146501
588
541
364
319
1572
1942
3498
2028
3415
3384
3246
3089
3022
2936
2927
2920
2857
2747
2730
2677
2330
2202
2182
2178
2109
8751
8765
8766
56782
56286
56152
56015
55946
55442
55363
55280
55276
55269
55253
55118
55069
55063
55052
54881
54513
54286
56607
56788
53953
56805
66665
64839
64701
64622
64620
64614
63876
63082
61357
61323
61240
61236
60766
60069
58879
58191
57669
54272
53894
8767
38304
42217
41997
41863
41585
40819
40629
39183
37741
53123
34517
31770
26366
26151
26150
25927
25805
45028
45210
46664
46723
53000
52967
52579
52281
52241
51540
50068
49917
49824
48774
48738
48696
48516
47629
47423
47274
339
337
1259
