104283
1120
1274
608
741
4121
1610
1200
52885
1954
55280
50068
296
6857
1042
5464
5791
6874
7438
858
593
8645
55363
55069
55442
61240
61236
350
52973
1103
4041
52281
41997
3793
107999
260
4369
26662
1079
1704
68954
55820
106473
1729
778
5618
37733
3882
48394
1089
68157
109249
1732
8928
4995
46578
2542
3809
2959
6350
1176
1210
109374
2019
132046
5608
122886
1219
27611
4973
109487
68319
2571
135518
70286
72998
82461
2968
4823
4890
5135
5349
5377
5481
5812
6281
6953
8636
65514
107649
1199
150
44191
8623
3676
5449
106918
8369
78349
1900
2361
117533
4701
4641
4467
4911
1956
2004
2012
48711
64957
1131
2085
2369
2396
2692
4388
2700
3052
3113
3114
3260
3361
3785
3893
3978
4016
47465
4306
5909
4351
1
100365
1801
1572
1153
1955
1172
1197
1209
1211
1232
1260
1272
1273
1281
1283
1935
45950
1942
1957
2109
2178
2182
2202
2730
2747
2857
2920
2927
2936
7478
954
946
914
37729
6016
35957
40148
47099
60072
77455
78499
4322
1028
2942
8533
45720
34162
59725
3176
3707
5984
7155
32892
39421
53318
541
146501
757
4189
1639
3030
8961
3996
4993
5782
5902
5952
3300
3275
7022
7090
7153
7844
8795
26554
1635
26585
33794
1721
2641
4721
7376
31221
32025
50
232
318
2359
3265
2997
2924
3301
44555
6754
8865
36401
104
7361
2502
8528
6985
47640
61024
76251
78209
71057
69712
69526
63992
34405
27904
8861
7373
5507
924
5219
4069
1061
2424
3948
30745
27255
58559
67997
5
186
236
246
300
337
6986
357
377
520
529
587
628
661
6683
4612
904
1059
1242
1250
1358
1517
31658
8188
80551
6713
8464
26614
2082
104841
69640
68358
93040
95441
97938
106696
8972
7458
54290
40614
111
247
5445
1080
3089
52319
1256
121231
3546
5662
6287
3022
599
3111
96728
97923
97921
97752
97673
97304
96832
96811
96610
98961
96588
96417
95761
95558
95449
95135
94969
98154
99114
94931
103624
106916
106766
106100
105504
105355
105197
103688
103449
99149
103372
103107
102469
102194
101895
101525
101285
94959
91077
72176
78653
81845
81786
81591
81562
80489
80463
79242
78574
82313
78039
74545
74324
73023
72741
72720
72395
81932
82459
90866
89470
90531
90439
90376
90057
89804
89759
89492
89260
82463
88810
88235
88129
87304
86833
85394
83976
106920
107141
107636
139385
143385
142488
141749
140725
140715
140174
139642
137337
146656
134881
134859
134130
133771
133645
132800
132549
144172
148482
110871
164977
111931
111384
82152
66203
47044
138610
164979
163949
148626
163056
161582
161336
160954
158783
156387
155064
132547
132458
131796
112550
114662
114459
114342
114254
113064
112852
112556
112515
128606
112290
112183
112070
111622
111505
111251
111249
115139
115569
115713
116161
128512
128360
128235
127212
127206
127144
127114
127108
123695
123663
122882
118880
118700
117176
116797
72226
86320
72131
8751
26151
26150
25927
25805
8767
8766
8765
8584
31770
8494
8236
8207
8195
8154
8128
8125
26366
34517
7792
45210
48516
47629
47423
47274
46723
46664
72011
45028
37741
42217
41863
41585
40819
40629
39183
38304
7926
7335
48738
3679
4326
4262
4103
3947
3811
3789
3742
3671
4437
3634
3632
3629
3539
3498
3415
3384
4327
4712
7243
6433
7195
6983
6981
6830
6783
6643
6515
6229
4763
5956
5795
5747
5289
5198
5169
4928
48696
339
48774
64622
64620
64614
63876
53953
58191
63082
54272
54286
54513
54881
55052
55063
55118
55253
55269
55276
55946
61357
61323
56015
56152
56286
56607
56782
60766
56788
56805
57669
60069
53894
58879
64701
66665
71745
71464
49824
71108
70293
69481
53123
49917
67429
67255
67087
67665
64839
52579
52241
51540
52967
53000
215
2028
4226
66934
2677
2330
1245
588
1376
364
319
1259
306
3246
74458
66097
62849
3703
48780
1258
56367
1997
2529
134853
27773
130682
6942
31878
27592
8874
79132
55247
60684
88125
2288
111624
115617
6539
1088
3751
5971
64969
35836
112552
94777
118997
2174
46970
34321
7161
63131
2068
47
5299
4018
293
3949
3257
6218
5064
1291
1265
4011
745
3994
1036
6863
44199
8781
7347
5602
4638
4223
4023
153
1617
2273
494
3916
3499
3175
3160
2989
2985
780
2600
2329
434
