745
3114
5618
318
34405
106473
150
1617
2600
3175
3160
2989
2985
780
2329
2273
4023
494
434
153
3916
3499
4223
4638
5602
7347
8781
26662
741
104283
52885
6857
1274
3030
904
1
4306
8623
5
44199
78499
1291
1036
3994
7161
5971
6350
5064
4011
31658
3361
107999
3949
293
94777
247
6218
134853
70286
1245
364
2677
2330
3246
588
306
319
72998
2028
111384
121231
1061
1210
215
8464
3629
1283
7243
1259
4326
1273
8961
3811
5747
1957
4103
4262
3751
1211
5198
1197
1172
3111
8128
3679
27773
8125
541
954
3022
41997
52281
2936
4018
3703
48394
100365
117533
79132
111624
60684
55247
2068
63131
46970
64969
6863
115617
2424
4641
1250
1956
4369
2004
1517
4351
1376
2012
2085
1358
1801
1059
1635
3978
3893
3260
2369
1242
3785
1639
2396
2692
3113
3052
1954
135518
4701
4823
62849
77455
1028
1088
1997
2942
8533
45720
3176
3707
5984
7155
39421
53318
146501
757
914
946
1153
1209
1232
1260
1272
60072
47099
40148
88125
4890
5135
5349
5377
5481
5812
6281
6953
8636
68954
107649
6016
44191
3676
5449
628
106918
8369
78349
1900
2361
5608
661
97938
587
529
52319
5445
7458
8972
69640
104841
2082
80551
2359
2641
3257
3275
3300
3301
4069
5219
5507
7373
27904
66097
68157
68319
69526
69712
71057
47640
6985
7361
44555
109487
48780
4995
5909
1955
7478
32892
34162
35957
37729
45950
2174
130682
1199
2968
4467
4911
47465
4226
4388
1131
64957
74458
48711
4189
4612
6683
6986
27255
260
1258
1704
82461
132046
6754
3546
68358
93040
95441
106696
54290
40614
111
1080
1089
1219
1256
2288
2529
5662
26614
6287
6713
8188
27592
30745
58559
67997
186
236
337
357
377
520
27611
3948
8865
5902
36401
104
2502
8528
61024
76251
78209
924
2019
2571
2997
4993
5782
5952
1176
7153
8795
26554
26585
33794
122886
4721
7376
31221
32025
47
50
232
1281
599
1572
90531
97752
97673
97304
96832
96811
96728
96610
96588
96417
95761
95558
95449
95135
94969
94959
94931
91077
97921
97923
98154
103372
106100
105504
105355
105197
103688
103624
103449
103107
98961
102469
102194
101895
101525
101285
99149
99114
90866
90439
72011
90376
81591
81562
80489
80463
79242
1935
78653
78574
78039
74545
74324
73023
72741
72720
72395
72226
72176
81786
81845
81932
88235
90057
89804
89759
89492
89470
89260
88810
88129
82313
87304
86833
86320
85394
83976
82463
82459
106766
106916
106920
107141
142488
141749
140725
140715
140174
139642
139385
137337
134881
134859
134130
133771
133645
132800
132549
132547
132458
143385
144172
146656
163949
111931
82152
66203
47044
138610
164979
164977
163056
148482
161582
161336
160954
158783
156387
155064
148626
131796
128606
128512
112290
114254
113064
112852
112556
112552
112550
112515
112183
114459
112070
111622
111505
111251
111249
110871
107636
114342
114662
128360
123663
128235
127212
127206
127144
127114
127108
123695
122882
115139
118880
118700
117176
116797
116161
115713
115569
72131
339
71745
47274
48774
48738
48696
48516
47629
47423
71464
49824
6229
6433
6515
6643
46723
46664
5956
49917
45028
52241
53953
53894
53123
53000
52967
52579
51540
5795
4928
50068
5169
5289
5464
5791
45210
42217
4763
8584
8765
6981
8751
8645
6983
7195
8494
6874
8236
8207
7335
7438
8195
8154
8766
8767
41863
34517
41585
40819
40629
39183
38304
37741
31770
6830
26366
6783
26151
26150
25927
25805
54272
54286
7792
63876
64701
2927
64622
64620
3089
64614
63082
66665
61357
61323
3384
61240
3415
61236
64839
67087
60069
2730
1942
2109
2178
2182
2202
71108
70293
2920
69481
2747
2857
67665
67429
67255
60766
3498
54513
55269
56015
55946
55442
55363
55280
55276
55253
4437
55118
55069
4712
55063
55052
54881
56152
56286
58879
56805
3539
58191
3632
3634
57669
3671
56788
4327
56782
56607
3742
3789
3947
7926
296
1265
2542
109374
2959
46578
66934
1732
8928
6539
3793
778
1729
65514
35836
109249
118997
63992
56367
34321
3809
6942
7022
3265
1610
4121
593
858
1200
1042
1120
3882
37733
59725
55820
3996
2924
4322
7090
7844
300
4016
246
5299
4973
1079
31878
8861
1103
52973
350
4041
608
1721
8874
2700
