260
1
78499
134853
115617
1210
132046
2019
122886
2068
107999
27611
109487
70286
68319
2571
135518
72998
3703
109249
1250
79132
34405
94777
520
529
587
628
377
1635
904
1059
1242
357
1259
1358
1376
1517
661
541
350
1801
3260
3114
3113
3052
2700
2692
2396
2369
2085
2012
2004
1956
1954
1209
1211
1639
337
3751
3546
2288
1729
1256
1219
1089
1272
1080
1079
247
111
1273
40614
54290
1281
118997
2529
5662
300
1260
246
236
1232
215
186
67997
58559
52885
31658
30745
27773
27592
8188
1245
6713
3361
3893
3785
117533
1997
1088
1028
4322
757
77455
62849
60072
47099
40148
6016
5608
2959
2542
778
2942
146501
6863
3707
319
306
53318
39421
7155
5984
3176
6942
64969
63131
588
59725
45720
8533
914
2361
364
1900
5481
5377
5349
5135
4890
1172
4701
4641
4369
1197
4351
4306
4041
4016
3978
5812
6281
6953
106473
78349
946
8369
106918
55247
3676
44191
8636
954
107649
88125
68954
65514
1153
4823
68358
109374
2641
4069
3882
3809
3301
3300
3275
3257
2359
5445
1732
1061
80551
2082
104841
69640
8972
5219
5507
7373
8861
6985
47640
46970
71057
69712
69526
68157
66934
66097
63992
60684
48394
37733
27904
8928
7458
608
44555
150
4911
4467
2968
1199
130682
111624
2174
100365
52319
45950
37729
35957
34162
32892
7478
1955
5909
47465
296
4388
121231
48780
4995
4226
1704
1258
27255
6986
6683
4612
4189
48711
74458
64957
1131
7361
3030
106696
1721
50
47
35836
32025
31221
7376
4721
33794
7090
31878
26585
26554
8961
8874
8795
7844
232
318
1176
1265
97938
95441
93040
1572
56367
46578
34321
26662
26614
8464
5299
4973
4018
3948
2424
7153
7022
5618
8528
858
593
78209
76251
61024
55820
52973
2502
6857
1103
36401
8865
6754
104283
82461
5971
1042
1120
1200
1610
6539
6350
5952
5902
5782
4993
3996
3265
2997
2924
1274
924
741
4121
3793
1283
599
1935
97921
97673
97304
96832
96811
96728
96610
96588
96417
95761
95558
95449
95135
94969
94959
94931
91077
90866
97752
97923
71464
98154
106100
105504
105355
105197
103688
103624
103449
103372
103107
102469
102194
101895
101525
101285
99149
99114
98961
90531
90439
90376
90057
81562
80489
80463
1942
78653
78574
78039
74545
74324
73023
72741
72720
72395
72226
72176
72131
72011
81591
81786
81845
88129
89804
89759
89492
89470
89260
88810
88235
87304
81932
86833
86320
85394
83976
82463
82459
82313
106766
106916
106920
131796
143385
142488
141749
140725
140715
140174
139642
139385
137337
134881
134859
134130
133771
133645
132800
132549
132547
144172
146656
148482
164977
111931
111384
82152
66203
47044
138610
164979
163949
148626
163056
161582
161336
160954
158783
156387
155064
132458
128606
107141
128512
114342
114254
113064
112852
112556
112552
112550
112515
112290
112183
112070
111622
111505
111251
111249
110871
107636
114459
114662
115139
123695
128360
128235
127212
127206
127144
127114
127108
123663
115569
122882
118880
118700
117176
116797
116161
115713
71745
79242
71108
6229
8584
8494
8236
8207
8195
8154
8128
8125
7926
7792
7438
7335
7243
7195
6983
6981
6874
6830
6783
6643
6515
8645
8751
8765
39183
46664
45210
45028
42217
41997
41863
41585
40819
40629
38304
8766
37741
34517
31770
26366
26151
26150
25927
25805
8767
6433
5956
47274
5795
3498
3415
3384
3246
3111
3089
3022
2936
2927
2920
2857
2747
2730
2677
2330
2202
2182
2178
2109
2028
1957
3539
3629
3632
4437
5791
5747
5464
5289
5198
5169
4928
4763
4712
4327
3634
4326
4262
4103
3947
3811
3789
3742
3679
3671
70293
46723
47423
55276
56782
56607
56286
56152
56015
55946
55442
55363
55280
55269
56805
55253
55118
55069
55063
55052
54881
54513
54286
54272
56788
57669
53894
64620
69481
67665
67429
67255
67087
66665
64839
64701
64622
64614
58191
63876
63082
61357
61323
61240
61236
60766
60069
58879
47629
53953
53123
51540
48516
48696
48738
48774
49824
49917
53000
50068
339
52241
52281
52967
52579
293
6218
3949
4011
5064
1291
745
3994
1036
44199
7161
8781
780
494
434
153
2273
3160
1617
3175
4638
4223
5602
4023
3916
2329
3499
7347
2989
2985
2600
8623
6287
5
104
5449
