1258
2502
7347
2989
1617
3499
2273
3175
2329
2600
2985
4023
1291
3916
780
153
494
3160
4223
434
4638
8781
5602
2959
2361
3949
5608
4103
5198
593
4326
4262
1259
858
1610
3111
3811
1042
3679
4890
1200
1120
5747
2997
1172
1211
4016
1957
1197
1273
8128
4121
4011
44199
1036
74458
47
3994
4226
745
5782
48780
5064
1219
778
1729
26554
7361
1732
2288
111
3793
93040
2396
78349
1704
27592
6218
53318
293
2529
27773
2542
1079
62849
296
4995
79132
1956
2085
2012
2004
135518
1954
5662
67997
58559
52885
31658
30745
8188
6713
6287
3546
186
1256
1089
1080
247
40614
54290
134853
118997
5
215
1801
904
1639
1635
1517
1376
1358
1250
1242
1059
661
236
628
587
529
357
350
337
300
246
520
2369
109374
2692
8369
70286
94777
1900
117533
1
6016
40148
47099
60072
77455
78499
4322
1028
1088
1997
2942
6863
6942
8533
45720
59725
63131
64969
3176
3707
5984
7155
39421
106918
55247
5449
5135
2700
3052
3114
3260
3361
3751
3978
4041
4306
4351
4369
4701
4823
5349
3676
5377
5481
5812
6281
6953
8636
65514
68954
88125
107649
3703
44191
106473
115617
50
109249
8972
5507
5219
4069
3882
3809
3301
3300
3275
3257
2641
2359
1061
80551
2082
104841
7373
8861
8928
68319
6985
47640
46970
71057
69712
69526
68157
27904
66097
63992
60684
48394
37733
34405
69640
7458
106696
5445
1199
130682
111624
107999
8623
2174
150
100365
45950
37729
35957
34162
32892
7478
1955
2968
4467
4911
6986
608
52319
121231
109487
260
27255
6683
5909
4612
4189
48711
64957
1131
47465
44555
3030
5618
5971
1265
1210
1176
318
232
319
35836
32025
31221
7376
4721
122886
1721
33794
31878
2068
2424
3948
34321
97938
95441
72998
68358
56367
46578
27611
4018
26662
26614
8464
7161
5299
4973
26585
8961
8874
1103
78209
76251
61024
55820
52973
8528
104
924
36401
8865
6754
132046
104283
82461
741
1274
8795
6350
7844
7153
7090
7022
6857
6539
5952
2019
5902
4993
3996
3265
2924
2571
306
599
364
95135
96811
96728
96610
96588
96417
95761
95558
95449
94969
105504
94959
94931
91077
90866
90531
90439
90376
90057
96832
97304
97673
97752
105197
103688
103624
103449
103372
103107
102469
102194
101895
101525
101285
99149
99114
98961
98154
97923
97921
89804
89759
89492
79242
78574
78039
74545
74324
73023
72741
72720
72395
72226
72176
72131
72011
71745
71464
71108
70293
69481
78653
80463
89470
80489
89260
88810
88235
88129
87304
86833
86320
85394
83976
82463
82459
82313
81932
81845
81786
81591
81562
105355
106100
67429
134881
142488
141749
140725
140715
140174
139642
139385
137337
134859
106766
134130
133771
133645
132800
132549
132547
132458
131796
143385
144172
146656
148482
111931
111384
82152
66203
47044
138610
164979
164977
163949
163056
161582
161336
160954
158783
156387
155064
148626
128606
128512
128360
114254
112852
112556
112552
112550
112515
112290
112183
112070
111622
111505
111251
111249
110871
107636
107141
106920
106916
113064
114342
128235
114459
127212
127206
127144
127114
127108
123695
123663
122882
118880
118700
117176
116797
116161
115713
115569
115139
114662
541
67665
67255
6783
6515
6433
6229
5956
5795
5791
5464
5289
5169
4928
4763
4712
4437
4327
3947
3789
3742
6643
6830
8766
6874
8751
67087
8584
8494
8236
8207
8195
8154
8125
7926
7792
7438
7335
7243
7195
6983
6981
3671
3634
3632
3629
1942
1935
1572
1283
1281
1272
1260
1245
1232
1209
1153
954
946
914
757
146501
588
2028
2109
2178
2936
3539
3498
3415
3384
3246
3089
3022
2927
2182
2920
2857
2747
2730
2677
2330
2202
8765
8645
8767
55253
56152
56015
55946
55442
55363
55280
55276
55269
55118
56607
55069
55063
55052
54881
54513
54286
54272
53953
56286
56782
25805
61357
66665
64839
64701
64622
64620
64614
63876
63082
61323
56788
61240
61236
60766
60069
58879
58191
57669
56805
53894
53123
53000
45210
42217
41997
41863
41585
40819
40629
39183
38304
37741
34517
31770
26366
26151
26150
25927
52967
45028
46664
48696
52579
52281
52241
51540
50068
49917
49824
48774
48738
339
48516
47629
47423
47274
46723
3785
4641
3113
66934
4388
377
3893
