293
1957
5747
3679
1172
1197
3111
3811
4103
4262
1211
8128
246
4326
1273
5198
364
2677
2330
319
3246
306
588
1245
26614
50
2028
60072
215
52973
232
350
1103
4041
318
1283
7243
3629
608
8125
3022
541
954
55820
4995
52281
41997
1704
37733
3882
2936
5608
3361
5377
48394
2959
1219
97938
4226
111384
121231
1061
47
27773
1258
64957
4306
31658
5135
236
4890
3113
4823
4701
186
3751
4641
3785
5
67997
3893
58559
4369
4351
4016
52885
661
2692
3052
1954
5349
1242
587
1250
1259
1358
1376
1517
1635
1801
529
2700
520
1956
377
2004
357
2012
2085
2369
2396
904
1059
94777
5481
5812
1088
1997
2942
6863
6942
8533
45720
59725
63131
64969
3176
3707
5984
7155
39421
53318
146501
757
914
946
1153
1209
1232
1260
1272
1281
1572
4322
78499
77455
55247
6281
6953
8636
65514
68954
88125
107649
3703
44191
106473
3676
5449
106918
62849
8369
70286
78349
1900
2361
117533
1
778
2542
6016
40148
47099
30745
135518
27592
27904
8861
7373
5507
5219
4069
3809
3301
3300
3275
3257
2641
2359
1732
80551
2082
8928
34405
69640
60684
5971
5618
3030
44555
7361
6985
47640
46970
71057
69712
69526
68319
68157
66097
63992
104841
8972
8188
4911
2968
1199
130682
111624
107999
8623
2174
100365
45950
37729
35957
34162
32892
7478
1955
4467
5909
7458
47465
5445
52319
109487
48780
260
27255
6986
6683
4612
4189
48711
74458
1131
4388
296
82461
104283
132046
95441
72998
68358
56367
46578
34321
27611
26662
8464
7161
5299
4973
4018
3948
2068
1265
93040
109374
6754
115617
6713
6287
5662
3546
2529
2288
1729
1256
1935
1080
1079
247
111
40614
54290
1210
35836
32025
31221
3265
2997
2924
2571
2019
1274
741
78209
76251
61024
8528
2502
104
36401
8865
3996
4993
5782
26554
7376
4721
122886
1721
31878
26585
8961
6350
8874
8795
7844
7090
7022
6857
1089
599
1942
96832
98961
98154
97923
97921
97752
97673
97304
96811
94969
96728
96610
96588
96417
95761
95558
95449
99114
99149
101285
101525
106920
106916
106766
106100
105504
105355
105197
103688
103624
103449
103372
103107
102469
102194
101895
95135
94959
107636
81562
82463
82459
82313
81932
81845
81786
81591
80489
94931
80463
79242
78653
78574
78039
74545
74324
83976
85394
2109
86833
91077
90866
90531
90439
90376
90057
89804
89759
89492
89470
89260
88810
88235
88129
87304
107141
110871
72741
139385
143385
142488
141749
140725
140715
140174
139642
137337
132458
134881
134859
134130
133771
133645
132800
132549
144172
146656
148482
148626
111931
82152
66203
47044
138610
164979
164977
163949
163056
161582
161336
160954
158783
156387
155064
132547
131796
111249
112552
114662
114459
114342
114254
113064
112852
112556
112550
128606
112515
112290
112183
112070
111622
111505
111251
115139
115569
115713
116161
128512
128360
128235
127212
127206
127144
127114
127108
123695
123663
122882
118880
118700
117176
116797
73023
86320
72720
26151
41585
40819
40629
39183
38304
37741
34517
31770
26366
26150
42217
25927
25805
8767
8766
8765
8751
8645
8584
8494
41863
45028
8207
49917
53953
53894
53123
53000
52967
52579
52241
51540
50068
49824
45210
48774
48738
48696
48516
47629
47423
47274
46723
46664
8236
8195
54286
3415
4327
3947
3789
3742
3671
3634
3632
3539
3498
3384
4712
3089
2927
2920
2857
2747
2730
2202
2182
2178
4437
4763
8154
6783
7926
7792
7438
7335
7195
6983
6981
6874
6830
6643
4928
6515
6433
6229
5956
5795
5791
5464
5289
5169
54272
54513
55363
56788
61323
61240
61236
60766
60069
58879
58191
57669
56805
56782
55118
56607
56286
56152
56015
55946
55442
55280
55276
55269
61357
63082
63876
64614
72395
72226
72176
72131
72011
71745
71464
71108
70293
69481
67665
67429
67255
67087
66665
64839
64701
64622
64620
55253
339
55069
55063
55052
54881
79132
66934
109249
134853
6539
3949
6218
2424
4011
1291
5064
300
337
628
118997
745
3994
1036
3114
44199
7153
5952
106696
3260
5902
3978
2273
2985
434
494
1617
780
2329
2600
2989
3160
3175
3499
8781
3916
7347
5602
4638
4223
4023
153
33794
1176
150
3793
924
1028
1639
1042
1120
1200
593
858
1610
4121
