81591
82459
81845
74324
67255
81562
81932
80489
82463
80463
79242
78574
78039
74545
78499
77455
74458
5618
79132
5971
6857
1274
104283
52885
741
3030
247
107999
26662
106473
6350
1219
2288
1256
1729
2529
5662
3546
30745
6287
236
587
529
520
377
357
350
337
300
246
215
6713
186
5
67997
58559
31658
1080
27773
27592
8188
1089
135518
1079
111
26614
8464
7161
5299
4973
4018
3948
2424
2068
1265
1210
1176
318
232
50
27611
34321
46578
109374
40614
54290
134853
118997
115617
661
109249
56367
106696
97938
95441
93040
72998
68358
628
1259
904
1059
778
1
117533
2361
1900
94777
78349
70286
8369
106918
55247
5449
3676
44191
3703
107649
88125
68954
65514
2542
2959
5608
6863
3707
3176
64969
63131
59725
45720
8533
6942
2942
6016
1997
1088
1028
4322
62849
60072
47099
40148
8636
6953
6281
1954
2700
2692
2396
2369
2085
2012
2004
1956
1801
3113
1639
1635
1517
1376
1358
35836
1250
1242
3052
3114
5812
4369
5481
5377
5349
5135
4890
4823
4701
4641
4351
3260
4306
4041
4016
3978
3893
3785
3751
3361
47
8795
32025
5445
5219
4069
3882
3809
3301
3300
3275
3257
2641
2359
1732
1061
80551
2082
104841
69640
8972
5507
7373
8861
68157
6985
47640
46970
71057
69712
69526
68319
66934
8928
66097
63992
60684
48394
37733
34405
27904
7458
608
31221
52319
4911
4467
2968
1199
130682
111624
8623
2174
150
100365
45950
37729
35957
34162
32892
7478
1955
5909
47465
296
260
121231
109487
48780
4995
4226
1704
1258
27255
4388
6986
6683
4612
4189
48711
64957
1131
7361
44555
82461
132046
3996
3265
2997
2924
2571
2019
924
44199
8781
7347
6218
5602
5064
4638
4223
4121
4023
4993
5782
5902
26554
7376
4721
122886
1721
33794
31878
26585
8961
5952
8874
7155
7844
7153
7090
7022
6539
4011
3994
3949
55820
494
434
293
153
78209
76251
61024
52973
745
8528
2502
1103
104
36401
8865
6754
593
780
3916
2329
3793
3499
3175
3160
2989
2985
2600
2273
858
1617
1610
1291
1200
1120
1042
1036
5984
599
39421
95449
96832
96811
96728
96610
96588
96417
95761
95558
95135
61240
94969
94959
94931
91077
90866
90531
90439
90376
97304
97673
97752
97921
105355
105197
103688
103624
103449
103372
103107
102469
102194
101895
101525
101285
99149
99114
98961
98154
97923
90057
89804
89759
72131
71745
71464
71108
70293
69481
67665
67429
67087
66665
64839
64701
64622
64620
64614
63876
63082
61357
72011
72176
89492
72226
89470
89260
88810
88235
88129
87304
86833
86320
85394
83976
82313
81786
78653
73023
72741
72720
72395
105504
106100
106766
144172
142488
141749
140725
140715
140174
139642
139385
137337
134881
134859
134130
133771
133645
132800
132549
132547
132458
143385
146656
128606
148482
111931
111384
82152
66203
47044
138610
164979
164977
163949
163056
161582
161336
160954
158783
156387
155064
148626
131796
128512
106916
114342
113064
112852
112556
112552
112550
112515
112290
112183
112070
111622
111505
111251
111249
110871
107636
107141
106920
114254
114459
128360
114662
128235
127212
127206
127144
127114
127108
123695
123663
122882
118880
118700
117176
116797
116161
115713
115569
115139
61323
61236
53318
3679
4327
4326
4262
4103
3947
3811
3789
3742
3671
60766
3634
3632
3629
3539
3498
3415
3384
3246
4437
4712
4763
4928
6983
6981
6874
6830
6783
6643
6515
6433
6229
5956
5795
5791
5747
5464
5289
5198
5169
3111
3089
3022
1272
1245
1232
1211
1209
1197
1172
1153
954
946
914
757
146501
588
541
364
319
306
1260
1273
2936
1281
2927
2920
2857
2747
2730
2677
2330
2202
2182
2178
2109
2028
1957
1942
1935
1572
1283
7195
7243
7335
55069
55052
54881
54513
54286
54272
53953
53894
53123
53000
52967
52579
52281
52241
51540
50068
49917
49824
55063
55118
48738
55253
60069
58879
58191
57669
56805
56788
56782
56607
56286
56152
56015
55946
55442
55363
55280
55276
55269
48774
48696
7438
26151
25927
25805
8767
8766
8765
8751
8645
8584
8494
8236
8207
8195
8154
8128
8125
7926
7792
26150
26366
48516
31770
47629
47423
47274
46723
46664
45210
45028
42217
41997
41863
41585
40819
40629
39183
38304
37741
34517
339
