6874
7438
5791
55280
50068
8645
5464
55363
55069
55442
61240
61236
52281
41997
1089
3265
7022
68954
26585
48394
3996
7090
7844
2924
1036
5782
2542
68157
31878
65514
296
4226
2692
48780
215
67997
31658
58559
52885
186
5
337
236
246
1259
1250
1242
1059
904
661
628
587
529
520
377
357
350
27773
300
30745
2288
27592
68358
109249
106696
97938
95441
93040
72998
56367
115617
46578
34321
27611
26662
26614
8464
109374
118997
8188
1256
6713
6287
5662
3546
2529
1729
1219
134853
1080
1079
247
111
40614
54290
1358
135518
1517
78499
62849
60072
47099
40148
6016
5608
2959
778
1
117533
2361
1900
94777
78349
70286
8369
106918
77455
4322
5449
1028
306
53318
39421
7155
5984
3707
3176
64969
63131
59725
45720
8533
6942
6863
2942
1997
1088
55247
3676
1635
4041
3893
3785
3751
3361
3114
3113
3052
2700
2396
2369
2085
2012
7161
1956
1954
1801
1639
4016
4306
106473
4351
44191
3703
107649
88125
8636
6953
6281
5812
5481
5377
5349
5135
4890
4823
4701
4641
4369
2004
1210
5299
7373
5219
4069
3882
3809
3301
3300
3275
3257
2641
2359
1732
1061
80551
2082
104841
69640
8972
5507
8861
5971
8928
3030
44555
7361
6985
47640
46970
71057
69712
69526
68319
66934
66097
63992
60684
37733
34405
27904
7458
5445
608
52319
4467
2968
1199
130682
111624
107999
8623
2174
150
100365
45950
37729
35957
34162
32892
7478
1955
4911
5909
47465
27255
121231
109487
79132
4995
1704
1258
260
6986
4388
6683
4612
4189
48711
74458
64957
1131
5618
82461
4973
26554
8874
6857
6539
6350
2997
2571
1274
741
44199
8781
7347
6218
5602
5064
4638
4223
4121
8961
33794
104283
1721
4018
3948
2424
2068
1265
364
1176
318
232
50
47
35836
32025
31221
7376
4721
122886
4023
4011
3994
3949
494
434
293
153
78209
76251
61024
55820
52973
8528
2502
1103
104
36401
8865
6754
132046
593
745
780
2600
3916
3793
3499
3175
3160
2989
2985
2329
858
2273
1617
1610
1291
1200
1120
1042
319
599
541
97673
96832
96811
96728
96610
96588
96417
95761
95558
95449
95135
94969
94959
94931
91077
90866
90531
90439
97304
97752
90057
97921
105355
105197
103688
103624
103449
103372
103107
102469
102194
101895
101525
101285
99149
99114
98961
98154
97923
90376
89804
106100
80489
79242
78653
78574
78039
74545
74324
73023
72741
72720
72395
72226
72176
72131
72011
71745
588
71108
80463
81562
89759
81591
89492
89470
89260
88810
88235
88129
87304
86833
86320
85394
83976
82463
82459
82313
81932
81845
81786
105504
106766
69481
144172
142488
141749
140725
140715
140174
139642
139385
137337
134881
134859
134130
133771
133645
132800
132549
132547
132458
143385
146656
128606
148482
111931
111384
82152
66203
47044
138610
164979
164977
163949
163056
161582
161336
160954
158783
156387
155064
148626
131796
128512
106916
114342
113064
112852
112556
112552
112550
112515
112290
112183
112070
111622
111505
111251
111249
110871
107636
107141
106920
114254
114459
128360
114662
128235
127212
127206
127144
127114
127108
123695
123663
122882
118880
118700
117176
116797
116161
115713
115569
115139
70293
71464
67665
4262
5198
5169
4928
4763
4712
4437
4327
4326
4103
5747
3947
3811
3789
3742
3679
3671
3634
3632
5289
5795
8494
7243
8207
8195
8154
8128
8125
7926
7792
7335
7195
5956
6983
6981
6830
6783
6643
6515
6433
6229
3629
3539
3498
1211
1572
1283
1281
1273
1272
1260
1245
1232
1209
3415
1197
1172
1153
954
946
914
757
146501
1935
1942
1957
2028
3384
3246
3111
3089
3022
2936
2927
2920
2857
2747
2730
2677
2330
2202
2182
2178
2109
67429
8236
8584
55253
56607
56286
56152
56015
55946
55276
55269
55118
56788
55063
55052
54881
54513
54286
54272
53894
56782
56805
53000
64614
67255
67087
66665
64839
64701
64622
64620
63876
57669
63082
61357
61323
60766
60069
58879
58191
53123
53953
52967
41863
52579
40819
40629
39183
38304
37741
34517
31770
26366
26151
26150
25927
25805
8767
8766
8765
8751
41585
339
42217
51540
48774
48738
48696
48516
47629
47423
45028
47274
49824
49917
46723
46664
52241
45210
924
2019
5902
3978
3260
8795
4993
7153
5952
1376
