2571
4995
318
1954
47099
132046
114662
114342
112290
112556
112852
112183
111622
115569
116161
116797
117176
1704
72998
109487
112515
118700
118880
48516
41863
45028
45210
46723
47629
47423
48696
48738
48774
49824
49917
79132
27611
111251
4226
48780
135518
70286
2529
1042
858
4306
4121
1610
1200
1120
593
3361
2959
44555
1210
62849
27773
112552
117533
69640
3793
111384
121231
44199
4011
1061
40614
47
6539
1176
46578
260
34405
122886
2692
105504
106696
1028
2012
1059
1242
3785
3893
661
1250
1259
3260
904
587
628
3978
32892
529
520
4016
4041
377
4351
357
4369
7478
3113
1358
100365
2004
2369
2396
2700
130682
107999
8623
4701
1956
2174
45950
1376
37729
35957
1199
1801
1639
1635
1517
3052
34162
2085
4641
608
4890
1209
3176
3707
5984
7155
39421
53318
146501
757
914
946
1153
1172
1197
1211
45720
1232
1260
1272
1273
1281
1572
1935
1942
1957
2109
2178
2182
2202
59725
8533
5135
106918
5349
5377
5481
5812
6281
337
6953
8636
88125
107649
44191
3676
5449
8369
2942
78349
1900
2361
778
2542
5608
6016
40148
1955
60072
4322
1088
1997
350
6287
300
7373
8928
27904
37733
63992
66097
68157
68319
69526
69712
71057
47640
6985
7361
3030
5618
82461
104283
5909
6754
8865
36401
104
1103
2502
8528
52973
76251
8861
47465
246
5507
7458
8972
104841
2082
80551
1732
2359
2641
52319
1258
27255
3257
6986
3275
6683
3300
4612
3301
3882
4189
48711
4069
64957
1131
4388
5219
296
78209
741
924
1274
95441
97938
109249
54290
111
247
1079
1080
1089
1219
1256
1729
2288
3546
5662
5445
6713
8188
27592
30745
31658
52885
58559
67997
5
186
236
93040
2747
68358
26585
2019
4911
2997
4993
5782
5902
5952
6857
7153
8795
8961
26554
33794
2968
1721
4721
7376
31221
32025
50
232
4467
3948
8464
26614
26662
2730
599
2857
96728
96832
97304
97673
97752
97921
97923
98154
98961
99114
99149
101285
101525
101895
102194
102469
103107
103372
103449
103624
103688
105197
105355
106100
106766
106916
106920
107141
96811
96610
55946
96588
66665
67087
67665
69481
70293
71108
71464
71745
72011
72131
72176
72226
72395
72720
72741
73023
2920
78653
82313
94931
94959
94969
95135
95449
95558
95761
96417
107636
110871
111249
111505
139385
139642
140174
140715
140725
141749
142488
143385
144172
146656
148482
148626
155064
156387
158783
160954
161336
161582
163056
163949
164977
164979
138610
47044
66203
82152
111931
137337
134881
134859
127144
112070
112550
113064
114254
114459
115139
115713
122882
123663
123695
127108
127114
127206
134130
127212
128235
128360
128512
128606
131796
132458
132547
132549
132800
133645
133771
56015
339
38304
41585
26151
26366
31770
34517
37741
39183
40629
5956
40819
5795
5747
4326
5289
5198
5169
4928
4763
4712
4437
42217
4327
46664
6229
26150
25927
6433
6983
7195
6830
7335
7792
7926
8128
6783
8154
8195
8207
6643
8236
8494
6515
8584
8751
8765
8766
8767
25805
47274
6981
3384
3789
3632
53953
3634
3415
3811
3742
3671
3679
3947
3539
3089
4103
4262
52579
3111
3498
2927
94777
3994
60684
66934
2424
109374
6863
106473
6350
61024
3949
3703
64969
2936
5064
1291
150
65514
46970
1036
6942
7161
541
3022
8125
954
63131
35836
3265
7022
48394
4018
134853
118997
81786
2068
8874
34321
3629
1283
7243
55363
3114
63082
64620
63876
64614
780
1617
61357
2329
4823
494
434
61323
153
60766
60069
58879
58191
57669
2273
64701
2600
88235
90057
3996
2985
89759
89492
89470
89260
88810
7844
90376
88129
87304
86833
86320
85394
83976
67429
3751
2924
89804
90439
4223
2989
3160
3175
3499
55063
3916
90531
4023
64622
8781
64839
90866
91077
7347
7090
5602
4638
111624
115617
55280
6874
7438
5791
8645
5464
50068
745
31878
41997
52281
5299
4973
5971
61236
61240
293
74458
6218
3809
56367
1
215
55820
55247
2028
68954
77455
2677
2330
1245
588
364
319
306
3246
55442
55069
78499
56152
54513
54881
56607
55276
55269
56782
56788
56805
55253
55118
56286
52241
54286
53000
54272
51540
52967
55052
53123
53894
1265
81562
82463
82459
81932
81845
81591
80463
80489
79242
67255
78039
74545
74324
78574
