1
1120
97752
95135
95449
95558
96588
96728
96811
97304
97921
94931
97923
98154
98961
99114
99149
101525
94959
4121
593
858
1042
1200
1610
6016
78499
2028
296
96832
96610
541
8125
954
3022
3793
306
2677
588
2330
1245
319
364
3246
3629
7243
1283
112552
103107
103624
97673
105197
102194
101895
105355
107141
106920
103372
106766
106100
106916
2936
118880
118700
112515
6942
113064
114254
757
133771
94969
102469
132800
52579
128512
127206
161336
110871
111249
111505
4763
7926
101285
53953
112550
114459
215
97938
1089
134853
81786
67665
2730
2920
293
115617
3634
114662
117176
116797
115569
111622
114342
112852
112556
112290
112183
116161
105504
68157
117533
77455
111251
2174
6863
1088
79132
2571
260
58879
67429
64839
64701
64622
64620
64614
63876
63082
61357
61323
60766
60069
58191
57669
55063
318
132046
4226
5608
48780
2529
4011
27611
2068
1704
61024
74458
62849
135518
1219
3361
3949
1210
27773
70286
1176
109487
72998
4995
82463
82459
81932
81845
81591
67255
81562
80489
79242
80463
78039
78574
74545
74324
1265
4018
111384
121231
118997
1061
1258
2019
122886
107999
68319
3703
5
300
1131
186
52885
31658
30745
58559
246
4388
236
47465
377
357
5909
48711
350
337
64957
2288
4189
27592
106696
5445
52319
54290
40614
111
247
1080
1256
529
3546
5662
27255
6287
6713
6986
6683
8188
4612
520
111624
587
3785
34162
2396
2692
2700
32892
7478
3052
3113
3114
1955
3260
3751
3893
628
3978
4016
4041
4306
4351
4369
4641
4701
4823
4890
5135
5349
35957
37729
2369
2085
4911
661
904
4467
1059
2968
130682
8972
8623
1242
1250
1259
1358
1376
1517
1635
1639
1801
1954
1956
150
100365
2004
2012
45950
7458
3948
95441
434
27904
745
780
8861
1036
7373
5481
5507
1291
5219
1617
4069
2273
2329
2600
2985
2989
3882
3160
3175
3499
3301
3300
3916
3994
494
34405
93040
153
3030
5618
5971
82461
104283
6754
8865
36401
104
1103
2502
8528
52973
55820
6985
47640
46970
71057
69712
76251
69526
66934
63992
37733
78209
3275
4023
3257
4223
26554
26585
31878
33794
1721
4721
7376
31221
2359
32025
35836
50
80551
232
2082
104841
2424
7361
8464
26614
26662
69640
34321
56367
68358
8961
8874
8795
2997
4638
5064
5602
6218
7347
8781
741
924
1274
2641
2924
3265
7844
3996
4993
5782
5902
5952
6350
6539
6857
7022
7090
7153
5377
599
5812
56782
54513
54881
55052
55118
55253
55269
55276
55946
56015
56152
56286
56607
56788
54272
56805
66665
67087
69481
70293
71108
71464
71745
72011
72131
72176
72226
54286
53894
72720
37741
8584
8751
8765
8766
8767
25805
25927
26150
26151
26366
31770
34517
38304
53123
39183
40629
40819
41585
42217
6281
46664
47274
51540
52241
52967
53000
72395
72741
8236
155064
127144
127212
128235
131796
132458
132547
132549
139642
140715
140725
144172
148482
156387
123663
158783
160954
161582
163056
163949
164977
164979
138610
47044
66203
82152
111931
123695
115139
73023
89492
78653
82313
83976
85394
86320
86833
87304
88129
88235
88810
89260
89470
89759
112070
89804
90057
90376
90439
90531
90866
91077
95761
96417
103449
103688
107636
8494
339
8207
1172
3384
3415
3498
3539
146501
3632
53318
39421
3671
3679
3742
7155
3789
3811
3947
4103
5984
3707
3176
4262
4326
3111
3089
2927
1572
1209
1153
1211
946
1232
1260
1272
1273
1281
1935
2857
1942
1957
914
8195
2109
2178
2182
2202
2747
4327
64969
5956
4437
6229
106918
5449
3676
106473
6433
6515
6643
6783
6830
107649
6981
6983
7195
7335
65514
8636
7792
8128
8154
6953
8369
1197
78349
2942
4712
4928
5169
5198
5289
63131
59725
45720
5747
94777
8533
1997
1028
4322
60072
40148
2361
1900
5795
109374
109249
8928
4973
47099
44555
47
55247
60684
66097
3809
67997
44199
608
7161
5299
48696
49917
47423
48738
46723
45028
45210
48774
48516
41863
47629
49824
1199
122882
134859
1732
2542
2959
1079
127108
44191
88125
52281
41997
146656
140174
143385
142488
141749
148626
133645
137337
134881
134130
128606
128360
127114
115713
139385
55363
778
1729
61240
61236
55442
55069
68954
48394
46578
55280
6874
5791
50068
7438
8645
5464
