1610
1200
1120
1042
858
4121
593
3793
64622
7347
8781
67429
64839
64701
63876
1617
64614
4638
63082
61357
61323
60766
60069
5602
3916
4223
4023
57669
3499
3175
3160
2989
2985
2600
2329
2273
153
434
494
780
58191
58879
64620
55063
1281
946
6983
3089
2927
2202
1942
1935
3632
61236
61240
44199
131796
72741
107636
139642
3539
127212
140715
128235
140725
112070
34517
148482
82313
164977
164979
127144
72176
2747
55946
132458
123663
132549
123695
8584
2920
25927
46664
1036
2936
3994
745
1291
5064
127108
4011
3949
61024
6218
293
30745
27611
68358
56367
46578
34321
1080
1256
6713
93040
6287
26662
5662
26614
8464
7161
54290
72998
95441
1729
134853
111
118997
40614
247
1079
27773
115617
109374
2288
2529
27592
1089
3546
109249
8188
106696
97938
1219
215
31658
3785
65514
8636
6953
6281
5812
5481
5377
5349
5135
4890
4823
4701
4641
4369
4351
4306
4041
4016
3978
68954
88125
107649
94777
5608
2959
2542
778
1
117533
2361
1900
78349
3703
70286
8369
106918
55247
5449
3676
106473
44191
3893
3751
52885
3361
1059
904
661
628
587
529
520
377
357
350
337
300
246
236
4973
186
5
67997
58559
1242
1250
1259
2085
3260
3114
3113
3052
2700
2692
2396
2369
2012
1358
2004
1956
1954
1801
1639
1635
1517
1376
5299
135518
4018
4995
2359
1732
1061
80551
2082
104841
69640
8972
7458
5445
608
52319
121231
109487
79132
2641
3257
3275
8861
60684
48394
37733
34405
27904
8928
7373
3300
5507
5219
4069
3882
3809
3301
48780
4226
66097
1704
1199
130682
111624
107999
8623
2174
150
100365
45950
37729
35957
34162
32892
7478
1955
2968
4467
4911
4189
1258
260
27255
6986
6683
4612
48711
5909
74458
64957
1131
4388
296
47465
63992
66934
3948
4993
26585
26554
8961
8874
8795
7844
7153
7090
7022
6857
6539
6350
5952
5902
40148
31878
33794
1721
232
2424
2068
1265
1210
1176
318
50
122886
47
35836
32025
31221
7376
4721
5782
3996
68157
3265
132046
104283
82461
5971
5618
3030
44555
7361
6985
47640
46970
71057
69712
69526
68319
6754
8865
36401
741
2997
2924
2571
2019
1274
924
78209
104
76251
55820
52973
8528
2502
1103
6016
599
47099
90057
94959
94931
91077
90866
90531
90439
90376
89804
95135
89759
89492
89470
89260
88810
88235
88129
94969
95449
86833
97673
99149
99114
98961
98154
97923
97921
97752
97304
95558
96832
96811
96728
96610
96588
96417
95761
87304
86320
60072
67665
72131
72011
71745
71464
71108
70293
69481
67255
72395
67087
66665
56805
56788
56782
56607
56286
72226
72720
85394
81562
83976
82463
82459
81932
81845
81786
81591
80489
73023
80463
79242
78653
78574
78039
74545
74324
101285
101525
101895
133645
140174
139385
137337
134881
134859
134130
133771
132800
142488
132547
128606
128512
128360
127206
127114
122882
141749
143385
102194
163056
111931
111384
82152
66203
47044
138610
163949
161582
144172
161336
160954
158783
156387
155064
148626
146656
118880
118700
117176
105504
111249
110871
107141
106920
106916
106766
106100
105355
116797
105197
103688
103624
103449
103372
103107
102469
111251
111505
111622
112183
116161
115713
115569
115139
114662
114459
114342
114254
113064
112852
112556
112552
112550
112515
112290
56152
56015
55442
2330
3384
3246
3111
3022
2857
2730
2677
2182
3498
2178
2109
2028
1957
1572
1283
1273
3415
3629
5464
4326
5198
5169
4928
4763
4712
4437
4327
4262
3634
4103
3947
3811
3789
3742
3679
3671
1272
1260
1245
6863
3176
64969
63131
59725
45720
8533
6942
2942
1232
1997
1088
1028
4322
78499
77455
62849
3707
5984
7155
39421
1211
1209
1197
1172
1153
954
914
757
146501
588
541
364
319
306
53318
5289
5747
55363
47629
50068
49917
49824
48774
48738
48696
48516
47423
52241
47274
46723
45210
45028
42217
41997
41863
51540
52281
5791
54881
55280
55276
55269
55253
55118
55069
55052
54513
52579
54286
54272
53953
53894
53123
53000
52967
41585
40819
40629
6874
7926
7792
7438
7335
7243
7195
6981
6830
39183
6783
6643
6515
6433
6229
5956
5795
8125
8128
8154
8195
38304
37741
31770
26366
26151
26150
25805
8767
8766
8765
8751
8645
8494
8236
8207
339
