260
1250
904
1210
2019
132046
2068
122886
107999
27611
109487
68319
2571
135518
3703
109249
70286
72998
79132
111624
5
300
246
236
215
186
67997
350
58559
52885
31658
30745
27773
27592
8188
337
357
6287
377
1954
1801
1639
1635
1517
1376
1358
1259
1955
1242
1059
7478
661
628
587
529
520
6713
2529
5662
5299
46578
34321
32892
26662
26614
8464
7161
4973
68358
4018
3948
2424
34162
1265
35957
1176
56367
93040
3546
1079
2004
2288
1729
1256
1219
1089
1080
247
95441
111
40614
54290
118997
109374
106696
97938
1956
2085
2012
5608
1028
4322
62849
60072
47099
40148
6016
2959
1997
2542
778
2361
1900
94777
78349
8369
1088
2942
55247
5984
588
364
319
306
53318
39421
7155
3707
6863
3176
64969
63131
59725
45720
8533
6942
106918
5449
232
3361
4306
4041
4016
3978
3893
3785
3751
3260
4369
3114
3113
3052
2700
2692
2396
2369
4351
4641
3676
6953
106473
44191
107649
88125
68954
65514
8636
6281
4701
5812
5481
5377
5349
5135
4890
4823
318
50
130682
1103
66097
63992
60684
48394
37733
34405
27904
8928
8861
7373
5507
5219
4069
3882
3809
3301
3300
66934
68157
150
5618
36401
8865
6754
100365
104283
82461
5971
3030
69526
44555
7361
6985
47640
46970
71057
69712
3275
3257
2641
1131
6986
6683
4612
4189
48711
74458
64957
4388
8623
296
47465
5909
4911
4467
2968
1199
27255
1258
2359
7458
1732
1061
80551
2082
104841
69640
8972
5445
1704
608
52319
121231
2174
48780
4995
4226
104
2502
47
8528
6350
5952
5902
5782
4993
3996
3265
2997
2924
37729
45950
1274
924
741
44199
8781
7347
6539
6857
7022
33794
35836
32025
31221
7376
4721
946
1721
31878
7090
26585
26554
8961
8874
8795
7844
7153
6218
5602
5064
494
1120
1042
1036
858
780
745
593
434
1291
293
153
78209
76251
61024
55820
52973
1200
1610
4638
3793
4223
4121
4023
4011
3994
3949
3916
3499
1617
3175
3160
2989
2985
2600
2329
2273
146501
339
64622
81591
85394
83976
82463
82459
82313
81932
81845
81562
73023
80489
80463
79242
78653
78574
78039
74545
86320
86833
87304
88129
94959
94931
91077
90866
90531
90439
90376
90057
89804
89759
89492
89470
89260
88810
88235
74324
72741
56015
146656
63876
63082
61357
61323
61240
61236
60766
58879
72720
58191
57669
56805
56788
56782
56607
56286
64614
64620
1153
64701
72395
72226
72176
72131
72011
71745
71464
71108
70293
69481
67429
67255
67087
66665
64839
95135
95449
95558
116797
127212
127144
127114
127108
123695
123663
117176
116161
95761
115713
115569
115139
114662
114342
112852
112556
128235
128360
128606
131796
143385
142488
141749
140725
140715
140174
139642
139385
137337
134881
134130
133645
132549
132547
132458
112552
112290
112183
101895
99149
99114
98961
98154
97923
97921
97752
97673
97304
96832
96811
96728
96610
96588
96417
101525
102194
112070
103107
111622
111251
107636
107141
106920
106916
106766
106100
105504
105355
105197
103688
103624
103449
103372
56152
60069
55946
3498
4928
4712
4437
160954
4326
4262
4103
3947
3811
3742
3679
3671
161582
3632
163056
5169
5198
5289
6643
7195
6983
6981
6874
6830
6783
6515
5464
6433
6229
55442
5795
5791
5747
3539
3415
7335
3384
1935
1572
66203
1281
1273
1272
1260
1245
1232
1211
82152
111384
1197
1172
111931
1942
1957
2109
2927
163949
3246
3111
3089
164977
164979
138610
2178
2747
47044
2677
2330
2202
2182
158783
5956
7438
52967
52241
51540
50068
49917
49824
48774
48738
48696
7792
48516
47629
47423
47274
46723
46664
52281
53000
45028
53123
55280
55276
55269
55253
55118
148482
55069
148626
55063
55052
54881
54513
54286
54272
53894
45210
144172
42217
31770
26151
26150
25927
25805
8767
8766
8765
8751
8645
8584
8494
8236
8207
8195
155064
8128
156387
41997
26366
41863
34517
40629
39183
38304
37741
41585
40819
117533
77455
2920
55363
2730
112515
118880
118700
67665
134859
122882
81786
161336
111249
111505
110871
94969
7926
757
114459
133771
132800
112550
128512
102469
127206
113064
52579
114254
4763
101285
53953
2028
599
1283
7243
3629
2936
115617
8154
914
4327
3789
1209
2857
3634
541
954
3022
8125
134853
78499
1
