1199
4467
1042
3022
541
593
1610
1376
4121
1200
954
1120
858
8125
260
2968
44191
2936
3629
1283
7243
60684
2028
3793
1210
2019
132046
2068
122886
107999
27611
109487
68319
134853
2571
135518
3703
109249
70286
72998
115617
79132
246
300
337
236
215
186
1242
350
357
377
520
529
587
628
661
904
1059
67997
1250
1259
1358
1517
5
6287
58559
93040
40614
54290
118997
109374
106696
97938
95441
68358
52885
56367
46578
34321
26662
26614
8464
7161
111
247
1079
1080
31658
30745
27773
27592
8188
6713
1639
5662
3546
2529
2288
1729
1256
1219
1089
1635
2700
1801
3676
60072
47099
40148
6016
5608
2959
2542
778
1
117533
2361
1900
94777
78349
8369
106918
55247
62849
77455
78499
59725
39421
7155
5984
3707
3176
64969
63131
45720
4322
8533
6942
6863
2942
1997
1088
1028
5449
106473
1954
107649
3978
3893
3785
3751
3361
3260
3114
3113
3052
4973
2692
2396
2369
2085
2012
2004
1956
4016
4041
4306
5481
88125
68954
65514
8636
6953
6281
5812
5377
4351
5349
5135
4890
4823
4701
4641
4369
5299
35836
4018
104841
8928
8861
7373
5507
5219
4069
3882
3809
3301
3300
3275
3257
2641
2359
1732
1061
80551
27904
34405
37733
47640
82461
5971
5618
3030
44555
7361
6985
46970
48394
71057
69712
69526
68157
66934
66097
63992
2082
69640
3948
8972
296
47465
5909
4911
130682
111624
8623
2174
150
100365
45950
37729
35957
34162
32892
7478
1955
4388
1131
64957
4226
7458
5445
608
52319
121231
48780
4995
1704
74458
1258
27255
6986
6683
4612
4189
48711
104283
6754
8865
36401
7844
7153
7090
7022
6857
6539
6350
5952
5902
5782
4993
3996
3265
2997
2924
1274
924
8795
8874
8961
306
2424
1265
1176
318
232
50
47
32025
26554
31221
7376
4721
1721
33794
31878
26585
741
44199
8781
78209
1036
780
745
494
434
293
153
76251
1617
61024
55820
52973
8528
2502
1103
104
1291
2273
7347
3994
6218
5602
5064
4638
4223
4023
4011
3949
2329
3916
3499
3175
3160
2989
2985
2600
53318
599
319
95135
96811
96728
96610
96588
96417
95761
95558
95449
94969
105504
94959
94931
91077
90866
90531
90439
90376
90057
96832
97304
97673
97752
105197
103688
103624
103449
103372
103107
102469
102194
101895
101525
101285
99149
99114
98961
98154
97923
97921
89804
89759
89492
79242
78574
78039
74545
74324
73023
72741
72720
72395
72226
72176
72131
72011
71745
71464
71108
70293
69481
78653
80463
89470
80489
89260
88810
88235
88129
87304
86833
86320
85394
83976
82463
82459
82313
81932
81845
81786
81591
81562
105355
106100
67429
134881
142488
141749
140725
140715
140174
139642
139385
137337
134859
106766
134130
133771
133645
132800
132549
132547
132458
131796
143385
144172
146656
148482
111931
111384
82152
66203
47044
138610
164979
164977
163949
163056
161582
161336
160954
158783
156387
155064
148626
128606
128512
128360
114254
112852
112556
112552
112550
112515
112290
112183
112070
111622
111505
111251
111249
110871
107636
107141
106920
106916
113064
114342
128235
114459
127212
127206
127144
127114
127108
123695
123663
122882
118880
118700
117176
116797
116161
115713
115569
115139
114662
67665
67255
364
4712
5791
5747
5464
5289
5198
5169
4928
4763
4437
8584
4327
4326
4262
4103
3947
3811
3789
3742
5795
5956
6229
6433
8236
8207
8195
8154
8128
7926
7792
7438
7335
7195
6983
6981
6874
6830
6783
6643
6515
3679
3671
3634
1942
1572
1281
1273
1272
1260
1245
1232
1211
1209
1197
1172
1153
946
914
757
146501
588
1935
1957
3632
2109
3539
3498
3415
3384
3246
3111
3089
2927
2920
2857
2747
2730
2677
2330
2202
2182
2178
8494
8645
67087
55269
56286
56152
56015
55946
55442
55363
55280
55276
55253
8751
55118
55069
55063
55052
54881
54513
54286
54272
56607
56782
56788
56805
66665
64839
64701
64622
64620
64614
63876
63082
61357
61323
61240
61236
60766
60069
58879
58191
57669
53953
53894
53123
42217
41863
41585
40819
40629
39183
38304
37741
34517
31770
26366
26151
26150
25927
25805
8767
8766
8765
41997
45028
53000
45210
52967
52579
52281
52241
51540
50068
49917
49824
48774
48738
48696
48516
47629
47423
47274
46723
46664
339
