1120
337
593
858
1042
4121
1610
1200
3793
357
47
150
318
3114
3361
2288
88125
5608
27773
27592
4226
1258
111384
121231
130682
48394
1219
2529
1061
1997
48780
62849
1704
306
2330
319
2677
588
1245
3246
364
66097
74458
2959
4995
2028
215
79132
904
3113
3260
5
3751
3785
3893
3978
4016
4306
67997
4351
58559
4369
4641
4701
4823
4890
5135
52885
31658
30745
8188
6713
6287
5662
3546
186
3052
1059
1639
1242
1250
661
1259
5377
1358
1376
628
1517
587
1635
1801
2700
1954
1956
529
2004
2012
2085
2369
520
246
2396
2692
5349
3703
5481
954
59725
63131
64969
3176
3707
5984
7155
39421
53318
541
146501
757
914
946
1153
8533
1172
1197
1209
1211
1232
1260
1272
1273
1281
1283
1572
1935
1942
1957
45720
6942
5812
78349
6281
6953
8636
65514
68954
107649
44191
106473
3676
5449
55247
106918
8369
70286
94777
6863
1900
2361
117533
1
6016
40148
47099
60072
77455
78499
4322
1028
1088
2942
1256
135518
1080
63992
34405
27904
8928
8861
7373
5507
5219
4069
3809
3301
3300
3275
3257
2641
2359
60684
66934
247
68319
6754
132046
104283
82461
5971
5618
3030
44555
7361
6985
47640
46970
71057
69712
69526
80551
2082
104841
69640
4467
2968
1199
111624
107999
8623
2174
100365
45950
37729
35957
34162
32892
7478
1955
4911
5909
47465
27255
8972
7458
5445
52319
109487
260
6986
4388
6683
4612
4189
48711
64957
1131
8865
36401
104
31221
26662
26614
8464
7161
5299
4973
4018
3948
2068
1265
1210
1176
232
50
35836
27611
34321
46578
109374
111
40614
54290
134853
118997
115617
109249
56367
106696
97938
2109
93040
72998
68358
32025
7376
2502
4721
5782
4993
3996
3265
2997
2924
2571
2019
1274
924
741
78209
76251
61024
8528
5902
5952
6350
8961
122886
1721
33794
31878
26585
26554
8874
6539
8795
7844
7153
7090
7022
6857
95441
599
2178
90439
97673
97304
96832
96811
96728
96610
96588
96417
95761
95558
95449
95135
94969
94959
94931
91077
90866
97752
97921
97923
103107
105504
105355
105197
103688
103624
103449
103372
102469
98154
102194
101895
101525
101285
99149
99114
98961
90531
90376
106766
90057
81562
80489
80463
79242
78653
78574
78039
74545
74324
73023
72741
72720
72395
72226
72176
72131
72011
2182
81786
81845
88129
89804
89759
89492
89470
89260
88810
88235
87304
81932
86833
86320
85394
83976
82463
82459
82313
106100
106916
71464
128606
142488
141749
140725
140715
140174
139642
139385
137337
134881
134859
134130
133771
133645
132800
132549
132547
132458
143385
144172
146656
163949
111931
82152
66203
47044
138610
164979
164977
163056
148482
161582
161336
160954
158783
156387
155064
148626
131796
128512
106920
128360
114254
113064
112852
112556
112552
112550
112515
112290
112183
112070
111622
111505
111251
111249
110871
107636
107141
114342
114459
114662
123663
128235
127212
127206
127144
127114
127108
123695
122882
115139
118880
118700
117176
116797
116161
115713
115569
71745
81591
71108
8154
8766
8765
8751
8645
8584
8494
8236
8207
8195
8128
48516
8125
7926
7792
7438
7335
7243
7195
6983
6981
8767
25805
25927
26150
70293
47274
46723
46664
45210
45028
42217
41997
41863
41585
40819
40629
39183
38304
37741
34517
31770
26366
26151
6874
6830
6783
3789
3679
3671
3634
3632
3629
3539
3498
3415
3384
3111
3089
3022
2936
2927
2920
2857
2747
2730
2202
3742
3811
6643
3947
6515
6433
6229
5956
5795
5791
5747
5464
5289
5198
5169
4928
4763
4712
4437
4327
4326
4262
4103
47629
47423
54286
55276
56782
56607
56286
56152
56015
55946
55442
55363
55280
55269
56805
55253
55118
55069
55063
55052
54881
54513
54272
53953
56788
57669
53123
64620
69481
67665
67429
67255
67087
66665
64839
64701
64622
64614
58191
63876
63082
61357
61323
61240
61236
60766
60069
58879
53894
339
53000
51540
49824
50068
48774
48738
52967
48696
49917
52241
52281
52579
1732
2424
1079
2542
3949
68157
293
1089
6218
4011
1729
778
5064
1291
3882
37733
745
3994
55820
1036
44199
608
236
3499
780
494
434
8781
7347
153
5602
4638
4223
4041
4023
52973
377
350
1103
1617
300
2273
2329
2600
2985
2989
3160
3175
3916
296
