79132
2571
74458
293
318
48780
132046
47
306
319
364
588
1245
2330
2677
3246
4226
3994
4011
4018
2692
64701
58191
67429
64839
57669
64622
60069
60766
61323
63082
63876
64620
58879
61357
64614
55063
2012
67255
82463
82459
81845
81591
81562
80489
80463
79242
78574
78039
74545
74324
81932
60072
72998
40614
26614
50
2529
2985
3916
3160
4023
2989
4638
5602
7347
8781
4223
2600
3175
2329
2273
1617
780
153
494
434
3499
70286
2959
2028
27611
215
3546
1036
27773
5952
7153
62849
1258
3361
78499
135518
109487
60684
94777
44199
1210
77455
4993
8795
4995
1265
5902
3978
3260
3751
745
61024
78349
6539
1291
5064
111384
6218
2288
88125
121231
377
1704
924
26585
1061
27592
1176
5299
5782
69640
1089
130682
63131
7161
1997
2019
134853
3703
46970
34321
118997
34405
64969
1250
72395
71108
69481
70293
71464
73023
71745
72720
72131
72226
72011
66665
78653
67087
66097
6350
35836
6863
2068
67665
68157
7243
3629
1283
3265
7022
105504
106696
115617
8874
67997
3949
1028
5608
4973
1219
66934
1732
4016
1199
44555
3785
3893
3030
4306
4041
3114
5618
4351
4369
4641
4701
5971
4823
4890
5135
7361
2700
3113
3052
1059
1242
47640
1259
1358
1376
1517
1635
1639
1801
1954
1956
2004
4467
2085
2369
2396
2968
5377
5349
5812
5481
32892
778
2542
45950
6016
40148
47099
37729
35957
34162
7478
661
104
1103
1955
4322
1088
2502
78209
76251
2942
1
2361
1900
36401
6281
6953
111624
8623
8636
82461
107649
104283
2174
44191
106473
3676
5449
6754
106918
8369
150
8865
100365
904
587
628
4721
31221
32025
4069
27255
6986
232
6683
5219
4612
7373
8861
8928
2424
3948
4189
27904
2997
8464
48711
7376
1721
64957
33794
6857
80551
2082
104841
2641
8972
7458
6942
5445
608
3257
52319
3275
3300
3301
3809
8961
26554
3882
26662
37733
2359
6287
8188
69712
5909
30745
31658
52885
58559
5
186
4911
236
246
300
337
350
357
71057
520
529
6713
5662
46578
47465
68358
1131
93040
95441
1274
109374
52973
741
63992
54290
4388
111
247
1079
1080
1256
1729
69526
296
8528
339
8533
123663
131796
128606
128512
128360
128235
127212
127206
127144
127114
127108
123695
122882
132458
55946
56015
118880
118700
117176
45720
116797
116161
115713
115569
72176
53953
132549
40629
48516
41585
41863
139642
103624
45028
45210
46664
46723
47274
47423
47629
48696
132800
137337
48738
48774
49824
49917
134881
134859
134130
133771
52579
133645
72741
81786
82313
107636
112552
112550
112515
112290
112183
112070
97673
111622
111505
111249
110871
107141
83976
106920
106916
106766
106100
105355
101285
105197
101895
102194
102469
103107
112556
112852
113064
114254
85394
86320
86833
87304
88129
88235
88810
89260
89470
89492
89759
89804
90057
90376
90439
90531
90866
91077
115139
114662
94969
114459
114342
40819
139385
39183
4103
2109
2178
2182
164979
164977
2202
2730
2747
2857
2920
2927
163949
3089
3111
3384
163056
3498
3539
3632
3634
3671
3679
161582
38304
3811
1957
1942
1935
946
59725
3176
3707
5984
7155
39421
53318
111931
146501
757
914
82152
138610
1153
1172
1197
66203
1209
1211
47044
1260
1272
1273
1281
3947
3789
7195
148482
7335
146656
7792
7926
144172
8128
8154
143385
8207
8236
142488
8584
141749
8751
8765
8766
8767
140725
25927
140715
140174
26366
31770
34517
37741
6983
103372
5289
5795
4928
4712
5169
4437
5198
148626
161336
5747
4327
4326
160954
6229
158783
6515
156387
155064
4262
6830
4763
68319
122886
109249
31878
56367
55247
55820
7844
3996
2924
7090
107999
6985
2936
5507
56782
55118
54513
52241
52967
53000
53123
53894
54272
54286
54881
55276
55052
55253
55269
56805
56788
56607
56286
51540
42217
26151
6643
1232
1572
65514
3415
26150
6433
3742
6783
6981
8195
25805
56152
117533
3022
8125
954
541
3793
599
260
111251
1610
1200
593
4121
858
1042
1120
132547
8494
96417
95761
103449
5956
103688
48394
97938
68954
41997
52281
61240
61236
55363
55069
55442
96832
96610
55280
5464
8645
50068
5791
7438
6874
98154
99114
98961
97921
99149
101525
97923
96728
94931
96811
97752
95135
95449
95558
96588
97304
94959
