47
2288
1219
1997
50
26614
296
2571
5198
5747
4326
4262
3811
1358
3679
1059
3111
8128
4103
1957
1211
1172
1197
337
1273
924
2959
5608
5902
3978
3260
1258
112550
113064
161336
94969
114459
101285
7926
127206
111249
114254
128512
4763
111505
102469
53953
110871
132800
757
133771
52579
33794
4226
27773
3634
132046
5952
7153
2730
130682
81786
122882
134859
118700
67665
118880
112515
55363
79132
778
1729
2920
1704
293
1089
88125
68157
27611
27592
2529
77455
2542
135518
2857
3789
8154
1209
914
4327
1079
70286
48394
72998
48780
3949
1210
62849
74458
260
2028
350
1103
4041
608
52973
1732
8125
954
541
3022
7243
3629
1283
109487
66097
4995
3703
2936
2396
3384
2109
1272
1259
47274
2178
3361
6229
1250
8207
26366
7792
4928
4437
3947
4712
3671
3498
150
2677
2330
3246
306
588
1245
364
319
55820
26585
3882
37733
7022
3265
5782
4890
8861
60072
2361
215
52281
41997
3114
3809
3751
318
4973
107999
109249
2424
111
8928
78349
68319
46578
109374
53318
2692
4018
2019
2068
122886
134853
115617
4701
5135
3893
3052
52319
6986
3785
121231
4016
6683
2700
27255
2369
4306
4351
4823
4369
4641
3113
71057
4612
4189
3676
8623
2174
5449
55247
100365
45950
106918
8369
37729
94777
1900
1
35957
34162
32892
7478
6016
40148
1955
47099
106473
111624
44191
6281
48711
64957
5349
1131
4388
5377
5481
5812
47465
2012
107649
6953
5909
4911
8636
4467
65514
68954
2968
1199
2085
587
2004
1721
6350
6539
6857
7090
34405
27904
7844
8795
8874
8961
26554
31878
4721
1956
7376
31221
32025
35836
7373
232
1176
5507
1265
5219
3948
5299
60684
4993
3996
2997
47640
6985
7361
44555
3030
5618
5971
82461
104283
69712
6754
8865
36401
104
2502
8528
69526
61024
76251
78209
66934
741
1274
63992
2924
7161
8464
4069
30745
69640
52885
58559
67997
5
186
236
246
300
8972
357
520
529
46970
628
661
904
7458
1242
5445
1376
1517
1635
1639
1801
31658
104841
26662
2082
34321
56367
68358
3301
95441
97938
106696
118997
54290
40614
247
3300
3275
1080
3257
2641
1256
2359
1061
3546
5662
6287
6713
8188
80551
93040
339
78499
90531
95449
95135
94959
94931
91077
90866
90439
88810
90376
90057
89804
89759
89492
89470
95558
96588
96728
96811
97304
97673
97752
97921
97923
98154
98961
99114
99149
101525
101895
102194
103107
89260
88235
69481
72395
78039
74545
74324
73023
72741
72720
72226
88129
72176
72131
72011
71745
71464
71108
78574
78653
79242
80463
80489
81562
4322
81845
81932
82313
82459
82463
83976
85394
86320
86833
87304
103372
103624
105197
140715
146656
144172
143385
142488
141749
140725
140174
105355
139642
139385
137337
134881
134130
133645
148482
148626
155064
156387
158783
160954
161582
163056
163949
164977
164979
138610
47044
66203
82152
111384
111931
132549
132458
131796
114342
105504
106100
106766
106916
106920
107141
107636
111622
112070
112183
112290
112552
112556
112852
114662
128606
115139
115569
115713
116161
116797
117176
123663
123695
127108
127114
127144
127212
128235
128360
70293
81591
67429
49917
46664
5791
46723
47423
47629
5464
48516
48696
67255
48738
5289
5169
48774
49824
50068
45028
51540
52241
52967
53000
3742
53123
3632
3539
3415
3089
2927
2747
2202
2182
45210
42217
6830
8767
6981
6983
7195
7335
7438
8195
8236
6783
8584
8645
8751
8765
6643
8766
25805
41863
6515
25927
26150
26151
31770
34517
6433
37741
5795
38304
39183
40629
40819
41585
1942
1935
1572
58879
55269
55276
55280
55442
55946
56015
56152
56286
56607
56782
56788
56805
57669
58191
60069
1281
60766
61236
61240
61323
61357
63082
63876
64614
64620
64622
64701
64839
66665
67087
55253
55118
55069
59725
1260
1232
1153
946
146501
39421
7155
5984
3707
3176
64969
53894
55063
63131
45720
8533
6942
6863
2942
1088
1028
54272
54286
54513
54881
55052
6874
117533
4011
6218
599
5064
1291
3793
1036
745
3994
111251
96610
96832
44199
132547
8494
96417
95761
5956
103688
103449
858
1042
1120
1200
4121
593
1610
7347
3499
5602
8781
4638
4223
4023
3916
434
3175
3160
494
2985
2600
2329
2273
1617
780
153
2989
377
1954
