4993
8795
5952
7153
2019
1704
47
2330
3246
306
319
364
2677
588
1245
1200
593
1610
4121
1120
1042
858
318
2542
2959
5902
3260
3978
5608
40148
2028
3793
215
4995
5198
4262
3811
4103
8128
3679
4326
1273
5747
3111
1211
1197
1957
1172
4011
924
293
62849
4226
778
1729
1219
1089
3361
3949
88125
2288
1258
27773
27592
1176
111384
121231
1079
130682
48394
2529
1061
1997
48780
79132
66097
74458
1732
60072
26614
50
1291
2004
1517
1635
1639
1801
1956
3114
2012
2396
3751
946
1376
2692
757
2700
3052
914
3113
2369
1242
1358
1259
52885
58559
67997
5
186
1232
1209
1153
954
236
246
300
337
350
357
377
520
529
587
628
661
904
1059
3893
1250
3785
77455
146501
6953
65514
68954
6942
107649
3703
44191
106473
3676
5449
6863
55247
106918
8369
78349
94777
1900
2361
117533
1
2942
1088
1028
6016
4322
47099
31658
6281
4016
5812
4041
541
4306
78499
4351
4369
4641
4701
53318
39421
7155
4823
4890
5135
5984
5349
3707
5377
3176
64969
63131
59725
45720
8533
5481
8636
599
30745
3809
8861
7373
5507
5219
4069
3882
3301
27904
3300
3275
3257
2641
2359
80551
8928
34405
104841
46970
5618
3030
44555
7361
6985
47640
71057
37733
69712
69526
68319
66934
63992
60684
2082
69640
8188
100365
1199
111624
107999
8623
2174
150
45950
4467
37729
35957
34162
32892
7478
1955
2968
4911
8972
6683
7458
5445
608
52319
27255
6986
4612
5909
4189
48711
64957
1131
4388
47465
5971
82461
104283
8464
93040
68358
56367
46578
34321
26662
7161
97938
5299
4973
4018
3948
2424
2068
95441
106696
6754
247
6713
6287
5662
3546
1256
1080
111
109249
40614
54290
134853
118997
115617
1260
1265
232
35836
55820
2924
1274
741
78209
76251
61024
52973
32025
8528
2502
1103
104
36401
8865
2997
3996
6350
6539
6857
7090
7844
8874
8961
26554
31878
33794
1721
122886
4721
7376
31221
109374
339
1272
96610
97921
97752
97673
97304
96832
96811
96728
96588
98154
96417
95761
95558
95449
95135
94969
94959
97923
98961
91077
103449
106766
106100
105504
105355
105197
103688
103624
103372
99114
103107
102469
102194
101895
101525
101285
99149
94931
90866
106920
78653
81845
1281
81591
81562
80489
80463
79242
78574
82313
78039
74545
74324
73023
72741
72720
72395
81932
82459
90531
89260
90439
90376
90057
89804
89759
89492
89470
88810
82463
88235
88129
87304
86833
86320
85394
83976
106916
107141
72176
137337
142488
141749
140725
140715
140174
139642
139385
134881
144172
134859
134130
133771
133645
132800
132549
132547
143385
146656
131796
163949
111931
82152
66203
47044
138610
164979
164977
163056
148482
161582
161336
160954
158783
156387
155064
148626
132458
128606
107636
112515
114342
114254
113064
112852
112556
112552
112550
112290
114662
112183
112070
111622
111505
111251
111249
110871
114459
115139
128512
123695
128360
128235
127212
127206
127144
127114
127108
123663
115569
122882
118880
118700
117176
116797
116161
115713
72226
81786
48774
45028
47629
47423
47274
46723
46664
4928
45210
42217
48696
41997
41863
41585
40819
40629
39183
38304
48516
48738
5464
3947
53000
52967
52579
52281
52241
3742
3789
4327
72131
51540
4437
4712
50068
49917
4763
49824
37741
34517
31770
6874
5289
7438
7335
7243
7195
6983
6981
6830
26366
6783
6643
6515
6433
6229
5956
5795
7792
7926
8125
8154
5169
26151
26150
25927
25805
8767
8766
8765
8751
8645
8584
8494
8236
8207
8195
3671
3634
3632
57669
61323
61240
61236
60766
60069
58879
58191
56805
63082
1572
56788
56782
56607
56286
56152
56015
61357
63876
1935
67665
72011
71745
71464
1283
71108
70293
69481
67429
64614
67255
67087
66665
64839
64701
64622
64620
3629
55946
55442
53894
2857
2920
54272
2927
53953
2936
3022
2730
53123
3089
3384
3415
3498
3539
55363
2747
2202
2178
55280
55276
55269
1942
55253
55118
2109
55069
55063
55052
54881
54513
54286
2182
5791
260
109487
6218
1210
5064
72998
70286
745
3994
135518
44199
68157
27611
153
8781
7347
5602
4638
4223
4023
3916
434
3175
3499
2989
2273
494
780
2985
1617
3160
2329
2600
132046
296
5782
3265
7022
26585
1036
2571
1954
2085
