2396
4103
5747
5198
1273
1211
1172
4326
4262
1197
3111
8128
3679
1957
3811
4890
236
31658
52885
58559
27773
67997
27592
8188
5
186
30745
215
300
246
904
1635
1517
1376
1358
1259
1250
1242
1059
661
6287
628
587
529
520
377
357
350
337
6713
2288
5662
3546
68358
56367
46578
34321
27611
26662
26614
8464
7161
5299
4973
4018
3948
2424
2068
1265
1210
1176
318
72998
93040
95441
247
2529
1801
1729
1256
1219
1089
1080
1079
111
97938
40614
54290
134853
118997
115617
109374
109249
106696
1639
135518
1954
2361
6016
5608
2959
2542
778
1
117533
1900
47099
94777
78349
70286
8369
106918
55247
5449
40148
60072
106473
6942
3707
3176
64969
63131
59725
45720
8533
6863
62849
2942
1997
1088
1028
4322
78499
77455
3676
44191
1956
3113
3978
3893
3785
3751
3361
3260
3114
3052
4041
2700
2692
50
2369
2085
2012
2004
4016
4306
3703
5812
107649
88125
68954
65514
8636
6953
6281
5481
4351
5377
5349
5135
4823
4701
4641
4369
232
47
7155
3257
5507
5219
4069
3882
3809
3301
3300
3275
2641
8861
2359
1732
1061
80551
2082
104841
69640
8972
7373
8928
5445
69526
3030
44555
7361
6985
47640
46970
71057
69712
68319
27904
68157
66934
66097
63992
60684
48394
37733
34405
7458
608
5971
2174
4911
4467
2968
1199
130682
111624
107999
8623
150
47465
100365
45950
37729
35957
34162
32892
7478
1955
5909
296
52319
260
121231
109487
79132
48780
4995
4226
1704
1258
27255
4388
6986
6683
4612
4189
48711
74458
64957
1131
5618
82461
35836
1274
5782
4993
3996
3265
2997
2924
2571
2019
924
5952
741
44199
8781
7347
6218
5602
5064
4638
5902
6350
4121
26585
32025
31221
7376
4721
122886
1721
33794
31878
26554
6539
8961
8874
8795
7844
7153
7090
7022
6857
4223
4023
104283
55820
593
494
434
293
153
78209
76251
61024
52973
780
8528
2502
1103
104
36401
8865
6754
132046
745
858
4011
2985
3994
3949
3916
3793
3499
3175
3160
2989
2600
1036
2329
2273
1617
1610
1291
1200
1120
1042
5984
599
39421
95449
96832
96811
96728
96610
96588
96417
95761
95558
95135
67665
94969
94959
94931
91077
90866
90531
90439
90376
97304
97673
97752
97921
105355
105197
103688
103624
103449
103372
103107
102469
102194
101895
101525
101285
99149
99114
98961
98154
97923
90057
89804
89759
80463
78653
78574
78039
74545
74324
73023
72741
72720
72395
72226
72176
72131
72011
71745
71464
71108
70293
79242
80489
89492
81562
89470
89260
88810
88235
88129
87304
86833
86320
85394
83976
82463
82459
82313
81932
81845
81786
81591
105504
106100
106766
144172
142488
141749
140725
140715
140174
139642
139385
137337
134881
134859
134130
133771
133645
132800
132549
132547
132458
143385
146656
128606
148482
111931
111384
82152
66203
47044
138610
164979
164977
163949
163056
161582
161336
160954
158783
156387
155064
148626
131796
128512
106916
114342
113064
112852
112556
112552
112550
112515
112290
112183
112070
111622
111505
111251
111249
110871
107636
107141
106920
114254
114459
128360
114662
128235
127212
127206
127144
127114
127108
123695
123663
122882
118880
118700
117176
116797
116161
115713
115569
115139
69481
67429
53318
5956
6981
6874
6830
6783
6643
6515
6433
5795
3634
5791
5464
5289
5169
4763
4327
3789
6983
7195
7243
7335
25927
25805
8767
8766
8765
67255
8645
8584
8494
8236
8195
8154
8125
7926
7438
3742
3632
26151
946
1281
1260
1245
1232
1209
1153
954
914
3629
757
146501
588
541
364
319
306
1283
1572
1935
1942
3539
3415
3246
3089
3022
2936
2927
2920
2857
2747
2677
2330
2202
2182
2028
26150
8751
54513
56788
56607
56286
56152
56015
55946
55442
55363
55280
55276
55269
55253
55118
55069
55063
55052
54881
31770
56782
56805
54272
57669
67087
66665
64839
64701
64622
64620
64614
63876
63082
61357
61323
61240
61236
60766
60069
58879
58191
54286
339
50068
45028
46664
42217
46723
41997
47423
47629
48516
48696
53953
41863
48738
48774
49824
49917
45210
51540
40819
34517
37741
38304
53894
39183
40629
53123
53000
52967
52579
52281
52241
41585
2730
8207
3947
2109
7792
1272
47274
2178
6229
3384
3498
4928
4712
4437
3671
26366
