2028
2936
3022
8125
954
541
319
3246
364
306
1245
588
2677
2330
1283
3629
7243
1265
946
4928
4712
6229
2202
6983
7792
4437
26366
50
47274
26614
1954
246
529
1259
8207
904
1272
2178
3498
2109
3384
1942
3671
1935
3632
3089
2927
3947
924
1704
150
608
215
2920
2730
1281
46664
25927
3809
5902
3260
3978
52973
350
4041
1103
33794
4973
52281
41997
4995
7153
5952
1042
1120
858
1610
4121
1200
593
5608
79132
293
55820
48394
109374
3114
3793
3882
37733
5299
8928
5971
1176
109249
2424
46578
111624
60684
55247
34321
8874
118997
2068
31878
63131
7161
4226
6539
115617
1079
46970
94777
56367
64969
1258
6350
4018
6863
1219
1732
66934
47
3052
2085
2012
4701
1956
4641
1242
4823
3113
2700
2004
4351
4369
1376
3361
3751
1517
4306
3785
1635
3893
4016
2692
1801
2369
1232
5135
1572
40148
47099
60072
77455
78499
4322
1028
8533
45720
1
3176
5984
53318
1260
146501
757
914
1153
6016
117533
5349
88125
5377
5481
5812
6281
6953
8636
65514
68954
107649
2361
44191
1209
5449
106918
8369
78349
1900
1059
3676
599
661
34405
80551
1061
2359
2641
3257
3275
3300
3301
4069
5219
5507
7373
27904
63992
104841
66097
69526
69712
71057
47640
6985
7361
44555
3030
5618
82461
104283
6754
2082
69640
36401
5909
7478
32892
34162
35957
37729
45950
100365
2174
8623
1199
2968
4467
4911
47465
8972
4388
1131
64957
48711
4189
4612
6683
6986
27255
121231
52319
5445
7458
8865
104
628
6713
95441
97938
106696
54290
40614
2182
247
1080
1256
2288
3546
5662
6287
8188
68358
27592
30745
31658
52885
58559
67997
5
186
236
357
377
520
587
93040
26662
2502
7022
8528
61024
76251
78209
741
1274
2924
2997
3265
3996
4993
5782
6857
7090
8464
7844
8795
8961
26554
26585
1721
4721
7376
31221
32025
232
318
3948
111
339
2747
96728
97923
97921
97752
97673
97304
96832
96811
96610
98961
96588
96417
95761
95558
95449
95135
94969
98154
99114
94931
103624
106916
106766
106100
105504
105355
105197
103688
103449
99149
103372
103107
102469
102194
101895
101525
101285
94959
91077
107141
79242
81932
81845
81786
81591
81562
80489
80463
78653
82459
78574
78039
74545
74324
73023
72741
72720
82313
82463
90866
89470
90531
90439
90376
90057
89804
89759
89492
89260
2857
88810
88235
88129
87304
86833
86320
85394
106920
107636
72226
139385
143385
142488
141749
140725
140715
140174
139642
137337
146656
134881
134859
134130
133771
133645
132800
132549
144172
148482
132458
164977
111931
111384
82152
66203
47044
138610
164979
163949
148626
163056
161582
161336
160954
158783
156387
155064
132547
131796
110871
112550
114459
114342
114254
113064
112852
112556
112552
112515
115139
112290
112183
112070
111622
111505
111251
111249
114662
115569
128606
127108
128512
128360
128235
127212
127206
127144
127114
123695
115713
123663
122882
118880
118700
117176
116797
116161
72395
83976
72176
40629
45210
45028
42217
41863
41585
40819
39183
8767
38304
37741
34517
31770
26151
26150
46723
47423
47629
48516
48696
48738
48774
49824
49917
50068
72131
52241
52579
52967
53000
53123
53894
25805
8766
54272
5169
6433
5956
5795
5791
5464
5289
4763
8765
4327
3789
3742
3634
3539
3415
6515
6643
6783
6830
6874
6981
7195
7335
7438
7926
8154
8195
8236
8494
8584
8645
8751
53953
51540
55052
55069
64622
60069
64620
64614
58191
63876
63082
55063
61357
61323
55118
60766
55253
55269
61240
55276
55280
55363
61236
55442
55946
56152
56286
54881
54513
67665
57669
72011
71745
71464
56805
56788
71108
70293
64701
69481
67429
67255
56782
67087
58879
66665
56607
64839
54286
56015
72998
70286
135518
2571
134853
68319
109487
27611
107999
122886
132046
2019
27773
130682
74458
35836
62849
48780
106473
3703
8861
6942
1210
4890
2959
1997
4262
1211
4326
3811
1197
1172
5198
2529
5747
4103
8128
1273
1358
3679
1957
300
1250
3111
337
1639
1955
2396
260
59725
2542
3707
68157
39421
7155
1089
1729
778
1088
6218
3949
1291
5064
4011
296
2942
3994
1036
745
44199
8781
434
4638
5602
494
4223
153
2989
4023
780
3160
1617
2273
2329
3916
2600
3499
3175
2985
7347
