858
1200
4121
1610
593
1042
1120
260
1210
3793
745
778
1
1729
78499
2600
2989
3175
2985
494
2329
2273
1617
780
434
153
3499
3160
3916
4223
7347
5602
4638
8781
4023
3114
2959
2542
134853
44199
106473
1036
296
132046
3994
1250
115617
1291
5064
4011
122886
70286
3949
1079
107999
72998
27611
6218
293
109487
68319
2571
135518
661
3703
34405
94777
1732
2019
2068
79132
88125
1059
904
587
628
319
529
520
377
1242
1358
1259
364
1376
1517
1635
1639
1801
1954
1956
2004
2012
2085
306
2369
2396
357
300
337
6287
954
946
914
1080
1089
1219
1256
757
146501
2288
2529
588
3546
5662
6713
53318
8188
27592
27773
30745
31658
541
52885
58559
67997
5
186
215
236
246
2692
5984
39421
4641
3052
3113
44191
3260
3361
3751
3785
3893
3978
4016
4306
4351
4369
4701
3676
4823
4890
5135
5349
5377
5481
107649
5812
6281
6953
8636
65514
68954
2700
5449
7155
4322
3707
3176
64969
63131
59725
45720
8533
6942
6863
2942
1997
1088
1028
77455
55247
62849
60072
47099
40148
6016
5608
117533
2361
1900
78349
8369
106918
111
247
50
40614
80551
3300
3275
3257
2641
2359
1061
2082
4069
104841
69640
8972
7458
5445
52319
3301
5219
54290
66934
47640
46970
71057
69712
69526
68157
66097
5507
63992
60684
48394
27904
8861
7373
121231
48780
4995
100365
1199
130682
111624
8623
2174
150
45950
4226
37729
35957
34162
32892
7478
1955
2968
4467
4911
5909
47465
4388
1131
64957
74458
48711
4189
4612
6683
6986
27255
1258
1704
6985
7361
44555
32025
1176
318
232
1172
47
35836
31221
8961
7376
4721
1721
33794
31878
26585
1265
2424
3948
4018
5299
7161
8464
26614
26662
34321
56367
68358
93040
95441
97938
106696
118997
26554
8874
3030
104
741
78209
76251
61024
8528
2502
36401
8795
8865
6754
104283
82461
5971
5618
924
1274
2924
2997
3265
3996
4993
5782
5902
5952
6350
6539
6857
7022
7090
7153
7844
1153
599
1197
94969
96728
96610
96588
96417
95761
95558
95449
95135
94959
89492
94931
91077
90866
90531
90439
90376
90057
89804
96811
96832
97304
97673
103688
103624
103449
103372
103107
102469
102194
101895
101525
101285
99149
99114
98961
98154
97923
97921
97752
89759
89470
105355
72176
78039
74545
74324
73023
72741
72720
72395
72226
72131
89260
72011
71745
71464
71108
70293
69481
1209
67429
78574
78653
79242
80463
88810
88235
88129
87304
86833
86320
85394
83976
82463
82459
82313
81932
81845
81786
81591
81562
80489
105197
105504
67087
134881
142488
141749
140725
140715
140174
139642
139385
137337
134859
128512
134130
133771
133645
132800
132549
132547
132458
131796
143385
144172
146656
148482
111931
111384
82152
66203
47044
138610
164979
164977
163949
163056
161582
161336
160954
158783
156387
155064
148626
128606
128360
106100
111622
112852
112556
112552
112550
112515
112290
112183
112070
111505
128235
111251
111249
110871
107636
107141
106920
106916
106766
113064
114254
114342
114459
127212
127206
127144
127114
127108
123695
123663
122882
118880
118700
117176
116797
116161
115713
115569
115139
114662
67255
67665
66665
5289
6515
6433
6229
5956
5795
5791
5747
5464
5198
6783
5169
4928
4763
4712
4437
4327
4326
4262
6643
6830
8766
8128
64839
8645
8584
8494
8236
8207
8195
8154
8125
6874
7926
7792
7438
7335
7243
7195
6983
6981
4103
3947
3811
1935
2330
2202
2182
2178
2109
2028
1957
1942
1572
3789
1283
1281
1273
1272
1260
1245
1232
1211
2677
2730
2747
2857
3742
3679
3671
3634
3632
3629
3539
3498
3415
3384
3246
3111
3089
3022
2936
2927
2920
8765
8751
8767
55069
55946
55442
55363
55280
55276
55269
55253
55118
55063
56152
55052
54881
54513
54286
54272
53953
53894
25805
56015
56286
52967
61240
64701
64622
64620
64614
63876
63082
61357
61323
61236
56607
60766
60069
58879
58191
57669
56805
56788
56782
53000
53123
52579
39183
45028
52281
41997
41863
41585
40819
40629
38304
46664
37741
34517
31770
26366
26151
26150
25927
45210
42217
46723
48696
52241
51540
50068
49917
49824
48774
48738
339
47423
48516
47274
47629
109249
109374
46578
8928
4973
3882
37733
55820
3809
4041
52973
350
1103
608
