778
1729
1079
2677
319
306
3246
588
364
2330
1245
2028
1610
1200
1120
4121
1042
858
593
1210
260
26614
50
541
954
357
337
8125
3022
232
318
2959
47
2542
296
2936
215
3793
3629
7243
1283
1250
608
293
109249
107999
132046
1732
3809
3361
88125
5377
47274
2178
6857
3671
3947
4437
4712
4928
1265
4041
6229
1274
741
3384
104283
1103
1080
7792
1259
26366
529
8207
350
1
52885
1272
2109
52973
3498
122886
70286
72998
78499
4973
2730
27773
97938
27611
111384
79132
2288
109487
121231
134853
68319
130682
2571
135518
94777
48394
2529
55820
1061
2068
60072
3703
27592
34405
1997
115617
109374
8928
26662
3882
37733
2019
46578
62849
6350
106473
66097
5618
64957
4995
1089
5299
68157
5971
4226
48780
111624
60684
55247
34321
8874
118997
35836
31878
63131
6539
6942
46970
56367
64969
4018
66934
52319
5445
6016
77455
47099
40148
78209
2082
7458
68954
4823
4890
5135
5349
2641
5481
5812
6281
6953
8636
65514
2359
8972
107649
44191
3676
5449
106918
8369
80551
1900
117533
104841
69640
4322
27255
1028
4911
2968
1199
1153
1172
150
1197
1209
1211
1232
100365
45950
37729
35957
1260
34162
32892
7478
1955
1273
4467
946
8533
5909
45720
59725
3176
3707
4641
5984
6986
6683
7155
39421
4612
4189
48711
1131
4388
146501
47465
757
914
4701
2369
3257
6713
7361
6985
1176
47640
2424
3948
71057
8464
69712
69526
68358
93040
95441
106696
63992
54290
40614
247
1256
3546
5662
44555
3030
32025
2997
61024
8528
2502
104
36401
8865
6754
82461
2924
3996
31221
4993
7090
7844
8795
8961
26554
1721
4721
7376
6287
8188
4369
27904
1801
1954
1956
2004
2012
2085
76251
2396
2692
2700
3052
3113
3114
3300
3751
3785
3893
4016
3275
4306
4351
1639
1635
1517
7373
30745
31658
58559
67997
186
8861
236
246
300
5507
1358
5219
520
4069
628
661
904
1059
1242
3301
1281
599
1572
96610
97921
97752
97673
97304
96832
96811
96728
96588
98154
96417
95761
95558
95449
95135
94969
94959
97923
98961
91077
103449
106766
106100
105504
105355
105197
103688
103624
103372
99114
103107
102469
102194
101895
101525
101285
99149
94931
90866
72176
78653
81845
81786
81591
81562
80489
80463
79242
78574
82313
78039
74545
74324
73023
72741
72720
72395
81932
82459
90531
89260
90439
90376
90057
89804
89759
89492
89470
88810
1935
88235
88129
87304
86833
86320
85394
83976
106916
106920
107141
137337
142488
141749
140725
140715
140174
139642
139385
134881
144172
134859
134130
133771
133645
132800
132549
132547
143385
146656
107636
163949
111931
82152
66203
47044
138610
164979
164977
163056
148482
161582
161336
160954
158783
156387
155064
148626
132458
131796
128606
112515
114459
114342
114254
113064
112852
112556
112550
112290
128512
112183
112070
111622
111505
111251
111249
110871
114662
115139
115569
115713
128360
128235
127212
127206
127144
127114
127108
123695
123663
122882
118880
118700
117176
116797
116161
72226
82463
72131
41585
40629
39183
38304
37741
34517
31770
26151
26150
25927
25805
8767
8766
8765
8751
8645
8584
8494
8236
8195
40819
41863
53123
41997
52967
52579
72011
52241
51540
50068
49917
49824
48774
48738
48696
48516
47629
47423
46723
46664
45210
45028
42217
8154
8128
7926
7438
4103
3811
3789
3742
3679
3634
3632
3539
3415
3111
3089
2927
2920
2857
2747
2202
2182
1957
1942
4262
4326
4327
6515
7335
7195
6983
6981
6874
6830
6783
6643
6433
4763
5956
5795
5791
5747
5464
5289
5198
5169
53000
52281
55442
54881
61357
61323
61240
61236
60766
57669
60069
55063
55069
58879
55118
55253
55269
55276
55280
55363
53894
55946
56015
56152
56286
56607
56782
58191
56788
63082
55052
63876
67255
71745
71464
53953
71108
54272
70293
54286
69481
67665
67429
56805
64701
66665
67087
64614
64620
64839
54513
64622
74458
6863
1704
112552
53318
2174
78349
5608
111
2942
7153
5952
2361
33794
5782
7022
3265
5902
3260
3978
1291
1258
1219
26585
339
1088
587
1376
924
377
6218
7161
4011
3949
5064
5
8623
745
3994
44199
1036
4023
4223
780
8781
494
434
153
1617
2273
2329
2600
2985
7347
2989
3160
3175
5602
3499
4638
3916
