2959
4226
5608
1219
6874
7438
55280
5464
50068
5791
8645
7153
5952
55363
47
55069
55442
296
2692
61240
61236
41997
52281
5618
6350
4993
8795
1250
2396
7361
111
1259
2700
318
8961
4641
1729
778
3949
1704
48394
48780
1258
2019
5902
3260
3978
319
588
306
364
1245
3246
2330
2677
1079
104283
741
52885
1274
6857
2571
1210
68954
2997
3671
3498
8207
3384
5349
2109
7792
1272
4928
1
6016
4712
2178
6229
1639
4437
1358
47274
26366
3947
3114
74458
2529
4890
26662
2028
1089
79132
40614
78499
2361
2542
1732
2730
106473
3809
5782
62849
31658
27773
215
94777
107999
26554
4973
72998
5971
132046
924
26614
50
93040
608
3361
4995
150
260
3030
134853
247
109487
68157
8928
109249
97938
8154
4327
2502
3789
914
1080
529
904
1517
4306
3751
1209
2857
8464
111384
27611
109374
88125
2288
7243
1283
3629
3634
121231
599
115617
70286
135518
1061
46578
27592
2068
4018
954
3022
541
8125
3703
3793
130682
63131
2936
1997
46970
64969
66097
122886
100365
117533
34405
34321
118997
35836
1265
6539
112183
113064
112852
112556
112070
1256
112515
112550
8188
112290
3546
5662
30745
6287
6713
114254
72395
114662
114342
68358
127114
1176
127108
3948
123695
123663
122882
118880
118700
117176
114459
116797
95441
116161
106696
115713
115569
115139
58559
54290
111622
246
67997
186
105504
72226
3113
105355
105197
103688
103624
3785
3893
103449
4016
103372
4351
4369
103107
4701
4823
102469
5135
102194
5377
5481
5812
6281
6953
106100
106766
2369
1059
111505
236
127144
300
337
357
520
111251
628
661
111249
1242
2085
110871
107636
107141
106920
1635
106916
1801
1954
1956
2004
2012
232
4721
127206
5507
164979
164977
163949
163056
161582
161336
160954
158783
52319
156387
5445
7458
8972
69640
104841
2082
80551
155064
2359
3257
3275
3300
3301
148626
4069
138610
27255
6986
2968
1955
7478
32892
34162
35957
37729
45950
111931
82152
111624
1199
4467
6683
4911
5909
47465
66203
4388
1131
64957
47044
48711
4189
4612
5219
8861
32025
148482
134881
134859
134130
133771
2924
133645
3265
3996
132800
132549
132547
132458
131796
128606
7022
7090
128512
7844
128360
128235
127212
26585
65514
7376
31221
137337
139385
78209
142488
27904
146656
60684
144172
69526
69712
71057
47640
6985
143385
44555
141749
76251
140725
82461
140715
140174
6754
8865
36401
104
139642
8528
61024
8636
339
101895
45028
80489
31770
34517
37741
38304
39183
40629
40819
41585
41863
80463
42217
45210
26150
46664
46723
79242
47423
47629
48516
48696
48738
48774
49824
49917
78653
26151
25927
52241
81932
82463
6433
6515
6643
6783
6830
82459
6981
6983
7195
82313
7335
81845
25805
7926
81786
8195
81591
8236
101525
8584
81562
8751
8765
8766
8767
51540
78574
5795
64839
60069
60766
72741
72720
61323
61357
63082
63876
64614
64620
64622
64701
66665
58191
67087
67255
67429
67665
69481
70293
71108
71464
71745
72011
72131
72176
58879
57669
52579
55118
52967
53000
53123
53894
53953
54272
54286
54513
54881
55052
55063
78039
55253
56805
55269
55276
74545
74324
73023
55946
56015
56152
56286
56607
56782
56788
5956
8494
83976
96610
95761
90057
757
89804
3415
89759
146501
96417
96588
96728
3089
53318
39421
7155
5984
3707
45720
1260
2942
1028
946
2927
96811
94959
95135
95449
1232
1281
94969
1572
1935
1942
95558
94931
2920
91077
2182
2202
1153
90866
90531
90439
2747
90376
4322
8533
77455
88129
3742
88810
78349
88235
99149
8369
106918
55247
5449
3676
89260
87304
86833
4763
86320
5169
101285
5289
44191
85394
3539
99114
40148
97304
96832
3632
1900
98961
98154
97923
97921
89492
97752
89470
97673
47099
66934
56367
31878
5299
8874
1042
1610
4121
1200
1120
593
858
33794
37733
4011
55820
68319
3052
6942
52973
4041
1103
350
7373
6863
60072
1088
2424
63992
3994
293
6218
745
112552
1291
59725
107649
1376
5064
1036
7161
44199
5198
5747
1211
1197
3679
3811
4103
2641
8128
1172
3111
1957
4262
4326
1273
8623
377
587
1721
5
3176
8781
7347
153
5602
2985
434
494
780
1617
2273
2329
2600
2989
4638
3160
3175
3499
3916
4023
4223
2174
3882
