2924
3996
7844
7090
7022
3265
31878
5782
4467
1199
2997
2968
1036
65514
26554
26585
7361
8874
93040
3793
1210
2329
3499
780
153
1617
2273
2600
2985
434
3160
3175
2989
494
4023
4223
4638
5602
7347
3916
8781
2571
260
1042
593
858
1610
1120
1200
4121
3679
1197
3811
1211
1957
3111
4262
3022
4103
1273
8128
1172
4326
5349
8125
541
5747
5219
954
5198
2641
44191
132046
44199
2936
47465
4911
3629
7243
1283
8636
3052
5299
3994
745
6539
107999
52885
6857
104283
1274
741
6350
5064
1291
3703
8861
60684
27611
34321
6218
118997
3275
4890
4701
4306
2012
520
5
8961
8623
3949
70286
135518
26662
56367
1250
35836
72998
7161
115617
1265
68319
122886
109487
79132
106473
69640
4011
2068
2396
5618
66934
31658
3751
94777
4018
63131
97938
2028
46970
64969
134853
105504
106696
3114
1028
150
4973
77455
2542
6016
40148
47099
60072
6953
78499
4322
1
78209
27255
2942
8533
45720
6986
778
5812
117533
2361
8972
68954
7458
52319
6281
61024
3676
5449
55247
106918
8369
76251
78349
8528
1900
7376
39421
3176
35957
111624
1272
100365
1281
45950
37729
1572
1935
1942
3707
34162
2109
2178
32892
2182
7478
1955
2202
5909
296
1260
1232
5984
7155
5377
53318
6683
146501
757
914
946
4612
4189
1153
48711
64957
1131
1209
4388
5481
80551
104841
1729
68157
54290
40614
111
247
1080
1089
1256
3546
27904
5662
6287
6713
8188
30745
36401
104
58559
8865
95441
6754
2747
32025
44555
50
232
1176
6985
4721
5971
3948
47640
82461
8464
26614
71057
69712
69526
68358
67997
186
5135
3785
3301
2085
2369
2502
2692
2700
3257
3113
3893
236
4016
2359
4351
4369
4641
31221
4823
2082
2004
1956
1954
1801
246
300
337
357
377
5507
529
587
628
661
904
1242
4069
1259
1358
1635
1639
2730
599
2857
97304
96811
96728
96610
96588
96417
95761
95558
95449
95135
94969
94959
94931
91077
90866
90531
90439
90376
96832
97673
69481
97752
105197
103688
103624
103449
103372
103107
102469
102194
101895
101525
101285
99149
99114
98961
98154
97923
97921
90057
89804
89759
89492
79242
78653
78574
78039
74545
74324
73023
72741
72720
72395
72226
72176
72131
72011
71745
71464
71108
2920
80489
81562
86320
89470
89260
88810
88235
88129
87304
86833
85394
81591
83976
82463
82459
82313
81932
81845
81786
105355
106100
106766
128606
142488
141749
140725
140715
140174
139642
139385
137337
134881
134859
134130
133771
133645
132800
132549
132547
132458
143385
144172
146656
163949
111931
82152
66203
47044
138610
164979
164977
163056
148482
161582
161336
160954
158783
156387
155064
148626
131796
128512
106916
128360
114254
113064
112852
112556
112550
112515
112290
112183
112070
111622
111505
111251
111249
110871
107636
107141
106920
114342
114459
114662
123663
128235
127212
127206
127144
127114
127108
123695
122882
115139
118880
118700
117176
116797
116161
115713
115569
70293
80463
67665
25805
37741
34517
31770
26366
26151
26150
25927
8767
40629
8766
8765
8751
8645
8584
8494
8236
38304
40819
8195
47423
49917
49824
48774
48738
48696
48516
47629
47274
41585
46723
46664
45210
45028
42217
41997
41863
8207
8154
51540
3671
4763
4712
4437
4327
3947
3789
3742
3634
5169
3632
3539
3498
3415
3384
3089
2927
4928
5289
7926
6830
7792
7438
7335
7195
6983
6981
6874
6783
5464
6643
6515
6433
6229
5956
5795
5791
50068
39183
339
58879
63082
55253
61357
61323
55269
61240
61236
60766
55276
60069
55280
55118
58191
55363
55442
57669
56805
56788
56782
55946
56015
56607
63876
64614
56152
54272
52241
52281
52579
67429
67255
52967
53000
53123
53894
53953
67087
64620
54286
66665
54513
54881
55052
64839
64701
55063
55069
64622
56286
6863
293
1088
66097
112552
1997
1219
107649
48394
3030
130682
1258
27592
34405
5608
88125
2288
74458
2529
1061
1732
62849
121231
48780
109374
109249
46578
2174
1517
1376
111384
4226
27773
8928
7373
2959
63992
1079
6942
37733
3882
3361
215
2424
55820
59725
1704
3809
47
1059
1245
588
364
3246
306
2330
3300
2677
319
52973
1103
350
4041
4995
318
1721
608
5445
33794
2019
4993
8795
5902
3260
3978
924
5952
7153
