7153
5952
8795
4993
2019
3260
3978
5902
122886
1210
260
924
1250
107999
4121
593
858
1042
1120
1200
1721
1610
109487
68319
3703
34405
3793
59725
2424
6942
63992
134853
109249
94777
70286
72998
52885
1089
2288
1256
1259
1358
1219
1376
1517
1635
1639
1801
1954
1956
1242
1080
247
111
2004
40614
2012
2085
54290
109374
2369
2396
2692
2529
1059
3546
3052
58559
30745
27773
27592
67997
8188
5
186
215
236
6713
246
300
31658
337
350
357
377
520
529
587
6287
628
661
904
5662
2700
599
3113
40148
306
53318
39421
7155
5984
3707
3176
45720
8533
2942
1997
1088
4322
78499
77455
62849
60072
319
364
541
1209
1281
1273
1272
1260
1245
1232
1211
1197
588
1172
1153
954
946
914
757
146501
47099
6016
3114
5608
5481
5377
5349
5135
4890
4823
4701
4641
4369
4351
4306
4041
4016
97938
3785
3751
3361
5812
6281
6953
55247
1
117533
2361
1900
78349
8369
106918
5449
8636
3676
106473
44191
107649
88125
68954
65514
3893
232
95441
5507
4069
3882
3809
3301
3300
3275
3257
2641
2359
1061
80551
2082
104841
8972
7458
5219
7373
608
8861
3030
44555
7361
6985
47640
71057
69712
69526
68157
66097
60684
48394
37733
27904
8928
5445
52319
93040
4911
2968
1199
130682
111624
8623
2174
150
100365
45950
37729
35957
34162
32892
7478
1955
4467
5909
121231
47465
48780
4995
4226
1704
1258
27255
6986
6683
4612
4189
48711
74458
64957
1131
4388
5618
5971
82461
26554
7844
7090
7022
6857
5782
3996
3265
2997
2924
1274
741
44199
8781
7347
5602
8961
26585
104283
33794
68358
46578
26662
26614
8464
3948
1176
318
1572
50
47
32025
31221
7376
4721
5064
4638
4223
4023
434
293
153
78209
76251
61024
55820
52973
8528
2502
1103
104
36401
8865
6754
494
745
780
3160
4011
3994
3949
3916
3499
3175
2989
1036
2985
2600
2329
2273
1617
1291
1283
339
1935
81932
90057
89804
89759
89492
89470
89260
88810
88235
88129
87304
86833
86320
148482
85394
83976
82463
82459
90376
90439
90531
96417
97673
97304
96832
96811
96728
96610
96588
95761
90866
95558
95449
95135
94969
94959
94931
91077
82313
81845
97921
81786
72131
72011
71745
71464
71108
70293
1942
69481
67665
160954
161336
67429
67255
67087
161582
163056
140725
158783
72176
72226
155064
148626
81591
81562
80489
80463
79242
78653
78574
72395
78039
74545
156387
74324
73023
72741
72720
97752
97923
64701
114459
127212
127206
127144
127114
143385
127108
123695
123663
122882
118880
118700
117176
116797
116161
115713
115569
115139
142488
128235
128360
133771
140174
139642
139385
137337
134881
134859
134130
133645
128512
132800
132549
141749
132547
132458
131796
128606
114662
114342
98154
114254
106100
146656
105355
105197
103688
103624
103449
103372
103107
102469
102194
101895
101525
101285
99149
99114
98961
144172
106766
106916
112183
113064
112852
112556
112552
112550
112515
112290
112070
106920
111622
111505
111251
111249
110871
107636
107141
64839
66665
64622
6983
6874
6830
6783
6643
6515
6433
6229
5956
5795
5791
5747
5464
47044
66203
82152
5289
5198
6981
7195
4928
7243
8767
8766
8765
8751
8645
8584
8494
8236
8207
8195
8154
8128
8125
7926
7792
7438
7335
5169
4763
25927
3384
3111
3089
3022
2936
2927
2920
2857
2747
2730
2677
2330
2202
2182
2178
2109
2028
1957
3246
3415
4712
3498
4437
4327
4326
111384
4262
4103
3947
3811
3789
3742
3679
111931
3671
3634
3632
3629
3539
64620
25805
26150
55276
56286
56152
56015
55946
55442
55363
55280
55269
56782
55253
55118
55069
55063
55052
54881
26151
56607
56788
54272
61240
64614
163949
63876
63082
164977
61357
61323
61236
56805
60766
164979
60069
58879
58191
57669
138610
54286
54513
47423
41863
53953
47274
46723
46664
45210
45028
42217
41997
41585
48516
40819
40629
39183
38304
37741
34517
31770
26366
47629
140715
48696
51540
53894
53123
53000
52967
52579
52241
52281
50068
49917
49824
48774
48738
66934
2068
6863
4018
6350
115617
64969
56367
6218
46970
4973
135518
7161
1265
1028
63131
31878
1732
35836
27611
118997
8874
34321
106696
105504
296
1079
132046
5299
2542
79132
2959
1729
778
69640
2571
6539
