111
337
1358
6983
3632
3089
2927
2202
946
1942
1935
2920
1281
25927
46664
2936
2361
1042
1610
858
4121
593
1120
1200
293
1258
3793
60072
26614
50
2330
588
3246
2677
1245
364
319
306
8781
2600
7347
5602
4638
4223
153
4023
780
2989
494
2329
2273
3916
434
1617
3499
3175
3160
2985
2028
215
44199
1036
3994
745
5064
1291
4011
3949
6218
54290
115617
106696
109249
8188
6713
6287
109374
5662
3546
40614
2529
2288
1256
27592
1219
118997
1080
247
134853
300
31658
27773
30745
236
350
357
377
520
529
587
628
661
904
1059
1242
1250
1259
1376
186
1517
1635
1639
1801
5
67997
58559
52885
246
135518
1956
1954
78349
40148
6016
5608
1
117533
1900
94777
70286
95441
8369
106918
55247
5449
3676
106473
44191
47099
62849
77455
78499
5984
3707
3176
64969
63131
59725
45720
8533
6942
6863
2942
1997
1088
1028
4322
3703
107649
88125
4016
3893
3785
3751
3361
3260
3114
3113
3052
2700
2692
2396
2369
2085
2012
2004
3978
4041
68954
4306
65514
8636
6953
6281
5812
5481
5377
5349
5135
4890
4823
4701
4641
4369
4351
97938
318
93040
1061
3809
3301
3300
3275
3257
2641
2359
80551
121231
2082
104841
69640
8972
7458
5445
608
3882
4069
5219
5507
71057
69712
69526
68319
66934
66097
63992
60684
48394
37733
34405
27904
8928
8861
7373
52319
109487
72998
150
2968
1199
130682
111624
107999
8623
2174
100365
79132
45950
37729
35957
34162
32892
7478
1955
4467
4911
5909
47465
48780
4995
4226
1704
260
27255
6986
6683
4612
4189
48711
74458
64957
1131
4388
46970
47640
6985
1721
47
35836
32025
31221
7376
4721
122886
33794
7361
31878
26585
26554
8961
8874
8795
7844
232
39421
1176
1210
68358
56367
46578
34321
27611
26662
8464
7161
5299
4973
4018
3948
2424
2068
1265
7153
7090
7022
61024
52973
8528
2502
1103
104
36401
8865
6754
132046
104283
82461
5971
5618
3030
44555
55820
76251
6857
78209
6539
6350
5952
5902
5782
4993
3996
3265
2997
2924
2571
2019
1274
924
741
7155
599
53318
97673
96832
96811
96728
96610
96588
96417
95761
95558
95449
95135
94969
94959
94931
91077
90866
90531
90439
97304
97752
90057
97921
105355
105197
103688
103624
103449
103372
103107
102469
102194
101895
101525
101285
99149
99114
98961
98154
97923
90376
89804
106100
80489
79242
78653
78574
78039
74545
74324
73023
72741
72720
72395
72226
72176
72131
72011
71745
71464
71108
80463
81562
89759
81591
89492
89470
89260
88810
88235
88129
87304
86833
86320
85394
83976
82463
82459
82313
81932
81845
81786
105504
106766
69481
144172
142488
141749
140725
140715
140174
139642
139385
137337
134881
134859
134130
133771
133645
132800
132549
132547
132458
143385
146656
128606
148482
111931
111384
82152
66203
47044
138610
164979
164977
163949
163056
161582
161336
160954
158783
156387
155064
148626
131796
128512
106916
114342
113064
112852
112556
112552
112550
112515
112290
112183
112070
111622
111505
111251
111249
110871
107636
107141
106920
114254
114459
128360
114662
128235
127212
127206
127144
127114
127108
123695
123663
122882
118880
118700
117176
116797
116161
115713
115569
115139
541
70293
67665
4327
6830
6783
6643
6515
6433
6229
5956
5795
5791
5747
5464
5289
5198
5169
4928
4763
4712
6874
6981
7195
8207
67429
8765
8751
8645
8584
8494
8236
8195
7243
8154
8128
8125
7926
7792
7438
7335
4437
4326
25805
4262
2109
1957
1572
1283
1273
1272
1260
1232
1211
1209
1197
1172
1153
954
914
757
146501
2178
2182
2730
3634
4103
3947
3811
3789
3742
3679
3671
3629
2747
3539
3498
3415
3384
3111
3022
2857
8767
8766
26150
56805
56782
56607
56286
56152
56015
55946
55442
55363
55280
55276
55269
55253
55118
55069
55063
55052
54881
56788
57669
54513
58191
67255
67087
66665
64839
64701
64622
64620
64614
63876
63082
61357
61323
61240
61236
60766
60069
58879
26151
339
48696
40629
38304
48738
54286
39183
48516
47629
47423
47274
46723
45210
45028
42217
41997
41863
41585
37741
34517
48774
49824
54272
26366
53953
53894
31770
53123
53000
52967
52579
52281
52241
51540
50068
49917
40819
68157
1089
1732
1079
2542
296
2959
778
1729
