2542
40148
1729
778
1089
2924
3996
7090
7844
62849
3265
7022
1079
2959
4011
296
31878
65514
593
858
1042
1120
1200
1610
4121
1732
8188
3114
3113
3052
6713
5
27592
2700
3361
27773
2692
30745
3260
3546
6287
5662
3751
52885
3785
3893
3978
4016
2529
2288
4041
4306
31658
2396
186
357
661
628
587
529
520
377
350
58559
337
300
246
67997
236
215
904
1059
1242
1259
1358
1376
1517
1635
1639
1801
1954
4641
1956
2004
2012
2085
2369
4351
599
4701
364
954
946
914
757
146501
588
541
319
1172
306
53318
39421
7155
5984
3707
3176
1153
1197
63131
1572
2182
2178
2109
2028
1957
1942
1935
1283
1209
1281
1273
1272
1260
1245
1232
1211
64969
59725
4823
68954
55247
5449
3676
106473
44191
107649
88125
8636
8369
6953
6281
5812
5481
5377
5135
4890
106918
78349
45720
4322
8533
6942
6863
2942
1997
1088
1028
78499
1900
77455
60072
47099
6016
1
117533
2361
5349
118997
1256
7373
5219
4069
3882
3809
3301
3300
3275
3257
2641
2359
1061
80551
2082
104841
69640
5507
8861
3030
8928
7361
6985
47640
46970
71057
69712
69526
68157
66934
66097
63992
60684
48394
37733
27904
8972
7458
5445
608
2968
1199
130682
111624
8623
2174
150
100365
45950
37729
35957
34162
32892
7478
1955
4467
4911
5909
6683
52319
121231
48780
4995
27255
6986
4612
47465
4189
48711
74458
64957
1131
4388
44555
5618
1080
26662
8464
7161
5299
4973
4018
3948
2424
2068
1265
1176
318
232
50
35836
32025
26614
34321
5971
46578
247
111
40614
54290
134853
2330
115617
109374
109249
106696
97938
95441
93040
68358
56367
31221
7376
4721
1721
741
78209
76251
61024
55820
52973
8528
2502
1103
104
36401
8865
6754
104283
82461
924
1274
2019
7153
33794
26585
26554
8961
8874
8795
6857
2997
6539
6350
5952
5902
5782
4993
2202
339
2677
90866
97921
97752
97673
97304
96832
96811
96728
96610
96588
96417
95761
95558
95449
95135
94969
94959
94931
97923
98154
98961
103449
106766
106100
105504
105355
105197
103688
103624
103372
99114
103107
102469
102194
101895
101525
101285
99149
91077
90531
72011
90439
81786
81591
81562
80489
80463
79242
78653
78574
78039
74545
74324
73023
72741
72720
72395
72226
72176
81845
81932
2730
88810
90376
90057
89804
89759
89492
89470
89260
88235
82459
88129
87304
86833
86320
85394
83976
82463
106916
106920
107141
107636
143385
142488
141749
140725
140715
140174
139642
139385
137337
134881
134859
134130
133771
133645
132800
132549
132547
144172
146656
148482
164977
111931
111384
82152
66203
47044
138610
164979
163949
148626
163056
161582
161336
160954
158783
156387
155064
132458
131796
128606
112515
114342
114254
113064
112852
112556
112552
112550
112290
114662
112183
112070
111622
111505
111251
111249
110871
114459
115139
128512
123695
128360
128235
127212
127206
127144
127114
127108
123663
115569
122882
118880
118700
117176
116797
116161
115713
72131
82313
71745
5795
5289
47274
5464
5747
71464
5791
46723
46664
6830
45210
45028
42217
41997
41863
41585
40819
47423
5198
47629
48516
3742
3789
3811
3947
4103
4262
4326
4327
4437
4712
4763
4928
48738
5169
48696
40629
39183
5956
8494
6643
8207
8195
8154
8128
6783
8125
7926
7792
7438
7335
7243
7195
6983
6981
8236
8584
38304
6515
37741
34517
31770
26366
26151
26150
25927
25805
8767
8766
8765
6229
8751
6433
8645
3679
48774
3671
58191
61323
61240
61236
60766
60069
58879
2927
57669
49824
56805
56788
2936
56782
56607
56286
56152
61357
63082
63876
64614
71108
70293
69481
2747
67665
67429
67255
67087
2857
66665
64839
64701
64622
2920
64620
56015
3022
55946
49917
52967
52579
52281
3111
52241
51540
50068
3246
53123
3384
3415
3498
3539
3629
3632
3634
53000
53894
55442
55118
55363
55280
55276
55269
3089
55253
55069
55063
55052
54881
54513
54286
54272
53953
6874
79132
3703
135518
2571
68319
1258
109487
27611
94777
47
34405
260
107999
122886
72998
70286
1704
132046
4226
1219
1250
293
6218
3793
5608
1291
5064
745
3994
1036
44199
1210
3949
2600
153
434
494
780
8781
7347
5602
1617
2985
4638
4223
4023
3916
2273
3499
3175
2329
2989
3160
4369
