247
27592
27904
5618
60684
27773
135518
215
350
337
300
246
236
5
186
377
67997
58559
52885
31658
30745
8188
357
520
6287
529
2004
1956
1954
1801
1639
1635
1517
1376
1358
1259
1250
1242
1059
904
661
628
587
6713
5662
2085
7161
68358
56367
46578
34321
27611
26662
26614
8464
5299
3546
4973
4018
3948
2424
2068
1265
1210
1176
72998
93040
95441
97938
2529
2288
1729
1256
1219
1089
1080
1079
111
40614
54290
134853
118997
115617
109374
109249
106696
2012
2396
2369
6016
1028
4322
78499
77455
62849
60072
47099
40148
5608
232
2959
2542
778
1
117533
2361
1900
94777
1088
1997
2942
6863
588
541
364
319
306
53318
39421
7155
5984
3707
3176
64969
63131
59725
45720
8533
6942
78349
70286
8369
4823
4641
4369
4351
4306
4041
4016
3978
3893
3785
3751
3361
3260
3114
3113
3052
2700
2692
4701
4890
106918
5135
55247
5449
3676
106473
44191
3703
107649
88125
68954
65514
8636
6953
6281
5812
5481
5377
5349
318
47
50
3301
8928
8861
7373
5507
5219
4069
3882
3809
3300
757
3275
3257
2641
2359
1732
1061
80551
2082
34405
37733
48394
63992
132046
104283
82461
5971
3030
44555
7361
6985
47640
46970
71057
69712
69526
68319
68157
66934
66097
104841
69640
8972
64957
4388
296
5909
130682
111624
107999
8623
2174
150
100365
45950
37729
35957
34162
32892
7478
1955
1131
74458
7458
48711
5445
608
52319
121231
109487
79132
48780
4995
4226
1704
1258
260
27255
6986
6683
4612
4189
6754
8865
36401
6539
5952
5902
5782
4993
3996
3265
2997
2924
2571
2019
1274
924
741
44199
8781
7347
6218
6350
6857
5064
7022
35836
32025
31221
7376
4721
122886
1721
33794
31878
26585
26554
8961
8874
8795
7844
7153
7090
5602
4638
104
1120
1036
858
780
745
593
494
434
293
153
78209
76251
61024
55820
52973
8528
2502
1103
1042
1200
4223
1291
4121
4023
4011
3994
3949
3916
3793
3499
3175
3160
2989
2985
2600
2329
2273
1617
1610
146501
339
67429
95761
95449
95135
94969
94959
94931
91077
90866
90531
90439
90376
90057
89804
89759
89492
89470
89260
88810
95558
96417
88129
96588
102194
101895
101525
101285
99149
99114
98961
98154
97923
97921
97752
97673
97304
96832
96811
96728
96610
88235
87304
103107
73023
72720
72395
72226
72176
72131
72011
71745
71464
71108
70293
69481
67665
946
67255
67087
66665
64839
72741
74324
86833
74545
86320
85394
83976
82463
82459
82313
81932
81845
81786
81591
81562
80489
80463
79242
78653
78574
78039
102469
103372
161336
139385
134881
134859
134130
133771
133645
132800
132549
132547
132458
131796
128606
128512
128360
128235
127212
127206
127144
137337
139642
127108
140174
158783
161582
163056
163949
164977
156387
164979
155064
148626
148482
146656
144172
143385
142488
141749
140725
140715
127114
123695
103449
112290
112070
111622
111505
111251
111249
110871
107636
107141
106920
106916
106766
106100
105504
105355
105197
103688
103624
112183
112515
123663
112550
122882
118880
118700
117176
116797
116161
115713
115569
115139
114662
114459
114342
114254
113064
112852
112556
112552
64701
64622
64620
5791
5464
5289
5198
5169
4928
4763
4712
4437
47044
4326
4262
4103
3947
3811
66203
3742
3679
5747
5795
82152
5956
8128
8125
7926
7792
7438
7335
7243
7195
6983
6981
6874
6830
6783
6643
6515
6433
6229
3671
3632
64614
2109
1957
1942
1935
1572
1283
1281
1273
1272
1260
1245
1232
1211
111931
1197
1172
1153
954
2028
2178
3629
2182
3539
3498
3415
3384
3246
3111
3089
3022
2936
2927
2920
111384
2747
2730
2677
2330
2202
138610
8195
8207
55442
55280
55276
55269
55253
55118
55069
55063
55052
54881
54513
54286
54272
53953
53894
53123
53000
52967
55363
55946
8236
56015
63876
63082
61357
61323
61240
61236
60766
60069
58879
58191
57669
56805
56788
56782
56607
56286
56152
52579
52281
52241
51540
39183
38304
37741
34517
31770
26366
26151
26150
25927
25805
8767
8766
8765
8751
8645
8584
8494
40629
40819
41585
47629
50068
49917
49824
48774
48738
48696
48516
47423
41863
47274
46723
46664
45210
45028
42217
41997
160954
599
3634
8154
4327
3789
2857
1209
914
1199
4467
4911
47465
2968
