4226
2959
4011
2542
1089
62849
1210
5608
48780
4993
4641
8795
2502
318
74458
5299
2529
40614
1291
3994
7153
5952
40148
2019
778
1729
79132
47
1219
72998
7161
3949
4995
296
27773
2692
1704
115617
68157
4973
8874
1250
132046
3361
1079
260
5449
104
6287
1732
34321
2571
118997
1258
46578
94777
70286
35836
1265
2068
122886
111384
6539
56367
27611
121231
107999
63131
1
4369
4306
26614
3948
50
2012
1061
109487
135518
34405
78499
46970
6218
68319
6350
64969
66934
6863
293
608
3809
109249
2361
111624
8928
53318
5971
109374
93040
111
64957
6942
529
4041
4016
520
1376
587
628
661
3978
1059
3113
1242
1259
1358
2396
3260
1517
3052
3893
1639
3785
3114
1801
1954
1956
2004
2700
2085
2369
1635
107649
4351
954
3176
3707
5984
7155
39421
306
319
364
541
588
146501
757
914
946
1153
45720
1172
1197
1209
1211
1232
1245
1260
1272
1273
1281
1283
1572
1935
1942
59725
8533
4701
106473
4823
4890
5135
5349
5377
5481
5812
6281
6953
8636
68954
88125
357
44191
3676
2942
55247
106918
8369
78349
1900
117533
6016
47099
60072
77455
4322
1028
1088
1997
377
97938
350
8972
104841
2082
80551
2359
2641
3257
3275
3300
3301
3882
4069
5219
5507
7373
8861
27904
37733
48394
60684
63992
66097
69526
69712
71057
47640
6985
7361
69640
7458
337
5445
1955
7478
32892
34162
35957
37729
45950
100365
150
2174
8623
130682
1199
2968
4467
4911
5909
47465
4388
1131
48711
4189
4612
6683
6986
27255
52319
44555
3030
5618
82461
8464
26662
68358
95441
2028
106696
54290
247
1080
1256
2288
3546
5662
6713
8188
27592
30745
31658
52885
58559
67997
5
186
215
236
246
300
2424
1176
232
924
104283
6754
8865
36401
1103
8528
52973
55820
61024
76251
78209
741
1274
32025
2997
5782
5902
6857
8961
26554
26585
33794
1721
4721
7376
31221
1957
599
2109
90439
97673
97304
96832
96811
96728
96610
96588
96417
95761
95558
95449
95135
94969
94959
94931
91077
90866
97752
97921
97923
103107
105504
105355
105197
103688
103624
103449
103372
102469
98154
102194
101895
101525
101285
99149
99114
98961
90531
90376
106766
90057
81562
80489
80463
79242
78653
78574
78039
74545
74324
73023
72741
72720
72395
72226
72176
72131
72011
2178
81786
81845
88129
89804
89759
89492
89470
89260
88810
88235
87304
81932
86833
86320
85394
83976
82463
82459
82313
106100
106916
71464
128606
142488
141749
140725
140715
140174
139642
139385
137337
134881
134859
134130
133771
133645
132800
132549
132547
132458
143385
144172
146656
163949
111931
82152
66203
47044
138610
164979
164977
163056
148482
161582
161336
160954
158783
156387
155064
148626
131796
128512
106920
128360
114254
113064
112852
112556
112552
112550
112515
112290
112183
112070
111622
111505
111251
111249
110871
107636
107141
114342
114459
114662
123663
128235
127212
127206
127144
127114
127108
123695
122882
115139
118880
118700
117176
116797
116161
115713
115569
71745
81591
71108
25927
8767
8766
8765
8751
8645
8584
8494
8236
8207
8195
8154
8128
8125
7926
7792
7438
7335
7243
7195
6983
6981
25805
26150
6830
26151
48696
48516
47629
47423
47274
46723
46664
45210
45028
42217
41997
41863
41585
40819
40629
39183
38304
37741
34517
31770
26366
6874
6783
48774
3679
3634
3632
3629
3539
3498
3415
3384
3246
3111
3089
3022
2936
2927
2920
2857
2747
2730
2677
2330
2202
2182
3671
3742
6643
3789
6515
6433
6229
5956
5795
5791
5747
5464
5289
5198
5169
4928
4763
4712
4437
4327
4326
4262
4103
3947
3811
70293
48738
54286
55280
56788
56782
56607
56286
56152
56015
55946
55442
55363
55276
53953
55269
55253
55118
55069
55063
55052
54881
54513
49824
56805
57669
58191
58879
69481
67665
67429
67255
67087
66665
64839
64701
64622
64620
64614
63876
63082
61357
61323
61240
61236
60766
60069
54272
339
50068
52241
51540
53894
53123
53000
52967
52579
52281
49917
3703
5064
745
1036
44199
2985
3160
3175
2989
1617
2600
2329
2273
3916
780
494
434
3499
153
8781
4023
4223
4638
5602
7347
134853
31878
3751
3793
65514
7022
3265
593
858
1200
1042
1120
1610
4121
4018
7844
7090
3996
2924
904
