4121
1610
1042
1120
593
1200
858
3793
1259
30745
31658
52885
246
67997
5
186
215
27773
236
27592
8188
6713
58559
300
5662
904
1639
1635
1517
1376
1358
1242
1059
661
337
628
587
529
520
377
357
350
6287
135518
1954
7161
68358
56367
46578
34321
27611
26662
26614
8464
5299
93040
4973
4018
3948
2424
2068
1265
1176
318
72998
95441
3546
247
2529
2288
1729
1256
1219
1089
1080
1079
111
97938
40614
54290
134853
118997
115617
109374
109249
106696
1801
1956
50
2959
78499
77455
62849
60072
47099
40148
6016
5608
2542
1028
778
1
117533
2361
1900
94777
78349
70286
4322
1088
106918
3707
541
364
319
306
53318
39421
7155
5984
3176
1997
64969
63131
59725
45720
8533
6942
6863
2942
8369
55247
2004
3260
4306
4041
4016
3978
3893
3785
3751
3361
3114
4369
3113
3052
2700
2692
2396
2369
2085
2012
4351
4641
5449
8636
3676
106473
44191
3703
107649
88125
68954
65514
6953
4701
6281
5812
5481
5377
5349
5135
4890
4823
232
7376
47
5219
3882
3809
3301
3300
3275
3257
2641
2359
1732
1061
80551
2082
104841
69640
8972
7458
5445
4069
5507
52319
7373
47640
46970
71057
69712
69526
68319
68157
66934
66097
63992
60684
48394
37733
34405
27904
8928
8861
608
121231
7361
5909
4467
2968
1199
130682
111624
107999
8623
2174
150
100365
45950
37729
35957
34162
32892
7478
1955
4911
47465
109487
296
79132
48780
4995
4226
1704
1258
260
27255
6986
6683
4612
4189
48711
74458
64957
1131
4388
6985
44555
35836
6350
5902
5782
4993
3996
3265
2997
2924
2571
2019
1274
924
741
44199
8781
7347
6218
5602
5952
6539
4638
6857
32025
31221
146501
4721
122886
1721
33794
31878
26585
26554
8961
8874
8795
7844
7153
7090
7022
5064
4223
3030
293
78209
76251
61024
55820
52973
8528
2502
1103
104
36401
8865
6754
132046
104283
82461
5971
5618
153
434
4023
494
4011
3994
3949
3916
3499
3175
3160
2989
2985
2600
2329
2273
1617
1291
1036
780
745
588
599
757
94959
96610
96588
96417
95761
95558
95449
95135
94969
94931
96811
91077
90866
90531
90439
90376
90057
89804
89759
96728
96832
66665
101525
103688
103624
103449
103372
103107
102469
102194
101895
101285
97304
99149
99114
98961
98154
97923
97921
97752
97673
89492
89470
89260
72131
74545
74324
73023
72741
72720
72395
72226
72176
72011
88810
71745
71464
71108
70293
69481
67665
67429
67255
78039
78574
78653
79242
88235
88129
87304
86833
86320
85394
83976
82463
82459
82313
81932
81845
81786
81591
81562
80489
80463
105197
105355
105504
134881
142488
141749
140725
140715
140174
139642
139385
137337
134859
128512
134130
133771
133645
132800
132549
132547
132458
131796
143385
144172
146656
148482
111931
111384
82152
66203
47044
138610
164979
164977
163949
163056
161582
161336
160954
158783
156387
155064
148626
128606
128360
106100
111622
112852
112556
112552
112550
112515
112290
112183
112070
111505
128235
111251
111249
110871
107636
107141
106920
106916
106766
113064
114254
114342
114459
127212
127206
127144
127114
127108
123695
123663
122882
118880
118700
117176
116797
116161
115713
115569
115139
114662
67087
64839
914
4437
5747
5464
5289
5198
5169
4928
4763
4712
4327
5795
4326
4262
4103
3947
3811
3789
3742
3679
5791
5956
64701
7243
8195
8154
8128
8125
7926
7792
7438
7335
7195
6229
6983
6981
6874
6830
6783
6643
6515
6433
3671
3634
3632
1260
1957
1942
1935
1572
1283
1281
1273
1272
1245
3629
1232
1211
1209
1197
1172
1153
954
946
2028
2109
2178
2182
3539
3498
3415
3384
3246
3111
3089
3022
2936
2927
2920
2857
2747
2730
2677
2330
2202
8207
8236
8494
55069
55946
55442
55363
55280
55276
55269
55253
55118
55063
8584
55052
54881
54513
54286
54272
53953
53894
53123
56015
56152
56286
56607
64622
64620
64614
63876
63082
61357
61323
61240
61236
60766
60069
58879
58191
57669
56805
56788
56782
53000
52967
52579
41863
40819
40629
39183
38304
37741
34517
31770
26366
26151
26150
25927
25805
8767
8766
8765
8751
8645
52281
41585
41997
42217
52241
51540
50068
49917
49824
48774
48738
48696
48516
47629
47423
47274
46723
46664
45210
45028
339
1210
1250
