318
260
5618
5971
2959
5198
3679
4103
3111
4262
4326
58559
3811
8128
1273
1172
5747
1197
1211
1957
778
1729
112852
112183
115569
114342
114662
111622
117176
116797
116161
112290
112556
5608
4226
112515
118880
118700
3361
3030
47
296
111251
79132
2529
2542
1219
48780
27773
111384
1732
1704
121231
68157
62849
78574
78039
79242
74545
74324
80463
80489
81562
82463
82459
81591
81845
67255
81932
1061
74458
112552
2109
3671
3947
3498
3384
2178
4437
1080
1259
7792
26366
1272
3114
8207
4712
4928
6229
4306
4016
47274
66934
2068
1258
117533
4995
2019
1210
1079
2730
78499
1265
1089
122886
34405
77455
150
4388
4973
109487
68319
134853
115617
3703
2571
52319
132046
2288
88125
118997
60684
7458
2424
2361
5299
27592
97938
67997
72720
71108
66665
67087
69481
70293
71464
72395
78653
72011
72131
72226
73023
71745
53318
27611
130682
70286
67665
63131
69712
31658
34321
1997
135518
7161
111
1176
35836
46970
66097
8874
64969
106696
6539
4018
6863
31878
1028
56367
3257
8636
80551
2641
65514
2359
69640
2082
104841
8972
5445
27255
107649
6986
6683
4612
44191
3676
6953
7153
6281
4369
5219
3785
3893
4069
3978
3882
4041
3301
4351
4641
3275
4701
4823
4890
5135
5349
3300
5377
5481
5449
5812
48711
55247
60072
45950
37729
35957
34162
4322
1088
32892
7376
7478
1955
2942
6942
8533
45720
59725
31221
3176
3707
5984
100365
47099
4189
2174
106918
5507
8369
1131
1721
78349
1900
47465
5909
1
4911
4467
2968
1199
4721
6016
111624
8623
40148
3751
3052
7373
26585
8961
26554
68358
95441
2502
1103
104
36401
54290
8865
3260
6754
82461
44555
1256
7361
6985
47640
3546
5662
26614
8464
8528
52973
50
7022
5952
5902
5782
4993
3996
7844
232
3265
2997
2924
924
8795
7155
78209
76251
55820
3948
6287
6713
8188
1250
1358
1376
1517
1635
1639
1801
1954
37733
1956
32025
2012
2085
2369
2396
2692
2700
7090
3113
8861
63992
1242
71057
1059
30745
33794
69526
5
186
215
236
246
300
337
350
357
377
520
529
587
628
661
904
2004
599
39421
90531
91077
94931
94959
94969
95135
95449
95558
95761
96417
96588
96610
96728
96811
96832
97304
97752
97921
97923
98154
98961
99114
99149
101285
101525
102469
103449
103688
90866
90439
55253
90376
55276
55946
56015
56152
56286
56607
56782
56788
56805
72176
72741
81786
82313
83976
85394
86320
306
87304
88129
88235
88810
89260
89470
89492
89759
89804
90057
107636
110871
111249
111505
139385
139642
140174
140715
140725
141749
142488
143385
144172
146656
148482
148626
155064
156387
158783
160954
161336
161582
163056
163949
164977
164979
138610
47044
66203
82152
111931
137337
134881
134859
127144
112070
112550
113064
114254
114459
115139
115713
122882
123663
123695
127108
127114
127206
134130
127212
128235
128360
128512
128606
131796
132458
132547
132549
132800
133645
133771
55269
86833
55118
31770
6981
6830
6783
6643
6515
6433
5956
5795
5289
5169
4763
4327
3789
3742
3634
6983
7195
7243
8751
26150
25927
25805
8767
8766
8765
8584
7335
8494
8236
8195
8154
8125
7926
3632
3629
3539
946
1260
1245
1232
1209
1153
954
914
1283
757
146501
588
541
364
319
1281
1572
3415
2857
3246
3089
3022
2936
2927
2920
2747
1935
2677
2330
2202
2182
2028
1942
26151
339
37741
34517
38304
39183
53123
40629
40819
41585
41863
42217
45028
53000
52967
52579
45210
52241
51540
49917
46664
49824
46723
47423
47629
48516
48696
48774
48738
54513
55052
54881
54286
54272
53953
53894
109249
94777
46578
1610
4121
1120
1200
593
1042
858
8928
48394
6350
64957
3949
68954
247
4011
608
40614
52281
41997
106473
93040
55069
55442
55363
107999
6218
293
5791
50068
5464
7438
6874
55280
8645
3793
72998
3809
745
61024
105504
5064
1291
26662
1036
44199
3994
52885
741
6857
104283
1274
109374
61236
61240
2989
2600
2329
2273
1617
780
494
434
3160
153
2985
4023
8781
7347
5602
4638
3175
4223
3499
3916
64839
57669
58191
58879
55063
60766
60069
64701
61323
61357
63082
63876
67429
64620
64622
64614
106920
107141
97673
101895
102194
103107
103372
103624
105197
105355
106100
106766
106916
27904
