858
1120
4121
1610
1200
593
1042
2959
3793
62849
2542
55069
55442
40148
26614
50
5747
4326
55280
5198
5464
50068
5791
8645
4103
7438
8128
4262
6874
3811
1211
1273
3679
1957
3111
1197
1172
4011
48774
48738
48696
49824
48516
47629
49917
46723
45210
45028
41863
47423
47
4226
46970
778
1729
3265
7022
34405
1210
296
5608
55363
58559
44191
318
41997
52281
1704
55052
54286
54513
54881
55253
55276
56286
55118
53894
55269
54272
51540
53123
52967
52241
56782
56805
56607
56788
56152
53000
61240
61236
2529
27611
6539
31878
2571
924
8874
74458
26585
132046
79132
48780
4995
33794
5299
72998
1089
2924
3996
7090
7844
6863
293
48394
3275
8464
47044
34162
1
4369
4306
5349
1517
44555
1265
5782
70286
5902
3978
3260
1219
4973
94777
40614
27773
47099
78499
115617
1250
68954
34321
1079
2068
56367
1199
260
118997
7153
5952
69640
35836
55820
63131
135518
60684
2028
65514
60072
3030
7161
3361
1258
3948
5377
2012
3052
8961
35957
7376
6754
1259
46578
134853
1732
55247
3246
2330
2677
1245
364
306
319
588
68157
3629
7243
1283
6350
64969
5449
6287
104
109487
8861
88125
2288
4018
111384
121231
954
3022
8125
541
100365
117533
27592
1061
122886
215
1176
3809
2936
107999
111624
5971
130682
1997
105504
232
106696
106473
68319
3703
608
1028
66097
3114
109249
109374
2692
93040
2019
8928
64957
112552
1088
6683
5812
5135
6986
52319
27255
4641
5481
4823
4890
4612
5909
6281
6953
8533
1955
2942
4322
77455
7478
32892
37729
45950
6016
8623
2968
4467
4911
2361
1900
4351
78349
47465
8369
106918
1131
3676
48711
4189
7458
97938
104841
4041
6857
2997
186
1274
741
78209
76251
61024
52973
8528
236
2502
1103
36401
246
104283
82461
26554
5
67997
1256
95441
54290
68358
111
247
1080
26662
3546
52885
5662
6713
8188
45720
30745
32025
31658
300
5618
7361
2369
1635
1639
1801
1954
3301
1956
2085
2396
1358
2359
2700
80551
3751
3893
2082
4016
1376
3882
6985
357
71057
69712
69526
337
37733
350
27904
4069
1242
520
529
587
628
661
904
1059
2004
599
90376
98961
102194
101895
101525
101285
99149
99114
98154
103107
97923
97921
97752
97673
97304
96832
102469
103372
81786
106920
111505
111251
111249
110871
107636
107141
106916
103449
106766
106100
105355
105197
103688
103624
96811
96728
96610
86833
89470
89260
88810
88235
88129
87304
86320
96588
85394
83976
82463
82459
82313
81932
89492
89759
89804
90057
3176
90439
90531
90866
91077
94931
94959
94969
95135
95449
95558
95761
96417
111622
112070
112183
140174
144172
143385
142488
141749
140725
140715
139642
132800
139385
137337
134881
134859
134130
133771
146656
148482
148626
155064
156387
158783
160954
161336
161582
163056
163949
164977
164979
138610
66203
82152
111931
133645
132549
112290
114459
116797
116161
115713
115569
115139
114662
114342
132547
114254
113064
112852
112556
112550
112515
117176
118700
118880
122882
123663
123695
127108
127114
127144
127206
127212
128235
128360
128512
128606
131796
132458
81845
339
81591
8154
7792
7335
7195
6983
6981
6830
6783
6643
6515
6433
6229
5956
5795
5289
5169
4928
4763
7926
8195
40819
8207
39183
38304
37741
34517
31770
26366
81562
26150
25927
25805
8767
8766
8765
8751
8584
8494
8236
4712
4437
4327
3947
1935
1572
1281
1272
1260
1232
1209
1153
946
914
757
146501
53318
39421
7155
5984
3707
1942
2109
2178
3415
3789
3742
3671
3634
3632
3539
3498
3384
2182
3089
2927
2920
2857
2747
2730
2202
40629
26151
58879
69481
55063
63876
55946
71745
64839
71464
64614
71108
70293
66665
67665
72176
56015
57669
58191
67429
67255
60069
60766
61323
61357
63082
72131
72011
67087
78039
64622
46664
47274
78653
79242
80463
72226
80489
52579
64620
78574
64701
74545
74324
73023
72741
41585
72720
72395
53953
42217
4993
8795
2641
3949
66934
5219
8636
7373
4721
5507
3300
44199
107649
1036
6218
5064
6942
63992
2424
150
59725
2174
3994
5445
3113
8972
3785
4388
3257
47640
1291
745
31221
1721
377
4701
8865
2985
1617
780
2273
2329
153
2600
3916
2989
3160
3175
3499
4023
4223
4638
5602
7347
8781
434
494
