1120
593
4121
1610
1200
1042
858
1
232
318
78499
3793
134853
3361
5377
115617
97938
111384
121231
1061
27773
377
357
64957
3052
1517
1376
1358
1250
1259
1639
1242
1059
1635
2396
1801
1954
2369
3751
3113
904
2700
2692
3260
3114
2004
2012
2085
1956
350
661
1079
2529
2288
1729
1256
1219
1089
1080
247
628
111
40614
54290
118997
109374
109249
106696
3546
5662
6287
6713
529
3893
337
300
246
236
186
5
67997
58559
52885
31658
30745
27592
8188
3785
135518
3978
47099
5984
3707
3176
64969
63131
59725
45720
8533
6942
6863
2942
1997
1088
1028
4322
77455
62849
7155
39421
53318
1209
1283
1281
1273
1272
1260
1232
1211
1197
541
1172
1153
954
946
914
757
146501
60072
40148
4016
6016
68954
65514
8636
6953
6281
5812
5481
5349
5135
4890
4823
4701
4641
4369
4351
95441
4041
88125
107649
3703
94777
5608
2959
2542
778
117533
2361
1900
78349
44191
70286
8369
106918
55247
5449
3676
106473
4306
27611
93040
1732
3809
3301
3300
3275
3257
2641
2359
80551
109487
2082
104841
69640
8972
7458
5445
608
3882
4069
5219
5507
69712
69526
68319
68157
66934
66097
63992
60684
48394
37733
34405
27904
8928
8861
7373
52319
79132
46970
150
2968
1199
130682
111624
107999
8623
2174
100365
48780
45950
37729
35957
34162
32892
7478
1955
4467
4911
5909
47465
4995
4226
1704
1258
260
27255
6986
6683
4612
4189
48711
74458
1131
4388
296
71057
47640
72998
1721
47
35836
32025
31221
7376
4721
122886
33794
7090
31878
26585
26554
8961
8874
8795
7844
50
1176
1210
1265
68358
56367
46578
34321
1935
26662
26614
8464
7161
5299
4973
4018
3948
2424
2068
7153
7022
6985
6754
52973
8528
2502
1103
104
36401
8865
132046
6857
104283
82461
5971
5618
3030
44555
7361
55820
61024
76251
78209
6539
6350
5952
5902
5782
4993
3996
3265
2997
2924
2571
2019
1274
924
741
1572
599
1942
97673
96832
96811
96728
96610
96588
96417
95761
95558
95449
95135
94969
94959
94931
91077
90866
90531
90439
97304
97752
90057
97921
105355
105197
103688
103624
103449
103372
103107
102469
102194
101895
101525
101285
99149
99114
98961
98154
97923
90376
89804
69481
80489
79242
78653
78574
1957
74545
74324
73023
72741
72720
72395
72226
72176
72131
72011
71745
71464
71108
80463
81562
89759
81591
89492
89470
89260
88810
88235
88129
87304
86833
86320
85394
83976
82463
82459
82313
81932
81845
81786
105504
106100
106766
143385
141749
140725
140715
140174
139642
139385
137337
134881
134859
134130
133771
133645
132800
132549
132547
132458
131796
142488
144172
106916
146656
111931
82152
66203
47044
138610
164979
164977
163949
163056
161582
161336
160954
158783
156387
155064
148626
148482
128606
128512
128360
128235
113064
112852
112556
112552
112550
112515
112290
112183
112070
111622
111505
111251
111249
110871
107636
107141
106920
114254
114342
114459
122882
127212
127206
127144
127114
127108
123695
123663
118880
114662
118700
117176
116797
116161
115713
115569
115139
70293
78039
67665
8125
8751
8645
8584
8494
8236
8207
8195
8154
8128
7926
6643
7792
7438
7335
7243
7195
6983
6981
6874
6830
8765
8766
8767
25805
46723
46664
67429
45028
42217
41997
41863
41585
40819
40629
39183
38304
37741
34517
31770
26366
26151
26150
25927
6783
6515
47423
3022
3634
3632
3629
3539
3498
3415
3384
3111
3089
2936
6433
2927
2920
2857
2747
2730
2202
2182
2178
2109
3671
3679
3742
3789
6229
5956
5795
5791
5747
5464
5289
5198
5169
4928
4763
4712
4437
4327
4326
4262
4103
3947
3811
47274
45210
54286
53123
56607
56286
56152
56015
55946
55442
55363
55280
55276
55269
55253
55118
55069
55063
55052
54881
54513
54272
53953
56782
56788
56805
63876
67255
67087
66665
64839
64701
64622
64620
64614
63082
57669
61357
61323
61240
61236
60766
60069
58879
58191
53894
339
53000
51540
48738
48516
48774
47629
50068
49917
52241
52281
52579
49824
52967
48696
6218
3949
4011
1291
5064
745
3994
1036
44199
2600
780
494
434
1617
2273
2329
2989
2985
3499
520
8781
7347
5602
4638
4023
3916
4223
3175
3160
153
293
215
2028
588
364
319
2677
2330
1245
306
3246
587
