5952
7153
2959
1610
593
1200
4121
1120
1042
858
8795
4993
3260
5902
3978
47
924
4226
4011
778
1729
1258
2542
5608
2019
3949
296
44199
48780
2529
45028
48696
46723
48738
49917
45210
47423
48516
41863
48774
49824
47629
260
1079
2571
62849
1291
3793
2028
8125
3022
954
541
58559
318
46578
1732
3629
7243
1283
1089
56788
54272
54286
54513
54881
55052
55118
56805
56782
55269
56607
56286
55253
56152
55276
53000
53123
53894
52967
52241
51540
4973
1219
1210
2692
79132
2288
7361
293
27773
2936
5618
40148
132046
2997
74458
8961
904
44555
8781
2989
7347
5602
4638
4023
3916
3499
3175
3160
4223
2985
153
2329
2273
434
1617
2600
494
780
55820
5782
1704
47099
2361
608
104283
52885
6857
741
1274
1265
8874
1036
5299
93040
68157
33794
4995
3809
306
319
2677
2330
364
588
1245
3246
1997
27592
107999
26554
6539
5971
6350
26662
27611
56367
55247
109249
60072
3361
109487
6218
135518
88125
3300
60766
3811
55063
31658
1273
1957
4306
3111
2700
3679
4103
1172
4262
4326
1080
5198
1517
5747
1259
377
8128
1197
1211
61323
64839
63082
60069
63876
64614
58879
64620
58191
64622
57669
64701
67429
61357
111
5064
70286
215
26614
50
130682
53318
8861
1250
78349
111624
94777
34321
122886
3703
8928
111384
118997
26585
109374
7161
2068
121231
69640
35836
247
1103
350
52973
4041
1061
67997
61024
115617
66097
66934
3882
37733
72998
63131
64957
46970
105504
106696
64969
106473
745
4018
1028
3030
60684
6863
30745
5481
76251
8528
2502
4388
104
6953
36401
6281
1131
5812
8865
5377
97938
82461
5135
4890
4823
4701
48711
4189
4369
4351
6985
78209
3676
4612
1900
1955
1176
7478
32892
34162
35957
37729
232
77455
45950
8623
32025
47465
31221
7376
4721
68358
2968
4467
4911
95441
106918
5909
5449
4016
6683
80551
6986
1358
3275
3546
1242
1059
5662
661
628
587
529
520
6287
104841
3948
6713
337
300
2082
8188
246
236
3257
186
5
2359
1376
3301
1256
8972
47640
27255
3893
3785
3751
71057
52319
7458
3113
69712
69526
2396
1635
2369
54290
27904
5507
2085
2004
1956
1954
1801
1639
4069
357
599
339
89492
90531
90439
90376
90057
89804
89759
89470
140725
89260
88810
88235
88129
134859
87304
90866
91077
94931
94959
94969
95135
95449
95558
95761
96417
96588
96610
96728
96811
96832
97304
97673
134881
137337
86833
80463
72131
132549
72226
72395
72720
72741
73023
74324
74545
78039
78574
78653
79242
140715
140174
86320
80489
81562
81591
81786
81845
4322
81932
139642
139385
82313
82459
82463
83976
85394
97752
97921
97923
118880
113064
114254
114342
114459
133771
114662
115139
115569
115713
133645
116161
116797
117176
118700
122882
112556
123663
123695
132800
127108
127114
127144
127206
127212
128235
128360
128512
128606
131796
132458
112852
112550
98154
105355
98961
99114
99149
101285
101525
101895
102194
102469
103107
103372
103449
103624
103688
105197
106100
112515
106766
106916
106920
107141
134130
107636
110871
111249
111251
111505
111622
112070
112183
112290
72011
72176
71745
6515
2730
2747
2857
2920
2927
3089
3384
3415
3498
3539
3632
163949
3634
3671
3742
3789
3947
4327
4437
4712
4763
4928
5169
71464
163056
161582
5795
5956
6229
2202
2182
2178
138610
2942
111931
82152
8533
45720
66203
3176
47044
3707
5984
7155
39421
146501
757
2109
914
946
1153
1209
1232
1260
164979
164977
1272
1281
1572
1935
1942
6433
5289
6643
37741
39183
40629
40819
6783
41585
158783
42217
46664
156387
47274
155064
148626
52579
53953
148482
146656
144172
143385
55946
56015
142488
141749
66665
67087
67255
67665
69481
70293
71108
38304
132547
6981
8154
8207
8236
8494
7195
34517
8584
6983
160954
7335
7926
161336
8751
8765
7792
8766
8767
6830
25805
25927
26150
26151
26366
31770
8195
3994
1088
117533
112552
100365
107649
1199
5445
2174
2012
5219
44191
5349
3052
8464
134853
68319
63992
34405
78499
40614
31878
2641
6754
1
8369
8636
59725
65514
2424
150
3114
3265
7022
48394
6942
68954
1721
4641
7844
2924
3996
7090
7373
52281
41997
55069
55442
6016
61236
61240
55363
55280
5464
5791
6874
7438
8645
50068
