2936
858
4121
1610
1200
1042
1120
593
1935
3089
6983
1942
2202
946
2927
3632
1273
1211
1957
1197
3811
3111
3679
4103
4262
4326
5198
5747
8128
1172
2920
1281
25927
46664
2028
1210
215
3793
1250
318
3361
541
954
3022
8125
3246
2330
588
2677
364
319
306
1245
296
260
608
1079
2571
778
1729
3629
1283
7243
111
2396
2359
1358
1265
1
246
357
529
1242
1954
1732
3114
6229
47274
26366
8207
4437
4712
4928
2178
2109
7792
3384
3498
3947
3671
1272
3809
78499
2959
132046
350
52973
4041
1103
2730
79132
2361
4973
4890
2542
67997
587
1256
1259
1517
1028
134853
2529
150
27611
109249
236
70286
115617
55820
72998
109374
135518
106473
37733
3882
8928
1258
46578
3703
122886
109487
2068
5299
107999
41997
52281
5971
293
94777
6942
68157
111384
745
118997
1089
121231
8861
68319
111624
60684
27773
1061
55247
34321
2424
34405
8874
106696
6539
48780
2019
62849
48394
31878
63131
35836
74458
4995
4226
46970
53318
56367
64969
66934
6350
4018
5662
31658
58559
52885
6713
127206
64957
127114
1639
1635
661
8188
114459
1131
1956
4388
904
628
4612
48711
3546
128606
4189
47465
133645
4322
300
132800
30745
132547
128360
186
6986
6683
128512
115569
5909
90376
6281
6953
8636
65514
68954
2968
60072
44191
47099
3676
6016
2700
1199
106918
8369
116797
78349
114662
1900
116161
117533
115713
5812
5481
5377
5349
3052
4911
122882
115139
3260
118880
3751
4467
3893
3978
77455
4016
118700
4306
133771
4369
4641
4701
4823
117176
5135
4351
90439
134130
160954
4069
47044
138610
163949
163056
3300
161582
3275
2641
161336
80551
1080
104841
69640
8972
158783
7458
5445
156387
52319
155064
148626
5219
5507
78209
76251
69526
69712
71057
47640
6985
7361
44555
3030
5618
82461
104283
111931
6754
8865
36401
7373
2502
8528
82152
66203
61024
741
924
1274
232
1176
143385
142488
3948
141749
27255
8464
26614
114342
68358
93040
95441
97938
140174
139385
137337
54290
40614
134881
247
134859
144172
50
2924
32025
2997
3265
3996
4993
5782
5902
5952
6857
7022
7090
7153
7844
8795
8961
26554
26585
33794
146656
4721
7376
31221
26662
40148
26151
58191
52579
52967
53000
53123
53894
53953
54272
54286
54513
54881
55052
55063
55069
55118
55253
55269
55276
55280
55363
55442
56015
56152
56286
56607
56782
56788
56805
52241
51540
50068
41863
8767
25805
94931
26150
91077
31770
37741
38304
39183
40629
40819
41585
42217
49917
45028
45210
90866
46723
90531
47423
47629
48516
48696
48738
48774
49824
57669
58879
8765
60069
78039
78574
78653
79242
80463
80489
81562
81591
81786
81845
81932
82459
82463
83976
85394
86320
86833
87304
88129
88235
88810
89260
89470
89492
89759
89804
90057
74545
74324
73023
66665
60766
61236
61240
61323
61357
63082
63876
64614
64620
64622
64701
64839
67087
72720
67255
67429
67665
69481
70293
71108
71464
71745
72011
72131
72226
72395
8766
27904
35957
32892
111505
99149
99114
1232
111622
8751
98961
45950
98154
112183
3742
34162
97923
1153
112290
97921
97752
97673
112515
97304
100365
101285
3415
101525
105355
107141
106920
106916
106766
106100
105504
111249
111251
2182
105197
101895
103688
103624
1260
37729
103449
103372
103107
102469
102194
110871
1572
96832
94969
95761
7195
95558
7335
7438
112852
95449
7926
113064
95135
7478
96811
5984
3176
8195
94959
114254
8236
45720
8494
8533
8645
6981
112556
6874
5795
96610
5289
5464
757
96588
5791
146501
1955
112550
96728
5956
4763
96417
6433
6515
6643
6783
6830
5169
127108
112070
72741
82313
139642
107636
148482
8584
140715
140725
34517
132549
132458
72176
128235
127212
127144
131796
55946
164979
123695
123663
3539
164977
2747
66097
1704
1997
1219
130682
2692
3707
27592
39421
5608
7155
2288
88125
47
6218
599
3634
339
337
8154
4327
3789
2857
1209
914
2369
2085
1376
377
2942
63992
6863
4011
59725
112552
7161
3949
1088
107649
5064
3994
1291
1036
44199
2012
8623
520
5
3257
1721
1617
780
494
434
153
2273
2989
7347
8781
3160
3175
3499
3916
4023
4223
4638
5602
2329
2985
2600
104
2004
6287
5449
3785
3113
1059
2082
1801
3301
2174
