1245
306
3246
2330
2677
588
364
319
215
2028
80489
55280
79242
78574
78039
74545
74324
81845
81932
27611
67255
82459
80463
81562
8645
82463
5464
5791
81591
50068
6874
7438
293
55363
55069
55442
61240
61236
41997
52281
78499
132046
77455
318
68954
48394
79132
74458
2571
135518
70286
72998
1210
3361
109487
111384
121231
260
1061
27773
2700
3052
4467
2692
2396
2369
2085
2012
2004
1956
3113
3260
3114
3751
3785
3893
3978
4016
4041
4306
4351
4369
4641
2968
4701
4823
4890
1954
3882
1801
47465
357
350
337
300
246
236
4388
5349
186
5
67997
1131
48711
4189
377
520
529
587
628
661
5909
904
1059
4911
1242
1250
1259
1358
1376
1517
1639
5135
5377
52885
3176
53318
39421
7155
5984
45950
3707
64969
35957
63131
59725
45720
8533
6863
2942
37729
34162
5481
954
1232
1211
1209
1197
1172
1153
1955
541
946
914
757
146501
7478
32892
1997
1088
1028
88125
3676
106473
44191
3703
107999
107649
130682
4322
65514
8636
1199
6953
6281
5812
5449
55247
106918
8369
8623
2174
78349
94777
1900
2361
117533
1
6016
40148
60072
150
100365
58559
27592
31658
1036
2985
2600
2329
2273
1617
1291
780
2924
745
494
434
3275
153
78209
2989
3160
3175
3499
3916
3994
4023
4223
4638
5064
5602
7347
8781
741
924
1274
2019
76251
61024
55820
71057
5507
7373
8861
27904
34405
37733
3301
60684
63992
66097
68157
68319
69526
69712
46970
52973
47640
7361
3030
5618
82461
104283
3300
6754
8865
36401
104
1103
2502
8528
3257
2997
30745
26662
106696
97938
95441
6986
68358
27255
1260
3265
8464
7161
4018
3948
2424
2068
134853
54290
40614
111
247
1080
1089
6683
4612
1256
2288
3546
5662
6287
6713
8188
5219
1176
232
50
33794
3996
4993
5782
5902
5952
6857
7022
7090
7153
7844
8795
8961
26554
26585
1721
52319
122886
4721
2641
2359
7376
80551
31221
2082
104841
69640
8972
7458
32025
5445
26614
599
1272
63082
102469
102194
101895
101525
101285
99149
99114
98961
98154
97923
97921
97752
97673
97304
96832
103107
103372
103449
106920
111505
111251
111249
110871
107636
107141
106916
103624
106766
106100
105504
105355
105197
103688
96811
96728
96610
67429
71745
71464
71108
70293
69481
67665
67087
72131
66665
64839
64701
64622
64620
64614
72011
72176
96588
94959
96417
95761
95558
95449
95135
94969
94931
72226
82313
78653
73023
72741
1273
72395
111622
112070
112183
140174
144172
143385
142488
141749
140725
140715
139642
148482
139385
137337
134881
134859
134130
133771
146656
148626
132800
164977
111931
82152
66203
47044
138610
164979
163949
155064
163056
161582
161336
160954
158783
156387
133645
132549
112290
114342
116161
115713
115569
115139
114662
114459
114254
117176
113064
112852
112556
112552
112550
112515
116797
118700
132547
127212
132458
131796
128606
128512
128360
128235
127206
118880
127144
127114
127108
123695
123663
122882
63876
72720
39183
47274
8195
8154
8128
8125
7926
7792
7335
7243
7195
6983
6981
6830
6783
6643
6515
6433
6229
5956
5795
8207
8236
8494
31770
42217
41585
40819
40629
61357
38304
37741
34517
26366
8584
26151
26150
25927
25805
8767
8766
8765
8751
5747
5289
5198
2202
3089
3022
2936
2927
2920
2857
2747
2730
2182
3384
2178
2109
1957
1942
1935
1572
1283
1281
3111
3415
5169
3947
4928
4763
4712
4437
4327
4326
4262
4103
3811
3498
3789
3742
3679
3671
3634
3632
3629
3539
46664
339
56805
51540
52579
52967
53000
53123
53894
53953
54272
58191
57669
56788
56782
56607
56286
56152
56015
55946
55276
54513
54881
52241
54286
58879
55118
61323
60069
60766
55052
55269
55063
55253
66934
6942
64957
6539
115617
35836
109374
6218
118997
56367
6350
34321
8928
1258
93040
31878
5971
4995
5299
8874
296
109249
1732
1265
1704
3809
62849
111624
608
47
48780
2542
3949
4011
2529
1219
1079
4226
3793
5608
1729
778
46578
4973
1610
1200
1120
1042
2959
858
4121
593
47099
44199
81786
47423
45028
46723
41863
48516
48696
48738
48774
49824
49917
47629
45210
85394
1635
91077
90866
90531
83976
90439
90057
89804
89759
89492
89470
89260
88810
88235
88129
87304
86833
86320
90376
6985
44555
4069
