293
1729
778
260
232
588
364
319
306
1245
2677
3246
2330
50
26614
2959
296
2542
60072
2028
215
1079
5377
111
1042
1200
1120
1610
4121
593
357
300
246
858
318
1732
97938
3793
1210
2361
2019
132046
2068
3361
122886
64957
1089
107999
1258
68157
27611
109487
111384
68319
134853
135518
2571
121231
3703
109249
70286
1061
72998
115617
79132
27773
3751
3785
377
3893
3978
3260
4016
1376
337
520
186
5
67997
58559
52885
31658
30745
4306
4351
4369
3114
2700
3113
3052
4641
1635
1259
1250
1639
1242
1059
904
661
628
1801
529
1954
1956
2004
2012
2085
2369
2396
2692
1517
1358
8636
4701
64969
53318
39421
7155
5984
3707
3176
63131
146501
59725
45720
8533
6942
6863
2942
541
757
4823
1232
1572
1283
1281
1273
1272
1260
1211
914
1209
1197
1172
1153
954
946
1997
1088
1028
8188
106473
44191
107649
88125
68954
65514
6953
4322
6281
5812
5481
5349
5135
4890
3676
5449
55247
106918
8369
78349
94777
1900
117533
1
5608
6016
40148
47099
62849
77455
78499
27592
106696
6713
3257
5219
4069
3809
3301
3300
3275
2641
7373
2359
80551
2082
104841
69640
8972
5507
8861
3030
69526
7361
6985
47640
46970
71057
69712
66934
8928
66097
63992
60684
48394
34405
27904
7458
5445
52319
100365
1199
130682
111624
8623
2174
150
45950
48780
37729
35957
34162
32892
7478
1955
2968
4467
4911
5909
47465
4388
1131
74458
48711
4189
4612
6683
6986
27255
1704
4226
4995
44555
5618
6287
4018
34321
26662
8464
7161
5299
4973
3948
56367
1265
1176
47
35836
32025
31221
46578
68358
5971
1080
5662
3546
2529
2288
1256
1219
247
93040
40614
54290
118997
109374
1942
95441
7376
4721
1721
8528
1274
924
741
78209
76251
61024
2502
33794
104
36401
8865
6754
104283
82461
2924
2997
3996
4993
5902
5952
6350
6539
6857
7090
7153
7844
8795
8874
8961
26554
31878
1935
599
1957
106916
97752
97673
97304
96832
96811
96728
96610
96588
96417
95761
95558
95449
95135
94969
94959
94931
91077
97921
97923
98154
103372
106100
105504
105355
105197
103688
103624
103449
103107
98961
102469
102194
101895
101525
101285
99149
99114
90866
90531
90439
78039
81591
81562
80489
80463
79242
78653
78574
74545
81845
74324
73023
72741
72720
72395
72226
72176
2109
81932
90376
88235
90057
89804
89759
89492
89470
89260
88810
88129
82313
87304
86833
86320
85394
83976
82463
82459
106766
106920
72011
107141
142488
141749
140725
140715
140174
139642
139385
137337
134881
134859
134130
133771
133645
132800
132549
132547
132458
143385
144172
146656
163949
111931
82152
66203
47044
138610
164979
164977
163056
148482
161582
161336
160954
158783
156387
155064
148626
131796
128606
128512
112290
114254
113064
112852
112556
112552
112550
112515
112183
114459
112070
111622
111505
111251
111249
110871
107636
114342
114662
128360
123663
128235
127212
127206
127144
127114
127108
123695
122882
115139
118880
118700
117176
116797
116161
115713
115569
72131
81786
71745
48738
8767
8766
8765
8751
8645
8584
8494
8236
8207
8195
8154
8128
8125
7926
7792
7438
7335
7243
7195
6983
6981
25805
25927
26150
41997
71464
47629
47423
47274
46723
46664
45210
45028
42217
41863
26151
41585
40819
40629
39183
38304
37741
34517
31770
26366
6874
6830
6783
3089
3671
3634
3632
3629
3539
3498
3415
3384
3111
3022
3742
2936
2927
2920
2857
2747
2730
2202
2182
2178
3679
3789
6643
5198
6515
6433
6229
5956
5795
5791
5747
5464
5289
5169
3811
4928
4763
4712
4437
4327
4326
4262
4103
3947
48696
48516
54881
55363
56805
56788
56782
56607
56286
56152
56015
55946
55442
55280
58191
55276
55269
55253
55118
55069
55063
55052
54513
54286
57669
58879
53953
64701
71108
70293
69481
67665
67429
67255
67087
66665
64839
64622
60069
64620
64614
63876
63082
61357
61323
61240
61236
60766
54272
339
53894
52967
50068
52579
51540
49824
48774
53000
53123
52281
52241
49917
6218
3949
4011
1291
5064
2424
37733
3882
745
3994
55820
44199
5782
7022
3265
608
26585
2600
780
494
1617
2273
2329
3916
2985
4223
153
8781
7347
5602
2989
4638
434
4023
3499
3175
3160
236
4041
1103
350
52973
587
1036
