593
858
1042
1120
1200
1610
4121
111
26614
50
3793
293
2361
1732
1258
3916
4023
153
434
494
780
8781
1036
7347
5602
4638
4223
1617
2273
2329
2600
2989
3160
3175
3499
2985
608
47
1219
628
1089
1358
904
2571
924
3949
44199
26585
5608
3994
4011
745
2959
52973
4041
1103
350
1291
5064
3978
5902
3260
7022
3265
4226
5782
3809
2542
33794
1079
7153
5952
132046
6218
55820
68157
4973
79132
296
1704
46578
37733
3882
88125
2288
8928
109249
27611
109374
1729
778
27592
48780
135518
53318
70286
2692
130682
27773
72998
48394
2529
1997
62849
1210
66097
74458
109487
4995
260
306
520
377
357
529
5449
587
3751
3676
661
106473
300
1059
1242
44191
1250
3703
1259
107649
1376
1517
337
186
246
236
1
117533
1900
364
3546
5662
6287
6713
94777
78349
8188
30745
31658
52885
8369
58559
106918
67997
319
5
68954
215
55247
1635
1956
1639
47099
6942
6863
2942
1088
4701
1028
4322
4641
78499
77455
60072
4369
45720
1256
40148
6016
4351
3052
3113
3114
4306
4016
3893
3361
8533
4823
65514
5812
1801
1954
3785
8636
6953
2004
2012
2085
2369
6281
2396
2700
4890
5481
39421
7155
5377
5984
5349
3707
3176
64969
63131
5135
59725
31221
1080
247
8972
69640
104841
2082
80551
1061
2359
2641
3257
3275
3300
3301
4069
5219
5507
7373
8861
27904
34405
60684
63992
66934
68319
69526
69712
71057
46970
47640
6985
7458
5445
52319
1199
1955
7478
32892
34162
35957
37729
45950
100365
150
2174
8623
107999
111624
2968
121231
4467
4911
5909
47465
4388
1131
64957
48711
4189
4612
6683
6986
27255
7361
44555
3030
7161
7376
588
32025
35836
232
318
1176
1265
2068
2424
3948
4018
5299
8464
122886
26662
34321
56367
68358
93040
95441
97938
106696
115617
118997
134853
54290
40614
4721
1721
5618
1274
5971
82461
104283
6754
8865
36401
104
2502
8528
61024
76251
78209
741
2019
31878
2924
2997
3996
4993
6350
6539
6857
7090
7844
8795
8874
8961
26554
541
599
146501
94959
96610
96588
96417
95761
95558
95449
95135
94969
94931
96811
91077
90866
90531
90439
90376
90057
89804
89759
96728
96832
757
101525
103688
103624
103449
103372
103107
102469
102194
101895
101285
97304
99149
99114
98961
98154
97923
97921
97752
97673
89492
89470
89260
72131
74545
74324
73023
72741
72720
72395
72226
72176
72011
88810
71745
71464
71108
70293
69481
67665
67429
67255
78039
78574
78653
79242
88235
88129
87304
86833
86320
85394
83976
82463
82459
82313
81932
81845
81786
81591
81562
80489
80463
105197
105355
105504
134881
142488
141749
140725
140715
140174
139642
139385
137337
134859
128512
134130
133771
133645
132800
132549
132547
132458
131796
143385
144172
146656
148482
111931
111384
82152
66203
47044
138610
164979
164977
163949
163056
161582
161336
160954
158783
156387
155064
148626
128606
128360
106100
111622
112852
112556
112552
112550
112515
112290
112183
112070
111505
128235
111251
111249
110871
107636
107141
106920
106916
106766
113064
114254
114342
114459
127212
127206
127144
127114
127108
123695
123663
122882
118880
118700
117176
116797
116161
115713
115569
115139
114662
67087
66665
64839
4327
5464
5289
5198
5169
4928
4763
4712
4437
4326
3632
4262
4103
3947
3811
3789
3742
3679
3671
5747
5791
5795
5956
8128
8125
7926
7792
7438
7335
7243
7195
6983
6981
6874
6830
6783
6643
6515
6433
6229
3634
3629
8195
1245
1942
1935
1572
1283
1281
1273
1272
1260
1232
3539
1211
1209
1197
1172
1153
954
946
914
1957
2028
2109
2178
3498
3415
3384
3246
3111
3089
3022
2936
2927
2920
2857
2747
2730
2677
2330
2202
2182
8154
8207
64701
55069
55946
55442
55363
55280
55276
55269
55253
55118
55063
52967
55052
54881
54513
54286
54272
53953
53894
53123
56015
56152
56286
56607
64622
64620
64614
63876
63082
61357
61323
61240
61236
60766
60069
58879
58191
57669
56805
56788
56782
53000
52579
8236
26150
40629
39183
38304
37741
34517
31770
26366
26151
25927
52281
25805
8767
8766
8765
8751
8645
8584
8494
40819
41585
41863
41997
52241
51540
50068
49917
49824
48774
48738
48696
48516
47629
47423
47274
46723
46664
45210
45028
42217
339
