260
1210
2329
3916
3175
3160
2989
2985
2600
434
4223
2273
1617
780
494
153
4023
3499
4638
5602
7347
8781
44199
132046
1250
1036
3994
4121
593
858
1042
1120
1200
1610
661
745
122886
1291
5064
4011
70286
107999
72998
3949
27611
109487
3793
6218
293
68319
2571
135518
3703
34405
94777
2019
2068
79132
1059
1242
1153
904
1259
1801
1358
1172
1376
1517
1635
587
1639
78349
2004
1954
1956
520
2012
2085
2369
954
2396
2692
2700
946
914
757
146501
588
529
1197
377
27592
247
1080
1089
1219
1232
1256
2288
2529
1211
3546
5662
6287
6713
8188
27773
357
30745
31658
1209
52885
58559
67997
5
186
215
236
246
300
337
364
541
53318
319
5377
3785
3893
3978
1900
4016
4306
4351
4369
4641
4701
4823
4890
5135
5349
5481
3361
5812
6281
6953
8636
65514
68954
88125
107649
44191
106473
3676
5449
55247
106918
3751
3260
306
1997
8369
39421
7155
5984
3707
3176
64969
63131
59725
45720
8533
6942
6863
2942
1088
3114
1028
4322
77455
62849
60072
47099
40148
6016
5608
40614
117533
2361
3052
3113
111
47
54290
80551
3300
3275
3257
2641
2359
1061
2082
48780
104841
69640
8972
7458
5445
52319
3301
4069
5219
5507
7373
8861
27904
48394
60684
63992
66097
66934
68157
69526
69712
71057
46970
121231
4995
6985
100365
1199
130682
111624
8623
2174
150
45950
4226
37729
35957
34162
32892
7478
1955
2968
4467
4911
5909
47465
4388
1131
64957
74458
48711
4189
4612
6683
6986
27255
1258
1704
47640
7361
118997
31221
318
232
50
1260
35836
32025
7376
8874
4721
1721
33794
31878
26585
26554
1176
1265
2424
3948
4018
5299
7161
8464
26614
26662
34321
56367
68358
93040
95441
97938
106696
8961
8795
44555
36401
78209
76251
61024
8528
2502
104
8865
7844
6754
104283
82461
5971
5618
3030
741
924
1274
2924
2997
3265
3996
4993
5782
5902
5952
6350
6539
6857
7022
7090
7153
1245
599
1272
94931
96588
96417
95761
95558
95449
95135
94969
94959
91077
96728
90866
90531
90439
90376
90057
89804
89759
89492
96610
96811
105197
101285
103624
103449
103372
103107
102469
102194
101895
101525
99149
96832
99114
98961
98154
97923
97921
97752
97673
97304
89470
89260
88810
72011
74324
73023
72741
72720
72395
72226
72176
72131
71745
88235
71464
71108
70293
69481
67665
1273
67255
67087
74545
78039
78574
78653
88129
87304
86833
86320
85394
83976
82463
82459
82313
81932
81845
81786
81591
81562
80489
80463
79242
103688
105355
64839
134859
141749
140725
140715
140174
139642
139385
137337
134881
134130
143385
133771
133645
132800
132549
132547
132458
131796
128606
142488
144172
105504
163949
111931
111384
82152
66203
47044
138610
164979
164977
163056
146656
161582
161336
160954
158783
156387
155064
148626
148482
128512
128360
128235
111505
112556
112552
112550
112515
112290
112183
112070
111622
111251
127212
111249
110871
107636
107141
106920
106916
106766
106100
112852
113064
114254
114342
127206
127144
127114
127108
123695
123663
122882
118880
118700
117176
116797
116161
115713
115569
115139
114662
114459
66665
67429
64701
6983
6874
6830
6783
6643
6515
6433
6229
5956
5795
5791
5747
5464
5289
5198
5169
4928
4763
6981
7195
4437
7243
8767
8766
64622
8751
8645
8584
8494
8236
8207
8195
8154
8128
8125
7926
7792
7438
7335
4712
4327
25927
2936
2920
2857
2747
2730
2677
2330
2202
2182
2178
2109
2028
1957
1942
1935
1572
1283
1281
2927
3022
4326
3089
4262
4103
3947
3811
3789
3742
3679
3671
3634
3632
3629
3539
3498
3415
3384
3246
3111
25805
8765
54286
56015
55442
55363
55280
55276
55269
55253
55118
55069
55063
55052
54881
54513
54272
53953
53894
53123
53000
55946
56152
52579
56286
64620
64614
63876
63082
61357
61323
61240
61236
60766
60069
58879
58191
57669
56805
56788
56782
56607
52967
339
46723
47274
40819
48696
48516
39183
47629
47423
40629
48774
46664
45210
45028
42217
41997
41863
48738
38304
26150
31770
52281
52241
51540
49824
26151
26366
41585
34517
50068
37741
49917
109249
109374
46578
115617
8928
4973
134853
3882
37733
296
1732
55820
3809
2542
2959
1079
4041
1103
52973
350
78499
1729
628
778
1
608
