2600
3160
2985
153
3175
2329
2273
1617
3499
3916
4023
4223
4638
5602
7347
780
8781
494
434
2989
44199
1291
1610
4121
1200
1120
1042
858
593
4973
58559
37733
26614
50
44555
3994
745
318
5064
6218
293
6985
3793
6539
6942
608
4262
4103
3811
3679
1172
3111
5198
1197
1211
1957
4326
67087
5747
8128
66665
69481
70293
71108
71745
72011
72131
72226
72395
72720
73023
78653
8961
71464
1273
2571
1036
1732
48774
48696
48738
47629
47423
46723
45210
45028
41863
49824
49917
48516
4041
350
52973
1103
296
4011
67665
69640
3361
111624
70286
67997
132046
7155
47099
8874
35836
109249
55820
3809
68157
5299
6016
2359
3882
5377
37729
4306
1080
1721
121231
34321
8928
118997
27611
93040
40148
56367
3949
59725
1089
135518
6350
39421
109374
1265
72998
115617
105504
46578
106696
3707
64957
66934
2942
53318
1210
2424
1028
1079
109487
232
63992
5971
2068
2361
63131
260
46970
94777
64969
111
4018
6863
76251
5349
5445
5481
5812
6281
4890
6953
8636
88125
107649
3703
44191
5135
78209
4823
7361
2012
2085
2369
2396
2700
3052
3113
3114
3751
1199
3785
3893
4016
5449
4351
4369
4641
4701
3676
104
106918
946
8865
35957
3176
5984
6754
146501
914
1153
8533
34162
32892
1209
7478
1955
1232
1260
45720
36401
8369
60072
61024
130682
1900
1
8528
2502
1956
8623
1997
2174
150
78499
100365
4322
45950
1088
2004
69712
1954
68358
47465
5909
2082
80551
2641
4911
4467
3257
3275
1281
95441
97938
3300
3301
134853
54290
40614
4069
104841
4388
1256
1176
26554
122886
4721
7376
31221
32025
2997
7458
3948
1131
27255
8972
6986
8464
6683
4612
4189
48711
5219
3546
1801
68319
1059
1242
1250
1259
8861
27904
34405
66097
69526
661
1358
52319
1376
71057
1517
1635
47640
1639
904
628
5662
186
6287
6713
8188
30745
31658
2968
5507
5
236
587
246
300
337
7373
357
377
520
529
82461
599
81562
95449
94959
94931
91077
90866
90531
90439
90376
90057
89804
89759
89492
89470
89260
88810
88235
95135
95558
101895
95761
99149
99114
98961
98154
97923
97921
97752
97673
97304
96832
96811
96728
96610
96588
96417
88129
87304
86833
86320
67429
67255
64839
64701
64622
64620
64614
63876
63082
61357
61323
60766
60069
58879
58191
72176
72741
74324
81845
85394
83976
82463
82459
82313
81932
81591
74545
1572
80489
80463
79242
78574
78039
101525
102194
56805
144172
142488
141749
140725
140715
140174
139642
139385
137337
134881
134130
133645
132549
132547
132458
131796
143385
146656
103107
148482
111931
82152
66203
47044
138610
164979
164977
163949
163056
161582
160954
158783
156387
155064
148626
128606
128360
128235
127212
112070
111622
111251
107636
107141
106920
106916
106766
106100
105355
105197
103688
103624
103449
103372
112183
112290
112552
116797
127144
127114
127108
123695
123663
117176
116161
112556
115713
115569
115139
114662
114342
112852
57669
339
26150
26151
8494
8584
8751
8765
8766
8767
25805
25927
31770
8195
34517
3089
41585
2927
42217
2857
46664
2747
8236
8154
52241
5956
3742
3789
4327
3539
5169
5289
3415
5795
6433
7335
6515
6643
6783
6830
6981
6983
7195
56788
51540
3632
55946
55253
1942
54513
54881
55052
53894
55063
53123
2202
1935
56286
54272
55118
53000
52967
56607
55269
55276
56782
2182
56152
56015
54286
2936
541
8125
3022
954
7161
31878
106473
1061
26662
117533
107999
78349
77455
3030
2692
55247
52885
1274
6857
104283
741
2542
3634
2920
118880
118700
112515
134859
122882
81786
79132
128512
110871
113064
111249
111505
127206
114254
4763
132800
112550
114459
133771
102469
53953
101285
94969
52579
7926
757
161336
7792
6229
3498
4928
26366
4712
4437
47274
2109
3947
3384
3671
8207
2178
1272
60684
65514
247
5618
2730
68954
4995
27592
1729
778
62849
215
1219
1704
111384
33794
5782
1258
74458
2288
3978
3260
5902
2019
7090
7844
2924
3996
3629
7243
1283
26585
48780
61236
61240
2529
47
55442
55069
48394
319
1245
2330
2677
588
364
306
3246
55363
4993
924
8795
7022
3265
6874
50068
8645
7438
55280
5791
5464
2028
7153
5952
5608
4226
41997
52281
2959
27773
37741
39183
40629
40819
38304
