1103
52973
350
4041
608
260
1210
2692
1028
914
593
858
1042
1120
1200
1610
4121
2997
8154
3789
2857
1209
1
4327
55820
47
3634
78499
37733
3882
599
5782
3114
26554
7361
3793
93040
106473
134853
3809
94777
107999
1250
115617
88125
2288
106696
4973
109487
122886
109249
741
104283
52885
26614
1376
1274
50
2085
6857
2700
1199
2641
27592
8928
4226
68319
46578
109374
745
1089
4467
130682
70286
72998
1079
3703
1258
34405
1997
48780
2019
118997
2968
2068
132046
44191
26662
6539
66097
60684
27773
5618
1732
6350
66934
7373
27611
135518
99114
30745
40614
111
247
1080
112550
1256
112515
3546
5662
6287
6713
8188
112290
112183
31658
112556
112070
58559
67997
5
186
236
246
300
337
111622
357
377
520
529
54290
112852
628
7161
35836
123663
122882
232
318
1176
118880
1265
118700
2424
3948
4018
117176
5299
8464
113064
116797
116161
115713
34321
115569
56367
68358
115139
114662
95441
97938
114459
114342
114254
587
904
60072
106100
4890
5135
5349
5377
5481
5812
6281
6953
8636
65514
68954
106916
98961
106766
105504
4701
3676
5449
55247
106918
8369
105355
78349
105197
1900
2361
117533
103688
6016
40148
4823
4641
1059
2396
1242
111505
1259
1358
111251
1517
1635
1639
1801
1954
1956
2004
111249
2369
110871
4369
107636
3052
3113
107141
3260
3361
3751
3785
3893
3978
4016
106920
4306
4351
32025
31221
7376
3275
52319
161582
5445
7458
8972
69640
104841
2082
80551
1061
161336
2359
160954
3257
3300
163056
3301
158783
156387
4069
5219
5507
155064
8861
148626
27904
148482
146656
144172
63992
121231
163949
4721
66203
1955
7478
32892
34162
35957
37729
45950
100365
150
8623
111931
111624
111384
82152
47044
164977
4911
5909
47465
4388
1131
64957
48711
4189
4612
6683
6986
27255
138610
164979
143385
142488
68157
127206
132458
131796
128606
924
128512
128360
2924
128235
3265
3996
4993
127212
5902
5952
127144
141749
127114
7022
7090
7153
7844
8795
8874
8961
127108
26585
31878
33794
1721
123695
132547
132549
132800
133645
69526
69712
71057
46970
47640
6985
140725
44555
3030
140715
5971
82461
140174
139642
6754
8865
36401
104
139385
2502
8528
137337
134881
61024
76251
78209
134859
134130
133771
47099
107649
49824
56015
56805
56788
56782
56607
56286
56152
55946
58191
55442
55363
55280
55276
55269
55253
57669
58879
38304
64614
67087
66665
64839
64701
64622
64620
63876
60069
63082
61357
61323
61240
61236
60766
55118
55069
55063
46664
48696
48516
47629
47423
47274
46723
45210
55052
45028
42217
41863
41585
40819
40629
48738
48774
77455
49917
50068
51540
52241
52579
52967
53000
53123
53894
53953
54272
54286
54513
54881
67255
67429
67665
90376
94959
94931
91077
90866
90531
90439
90057
88129
89804
89759
89492
89470
89260
88810
94969
95135
95449
95558
95761
96417
96588
96610
96728
96811
96832
97304
97673
97752
97921
97923
98154
88235
87304
69481
72226
74545
74324
73023
72741
72720
72395
72176
86833
72131
72011
71745
71464
71108
70293
78039
78574
78653
79242
80463
80489
81562
81591
81786
81845
81932
82313
82459
82463
83976
85394
86320
39183
339
37741
3089
3632
3539
3498
3415
3384
3111
2927
3671
2920
102194
2747
2730
2202
2182
101895
3679
2109
4437
5289
5198
5169
4928
4763
4712
101285
3742
4326
4262
4103
34517
3811
101525
2178
1957
5747
59725
7155
5984
3707
3176
64969
63131
45720
53318
8533
6942
103372
103449
4322
103624
39421
146501
1942
1232
1935
1572
1281
1273
1272
1260
1211
757
102469
1197
1172
1153
946
103107
5464
3947
6830
7792
8236
8207
8195
99149
8128
7926
7438
8584
7335
6515
7195
6983
6981
6874
6643
8494
8645
8751
31770
26366
5791
26151
5795
26150
5956
6229
25927
25805
6433
8767
8766
8765
6783
4995
74458
1704
62849
2529
1219
5608
79132
296
2936
6863
2542
3022
8125
954
541
112552
2174
2959
6218
1729
778
215
2571
48394
293
3949
5064
1291
2942
4011
661
3994
1036
1245
2677
2330
306
319
364
588
3246
44199
52281
41997
7243
1283
3629
780
1617
153
5602
3916
2273
4023
7347
8781
4638
434
4223
2329
494
3499
3175
3160
2989
2985
2600
2028
2012
1088
