118997
5299
109249
109374
34321
1265
2068
115617
93040
4973
134853
2424
46578
3809
64957
7161
1732
4018
106696
66934
56367
8464
318
111624
6350
8874
1079
97938
63131
608
35836
6539
2997
31878
46970
6218
236
64969
1176
5782
7458
1721
1028
6863
26554
7361
8928
115713
134881
127114
128360
128606
141749
133645
134130
148626
146656
143385
140174
139385
137337
142488
55247
3114
150
3361
117533
4388
134859
122882
5971
111622
112556
112183
112290
112852
114342
114662
115569
116161
116797
117176
127108
100365
2361
6942
3751
68157
49824
49917
48738
41863
48774
46723
45210
45028
47423
47629
48516
48696
1729
778
118700
118880
112515
232
60684
5
8623
111251
97752
94959
101525
99149
99114
97304
98961
94931
95558
98154
95449
96811
97923
96588
96728
95135
97921
111384
59725
53318
121231
67997
56152
56286
56805
56607
55276
56788
56782
54272
55269
54286
52241
52967
53000
55253
53894
53123
54513
54881
55052
51540
55118
1061
105504
111
44555
96610
96832
63992
2542
47099
55069
55442
112552
296
55820
94777
246
186
300
337
58559
357
350
599
377
5812
107649
68954
65514
8636
6953
6281
5481
3676
5377
5349
5135
4890
4823
4701
44191
5449
4369
2942
7155
5984
3707
3176
45720
8533
1088
106918
4322
40148
6016
1900
78349
8369
4641
8188
520
1259
1801
1639
1635
1517
1376
1358
1242
1956
1059
904
661
628
587
529
1954
2004
4351
3260
4306
4041
4016
3978
3893
3785
3113
2012
3052
2700
2692
2396
2369
2085
30745
4721
6713
8972
104841
2082
80551
2359
2641
3257
3275
3300
3301
3882
4069
5219
5507
7373
8861
27904
37733
69526
69712
71057
47640
69640
5445
6287
52319
1955
7478
32892
34162
35957
37729
45950
2174
1199
2968
4467
4911
5909
47465
1131
48711
4189
4612
6683
6986
27255
6985
3030
82461
6754
5902
5952
7022
7090
7153
7844
8795
8961
26585
33794
7376
31221
32025
95441
54290
247
1080
1089
1256
3546
5662
4993
3996
3265
78209
8865
36401
104
1103
2502
8528
52973
61024
76251
593
2924
858
1042
1120
1200
1610
3793
4121
924
2019
39421
339
64701
133771
61240
61323
132800
61357
63082
63876
132549
132547
64614
64620
64622
132458
64839
66665
67087
131796
67429
67665
69481
70293
71108
71464
71745
72011
72131
72176
72226
61236
60766
31770
60069
37741
38304
39183
40629
40819
41585
41997
42217
46664
47274
50068
52281
52579
53953
55063
55280
148482
144172
114254
55946
56015
140725
140715
139642
57669
58191
58879
72395
72720
72741
73023
91077
94969
95761
96417
97673
101285
101895
102194
102469
103107
103372
103449
103624
103688
105197
105355
106100
106766
106916
106920
107141
107636
110871
111249
111505
112070
112550
90866
90531
90439
85394
128512
128235
78653
127212
81786
127206
127144
82313
123695
123663
115139
83976
86320
90376
86833
87304
88129
88235
88810
89260
89470
89492
114459
89759
89804
90057
34517
55363
26366
2178
163056
2202
161582
161336
2730
2747
2857
2920
2927
160954
3089
3111
3384
3415
3498
3539
3632
3634
3671
3679
3742
3789
3811
3947
4103
2182
2109
4326
163949
111931
82152
66203
146501
757
914
946
47044
1153
1172
1197
1209
1211
1232
138610
1260
1272
1273
164979
164977
1281
1572
1935
1942
1957
4262
113064
4327
25805
8767
8766
8765
8751
8195
8645
8584
5956
6229
6433
6515
8494
4437
6643
6783
6830
6874
6981
6983
8236
7195
7335
7438
7792
7926
158783
8207
8128
8154
155064
156387
5795
26150
5169
5198
5289
5464
26151
5747
5791
4712
4763
4928
25927
5618
106473
66097
1274
6857
52885
741
104283
3703
4995
44199
1258
1704
62849
27773
68319
48780
1291
5064
1997
745
2529
1219
48394
1036
130682
107999
260
122886
2959
4226
27592
3949
4011
5608
77455
434
3160
2600
8781
7347
5602
4223
4023
3916
3499
3175
2989
2985
4638
2329
780
153
2273
1617
494
79132
88125
2288
109487
1250
34405
1
40614
7243
3629
1283
135518
31658
26662
2936
50
26614
74458
2571
3994
60072
78574
74324
74545
78039
67255
79242
80463
80489
81562
81591
81845
81932
82459
82463
8125
3022
954
541
78499
70286
215
47
3948
68358
2028
132046
27611
1210
293
2677
2330
3246
1245
319
588
306
364
72998
