4993
8795
4995
48780
5952
7153
98154
3789
97921
97752
97304
2857
96811
94931
94959
95135
95449
4041
95558
96728
97923
98961
350
99114
99149
4327
2012
101525
8154
96588
52973
914
1209
1103
150
2019
3634
599
608
96832
96610
55820
4226
2529
1704
4011
3114
2959
37733
3882
39183
40629
40819
38304
8961
37741
40614
74458
62849
3994
5902
3978
3260
72998
97938
2424
27773
47
68319
2692
1258
78349
1089
5349
31658
64969
63131
52885
59725
5
186
236
246
45720
300
337
3176
8533
357
377
520
529
587
628
661
904
6942
6863
1059
2942
30745
27592
1088
247
946
93040
95441
757
146501
106696
118997
134853
54290
541
111
53318
1080
8188
1219
1256
1729
2288
39421
3546
5662
7155
6287
5984
6713
3707
1997
4322
1028
6281
2396
107649
56367
2700
88125
3052
3113
68954
65514
8636
6953
3361
3751
44191
3785
3893
5812
4016
5377
4306
4351
4369
4641
4701
4823
4890
3703
106473
5135
2004
1242
1250
1259
1358
1376
1635
1639
1801
1954
1956
60072
40148
6016
3676
5608
2542
2085
778
1
117533
2361
1900
2369
8369
106918
5449
68358
26585
34321
104841
48394
27904
8861
7373
5507
5219
4069
3301
3300
3275
3257
2641
2359
1061
80551
60684
63992
66097
3030
8865
6754
104283
82461
5971
5618
7361
66934
6985
47640
46970
71057
69712
69526
2082
69640
104
8972
2968
1199
130682
111624
107999
8623
2174
100365
45950
37729
35957
34162
32892
7478
1955
4467
4911
5909
6683
7458
5445
52319
121231
27255
6986
4612
47465
4189
48711
64957
1131
4388
296
36401
2502
26662
8781
1153
26554
8874
7844
7090
7022
6857
6539
6350
5782
3996
3265
2997
2924
1274
31878
1721
122886
1176
26614
8464
4018
3948
2068
1265
318
4721
232
50
35836
32025
31221
7376
741
7347
8528
6218
1610
1291
1200
1120
1042
1036
858
780
745
593
494
434
153
78209
76251
1617
2273
2329
3949
5602
5064
4638
4223
4121
4023
3916
2600
3793
3499
3175
3160
2989
2985
954
339
1172
132547
140725
140715
140174
139642
139385
137337
134881
134859
134130
133771
133645
132800
132549
72176
72741
142488
132458
131796
128606
128512
128360
128235
127212
127206
127144
127114
127108
81786
123695
123663
141749
143385
54881
56782
164979
55069
55118
55253
55269
116161
55280
55363
55442
55946
56015
56152
56286
56607
164977
144172
56788
56805
163949
163056
161582
161336
160954
158783
156387
155064
148626
148482
146656
1197
82313
122882
118880
112183
105355
105504
106100
106766
106916
106920
107141
107636
110871
111249
111251
111505
111622
112070
112290
83976
112515
112550
112552
117176
112556
112852
113064
114254
114342
114459
116797
114662
115139
115569
105197
103688
103624
118700
85394
86320
86833
87304
88129
88235
88810
89260
89470
89492
89759
89804
90057
90376
90439
90531
90866
91077
94969
95761
96417
97673
101285
101895
102194
102469
103107
103372
103449
55052
55276
54513
5289
66203
3679
3742
3811
3947
4103
4262
4326
4437
4712
4763
4928
5169
5198
5464
7335
5747
5791
5795
5956
6229
6433
6515
6643
6783
54286
6874
6981
6983
7195
3671
82152
3632
3629
1211
1232
1260
1272
1273
1281
1283
1572
1935
1942
1957
2109
2178
2182
2202
2730
2747
2920
111931
111384
2927
2936
3022
3089
3111
3384
3415
3498
3539
7243
6830
7438
138610
26366
31770
34517
41585
41997
42217
46664
47274
7792
47044
50068
26150
51540
52241
52281
52579
52967
53000
53123
53894
53953
54272
26151
115713
8584
8125
8494
25927
8236
8207
8751
8195
8128
8645
25805
8767
8766
8765
7926
109374
109249
8928
115617
79132
4973
1079
47099
44555
55247
1732
3809
44199
109487
7161
5299
49917
48516
46723
48696
45028
47423
47629
45210
41863
48738
48774
49824
293
260
215
2028
46578
5481
1245
588
2677
364
319
306
2330
3246
1517
924
135518
2571
61024
67997
27611
94777
1210
34405
77455
61236
61240
78499
68157
132046
67665
64701
67429
55063
57669
58191
58879
60069
60766
61323
61357
63082
64614
64620
64622
64839
33794
63876
78653
71464
73023
72720
72395
72226
72131
71745
72011
71108
70293
66665
67087
69481
81591
82463
82459
81932
81845
78039
79242
74545
74324
67255
80489
80463
78574
81562
58559
70286
