4973
8961
68358
8874
46578
5299
4011
608
3809
1265
40148
31878
111624
109249
62849
1079
34321
118997
5971
44199
2329
3160
780
1617
8781
7347
5602
4638
4223
2989
4023
2985
2273
3916
3499
2600
3175
153
434
494
115617
8928
2542
35836
8861
6218
1732
93040
2529
109374
6350
6539
2959
56367
48780
66934
4226
1036
3994
48516
48696
47629
47423
48738
46723
45210
48774
49824
49917
41863
45028
74458
745
64957
7161
1291
5064
4995
6942
67997
3949
27773
47
79132
44555
293
47099
68157
5608
778
1
117533
6713
2361
8188
1900
94777
27592
78349
70286
8369
106918
5449
30745
31658
52885
58559
3676
5
106473
44191
186
215
236
246
6016
3113
337
60072
247
7155
5984
3707
3176
64969
1080
1089
63131
1219
59725
45720
8533
6863
1256
1729
2288
2942
1997
1088
1028
3546
5662
6287
4322
78499
77455
300
350
3114
1517
1242
1250
1259
3978
1358
3893
3785
1376
3751
3361
40614
3260
1635
1059
1639
1801
1954
1956
2004
2012
2085
2369
2396
2692
2700
3052
4016
4041
357
6281
377
520
529
587
628
3703
107649
88125
68954
65514
8636
6953
661
4306
5812
5481
5377
5349
5135
904
4890
4823
4701
4641
4369
4351
111
135518
54290
2359
3882
3301
3300
3275
3257
2641
1061
5219
80551
2082
104841
69640
8972
7458
4069
5507
3030
68319
6985
47640
46970
71057
69712
69526
66097
7373
63992
60684
48394
37733
34405
27904
5445
52319
121231
100365
1199
130682
107999
8623
2174
150
45950
109487
37729
35957
34162
32892
7478
1955
2968
4467
4911
5909
47465
296
4388
1131
48711
4189
4612
6683
6986
27255
260
1258
1704
7361
5618
134853
33794
32025
31221
7376
4721
122886
1721
26585
50
26554
8795
7844
7153
7090
7022
53318
232
82461
26614
106696
97938
95441
72998
27611
26662
8464
318
4018
3948
2424
2068
1210
1176
6857
5952
5902
2502
593
78209
76251
61024
52973
8528
1103
5782
104
36401
8865
6754
132046
104283
858
1042
1120
1200
1610
3793
4121
741
924
1274
2019
2571
2924
2997
3265
3996
4993
39421
599
306
95135
96811
96728
96610
96588
96417
95761
95558
95449
94969
105504
94959
94931
91077
90866
90531
90439
90376
90057
96832
97304
97673
97752
105197
103688
103624
103449
103372
103107
102469
102194
101895
101525
101285
99149
99114
98961
98154
97923
97921
89804
89759
89492
79242
78574
78039
74545
74324
73023
72741
72720
72395
72226
72176
72131
72011
71745
71464
71108
70293
69481
78653
80463
89470
80489
89260
88810
88235
88129
87304
86833
86320
85394
83976
82463
82459
82313
81932
81845
81786
81591
81562
105355
106100
319
134881
142488
141749
140725
140715
140174
139642
139385
137337
134859
106766
134130
133771
133645
132800
132549
132547
132458
131796
143385
144172
146656
148482
111931
111384
82152
66203
47044
138610
164979
164977
163949
163056
161582
161336
160954
158783
156387
155064
148626
128606
128512
128360
114254
112852
112556
112552
112550
112515
112290
112183
112070
111622
111505
111251
111249
110871
107636
107141
106920
106916
113064
114342
128235
114459
127212
127206
127144
127114
127108
123695
123663
122882
118880
118700
117176
116797
116161
115713
115569
115139
114662
67665
67429
67255
3789
4712
4437
4327
4326
4262
4103
3947
3811
3742
67087
3679
3671
3634
3632
3629
3539
3498
3415
4763
4928
5169
5198
7243
7195
6983
6981
6874
6830
6783
6643
6515
6433
6229
5956
5795
5791
5747
5464
5289
3384
3246
3111
1281
1272
1260
1245
1232
1211
1209
1197
1172
1153
954
946
914
757
146501
588
541
364
1273
1283
3089
1572
3022
2936
2927
2920
2857
2747
2730
2677
2330
2202
2182
2178
2109
2028
1957
1942
1935
7335
7438
7792
42217
47274
50068
52281
52579
7926
55063
55280
55363
55946
56015
57669
58191
58879
60069
60766
61236
61240
61323
61357
63082
63876
64614
64620
64622
64701
64839
66665
46664
53953
41997
34517
41585
26366
26151
26150
25927
25805
8767
8766
8765
8751
8645
8584
8494
8236
8207
8195
8154
8128
8125
31770
339
40819
37741
40629
39183
38304
55247
55820
55442
55069
51540
52241
52967
53000
53123
53894
54272
55276
54286
55269
54881
55052
56805
56788
56782
56607
56286
56152
55118
55253
54513
