1200
593
858
1042
1120
1610
4121
5782
2997
7361
8125
954
3022
541
3265
7022
2571
260
3996
7090
7844
2924
2936
3629
1283
7243
2028
26554
93040
608
2288
4011
26585
31878
1036
132046
350
4041
1103
52973
40148
2542
65514
62849
79132
8623
357
3751
1089
5
6539
27773
3793
3809
7161
27611
47
55820
2529
48780
135518
4973
69640
4226
306
364
2677
3246
588
2330
1245
319
3882
37733
2959
1079
3703
109249
1210
1258
8928
4018
46578
68157
109487
4995
109374
215
2019
5299
293
296
3916
7347
8781
4638
4223
4023
3499
3175
3160
2989
2985
2600
2329
2273
1617
434
780
153
494
5602
1732
2068
33794
4351
70286
122886
115617
8874
107999
44199
2692
105504
745
924
68319
106696
134853
5064
34321
56367
3949
118997
1028
35836
1265
6218
66934
4641
130682
4701
1242
4823
4890
1250
1259
4369
1059
904
4306
2012
1358
1376
1956
2085
2369
2396
2700
3052
3113
1954
5135
3114
3260
3361
2004
1801
3785
1639
3893
2968
1635
3978
4016
1517
1199
4467
78349
5349
47099
45950
37729
34162
77455
78499
4322
1997
2942
6942
8533
45720
32892
59725
3176
3707
5984
7478
7155
39421
53318
1955
146501
757
60072
100365
5377
6016
5481
5812
6281
6953
8636
111624
88125
107649
44191
106473
3676
5449
55247
106918
8369
628
1900
2361
117533
1
778
150
5608
661
7373
587
7458
3275
3257
2641
2359
1061
80551
2082
104841
741
1274
8972
5445
529
52319
4993
121231
5902
5952
6857
7153
1704
8795
8961
27255
3300
78209
76251
61024
27904
60684
63992
66097
69526
69712
71057
47640
6985
5507
44555
5618
5971
82461
104283
5219
6754
8865
104
4069
2502
8528
3301
6986
1721
4721
1256
1131
4388
3546
5662
6287
6713
8188
27592
30745
31658
52885
58559
67997
47465
186
236
246
300
337
5909
4911
377
520
1729
1219
7376
8861
31221
32025
6683
50
232
318
1176
914
2424
3948
4612
8464
26614
26662
4189
68358
48711
95441
97938
54290
111
247
1080
64957
599
946
96832
96728
96610
96588
96417
95761
95558
95449
95135
94969
94959
94931
91077
90866
90531
90439
90376
90057
96811
97304
89759
97673
103688
103624
103449
103372
103107
102469
102194
101895
101525
101285
99149
99114
98961
98154
97923
97921
97752
89804
89492
105355
79242
78574
78039
74545
74324
73023
72741
72720
72395
72226
72176
72131
72011
71745
1153
71108
70293
69481
78653
80463
89470
80489
89260
88810
88235
88129
87304
86833
86320
85394
83976
82463
82459
82313
81932
81845
81786
81591
81562
105197
106100
67429
144172
142488
141749
140725
140715
140174
139642
139385
137337
134881
134859
134130
133771
133645
132800
132549
132547
132458
143385
146656
128606
148482
111931
111384
82152
66203
47044
138610
164979
164977
163949
163056
161582
161336
160954
158783
156387
155064
148626
131796
128512
106766
114342
113064
112852
112556
112550
112515
112290
112183
112070
111622
111505
111251
111249
110871
107636
107141
106920
106916
114254
114459
128360
114662
128235
127212
127206
127144
127114
127108
123695
123663
122882
118880
118700
117176
116797
116161
115713
115569
115139
67665
71464
67255
46723
6983
7195
7335
7926
8154
8195
8236
8494
8584
67087
8765
8766
8767
25805
25927
26150
26151
31770
34517
37741
38304
39183
40629
40819
41585
41863
42217
45028
45210
6981
6830
6783
3089
1209
1232
1260
1281
1572
1935
1942
2182
2202
2747
2857
2920
2927
3415
6643
3539
3632
3634
3742
3789
4327
4763
5169
5289
5795
5956
6433
6515
46664
8751
339
54286
54881
64614
56782
55063
63876
63082
55118
55253
55269
55276
61357
61323
60766
60069
55946
58879
56015
56152
58191
57669
56805
56788
56286
54513
55052
64620
64701
47423
47629
48516
66665
48696
48738
48774
49824
49917
51540
52241
54272
64839
56607
53123
53953
52579
52967
53894
53000
64622
6350
64969
46970
63131
1088
112552
2174
94777
74458
72998
3030
35957
48394
68954
3994
6863
34405
36401
40614
1291
52281
41997
1273
8128
4326
4262
3111
3811
1172
1197
1957
5747
1211
3679
5198
4103
61236
61240
55442
55069
55363
50068
8645
55280
7438
6874
5464
5791
2730
2178
26366
3947
4928
47274
3671
3498
1272
2109
6229
3384
4712
8207
7792
4437
