3176
3022
3948
8125
541
954
2936
7243
1283
3629
2028
858
1042
4121
1120
1200
593
1610
3793
260
1210
2019
132046
2068
122886
107999
27611
109487
68319
134853
135518
2571
3703
109249
70286
72998
115617
79132
3113
1250
1259
1358
1376
1517
3114
1635
1639
2396
1801
1954
2004
3052
2012
2700
2085
2692
2369
1242
1956
350
1059
3546
30745
27773
27592
8188
6713
6287
5662
2529
904
2288
1729
1256
1219
1089
1080
1079
31658
52885
58559
67997
661
628
587
529
520
377
357
3361
337
300
246
236
215
186
5
3260
4369
3751
3785
59725
45720
8533
6942
6863
2942
1997
1088
1028
4322
78499
77455
62849
60072
47099
40148
6016
63131
64969
3707
757
1211
1209
1197
1172
1153
946
914
146501
5984
588
364
319
306
53318
39421
7155
5608
2959
2542
4701
5812
5481
5377
5349
5135
4890
4823
4641
6953
111
4351
4306
4041
4016
3978
3893
6281
8636
778
106918
1
117533
2361
1900
94777
78349
8369
55247
65514
5449
3676
106473
44191
107649
88125
68954
247
68358
40614
1732
3809
3301
3300
3275
3257
2641
2359
1061
47640
80551
2082
104841
69640
8972
7458
5445
3882
4069
5219
5507
71057
69712
69526
68157
66934
66097
63992
60684
48394
37733
34405
27904
8928
8861
7373
608
52319
121231
4911
2968
1199
130682
111624
8623
2174
150
100365
45950
37729
35957
34162
32892
7478
1955
4467
5909
48780
47465
4995
4226
1704
1258
27255
6986
6683
4612
4189
48711
74458
64957
1131
4388
296
46970
6985
54290
31221
1176
318
232
50
47
35836
32025
7376
7361
4721
1721
33794
31878
26585
26554
8961
1265
2424
4018
4973
118997
109374
106696
97938
95441
93040
1245
56367
46578
34321
26662
26614
8464
7161
5299
8874
8795
7844
76251
55820
52973
8528
2502
1103
104
36401
8865
6754
104283
82461
5971
5618
3030
44555
61024
78209
7153
741
7090
7022
6857
6539
6350
5952
5902
5782
4993
3996
3265
2997
2924
1274
924
1232
599
1260
90866
97921
97752
97673
97304
96832
96811
96728
96610
96588
96417
95761
95558
95449
95135
94969
94959
94931
97923
98154
98961
103449
106766
106100
105504
105355
105197
103688
103624
103372
99114
103107
102469
102194
101895
101525
101285
99149
91077
90531
72011
90439
81786
81591
81562
80489
1272
79242
78653
78574
78039
74545
74324
73023
72741
72720
72395
72226
72176
81845
81932
82313
88810
90376
90057
89804
89759
89492
89470
89260
88235
82459
88129
87304
86833
86320
85394
83976
82463
106916
106920
107141
107636
143385
142488
141749
140725
140715
140174
139642
139385
137337
134881
134859
134130
133771
133645
132800
132549
132547
144172
146656
148482
164977
111931
111384
82152
66203
47044
138610
164979
163949
148626
163056
161582
161336
160954
158783
156387
155064
132458
131796
128606
112515
114342
114254
113064
112852
112556
112552
112550
112290
114662
112183
112070
111622
111505
111251
111249
110871
114459
115139
128512
123695
128360
128235
127212
127206
127144
127114
127108
123663
115569
122882
118880
118700
117176
116797
116161
115713
72131
80463
71745
71464
8584
8494
8236
8207
8195
8154
8128
7926
7792
7438
7335
7195
6983
6981
6874
6830
6783
6643
6515
6433
6229
8645
8751
8765
39183
46664
45210
45028
42217
41997
41863
41585
40819
40629
38304
8766
37741
34517
31770
26366
26151
26150
25927
25805
8767
5956
5795
5791
2330
3246
3111
3089
2927
2920
2857
2747
2730
2677
2202
3415
2182
2178
2109
1957
1942
1935
1572
1281
1273
3384
3498
5747
4326
5464
5289
5198
5169
4928
4763
4712
4437
4327
4262
3539
4103
3947
3811
3789
3742
3679
3671
3634
3632
46723
47274
47423
55363
56805
56788
56782
56607
56286
56152
56015
55946
55442
55280
58191
55276
55269
55253
55118
55069
55063
55052
54881
54513
57669
58879
54272
64701
71108
70293
69481
67665
67429
67255
67087
66665
64839
64622
60069
64620
64614
63876
63082
61357
61323
61240
61236
60766
54286
53953
47629
52579
48516
48696
48738
48774
49824
49917
50068
51540
52241
52281
53894
339
52967
53000
53123
293
6218
3949
4011
1291
5064
745
3994
1036
44199
8781
153
434
494
7347
780
4638
5602
4223
1617
2273
2329
2600
2989
3160
3175
3499
4023
3916
2985
