587
318
364
306
588
2330
319
2677
3246
1245
3361
2028
215
377
4041
296
52973
1103
339
350
47
150
111384
608
121231
1061
55820
27773
2959
3114
3882
37733
778
1729
2288
88125
1089
5608
2424
68157
27592
4226
1258
2542
130682
1079
48394
1219
2529
1997
48780
62849
1704
66097
74458
1732
4995
79132
1259
1517
1376
1358
529
1250
1059
904
661
520
628
541
1242
8533
1635
1639
757
1801
1954
1956
2004
2012
2085
2369
2396
2692
2700
3052
146501
246
357
30745
1080
1232
1256
1211
1209
3546
5662
6287
6713
8188
1197
1172
31658
914
52885
58559
67997
5
186
1153
236
954
53318
300
337
946
3113
3893
3260
3751
3676
5449
55247
106918
8369
70286
78349
64969
94777
1900
2361
117533
1
63131
6016
40148
59725
47099
60072
77455
78499
4322
1028
45720
1088
2942
6863
106473
44191
3703
5135
3785
6942
3978
4016
39421
4306
4351
4369
4641
4701
4823
4890
7155
107649
5984
5349
5377
3707
5481
5812
6281
6953
8636
65514
247
3176
68954
68358
111
5507
63992
60684
34405
27904
8928
8861
7373
5219
40614
4069
3809
3301
3300
3275
3257
2641
66934
68319
69526
69712
36401
8865
6754
132046
104283
82461
5971
5618
3030
44555
7361
6985
47640
46970
71057
2359
80551
2082
5909
4467
2968
1199
111624
107999
8623
2174
100365
45950
37729
35957
34162
32892
7478
1955
4911
47465
104841
4388
69640
8972
7458
5445
52319
109487
260
27255
6986
6683
4612
4189
48711
64957
1131
104
2502
8528
8464
5299
4973
4018
3948
2068
1265
1210
1176
232
35836
32025
31221
7376
4721
122886
7161
26662
33794
27611
54290
134853
118997
115617
109374
109249
106696
97938
95441
93040
72998
1272
56367
46578
34321
1721
31878
61024
2997
2571
2019
1274
924
741
4121
3793
1610
1200
1120
1042
858
593
78209
76251
2924
3265
26585
3996
26554
8961
8874
8795
7844
7153
7090
7022
6857
6539
6350
5952
5902
5782
4993
1260
135518
1273
90531
97752
97673
97304
96832
96811
96728
96610
96588
96417
95761
95558
95449
95135
94969
94959
94931
91077
97921
97923
98154
103372
106100
105504
105355
105197
103688
103624
103449
103107
98961
102469
102194
101895
101525
101285
99149
99114
90866
90439
71745
90376
81591
81562
80489
80463
1281
78653
78574
78039
74545
74324
73023
72741
72720
72395
72226
72176
72131
81786
81845
81932
88235
90057
89804
89759
89492
89470
89260
88810
88129
82313
87304
86833
86320
85394
83976
82463
82459
106766
106916
106920
107141
142488
141749
140725
140715
140174
139642
139385
137337
134881
134859
134130
133771
133645
132800
132549
132547
132458
143385
144172
146656
163949
111931
82152
66203
47044
138610
164979
164977
163056
148482
161582
161336
160954
158783
156387
155064
148626
131796
128606
128512
112290
114254
113064
112852
112556
112552
112550
112515
112183
114459
112070
111622
111505
111251
111249
110871
107636
114342
114662
128360
123663
128235
127212
127206
127144
127114
127108
123695
122882
115139
118880
118700
117176
116797
116161
115713
115569
72011
79242
71464
6229
8584
8494
8236
8207
8195
8154
8128
8125
7926
7792
7438
7335
7243
7195
6983
6981
6874
6830
6783
6643
6515
8645
8751
8765
39183
46664
45210
45028
42217
41997
41863
41585
40819
40629
38304
8766
37741
34517
31770
26366
26151
26150
25927
25805
8767
6433
5956
71108
5795
3498
3415
3384
3111
3089
3022
2936
2927
2920
2857
2747
2730
2202
2182
2178
2109
1957
1942
1935
1572
1283
3539
3629
3632
4437
5791
5747
5464
5289
5198
5169
4928
4763
4712
4327
3634
4326
4262
4103
3947
3811
3789
3742
3679
3671
46723
47274
47423
55280
56788
56782
56607
56286
56152
56015
55946
55442
55363
55276
57669
55269
55253
55118
55069
55063
55052
54881
54513
54286
56805
58191
53953
64622
70293
69481
67665
67429
67255
67087
66665
64839
64701
64620
58879
64614
63876
63082
61357
61323
61240
61236
60766
60069
47629
54272
53894
52281
48516
48696
48738
48774
49824
49917
50068
51540
52241
53123
599
53000
52967
52579
6218
293
3949
4011
1291
5064
745
26614
50
3994
1036
44199
153
434
494
8781
780
7347
4023
5602
4638
1617
2273
2329
4223
2985
2989
3160
3175
3499
3916
2600
