7844
7090
3996
2924
3246
306
364
588
1245
2330
319
2677
7022
3265
4018
215
31878
2028
65514
134853
2068
63131
5299
7161
46970
94777
64969
34321
6350
118997
6863
35836
1265
6539
115617
1801
1242
1250
2369
1358
1059
2396
3052
904
1259
1956
3113
2012
2004
1639
1376
2692
1517
1954
3114
1635
2700
246
661
31658
1079
1080
1089
1219
1256
1729
2288
3546
5662
6287
6713
8188
27592
30745
52885
628
58559
67997
5
186
236
3361
300
337
350
357
377
520
529
587
3260
4369
3785
59725
146501
53318
39421
7155
5984
3707
3176
45720
60072
8533
6942
2942
1997
1088
1028
4322
757
914
946
1153
2178
2109
1957
1942
1935
1572
1281
1273
1272
1260
1232
1211
1209
1197
1172
77455
47099
3893
4823
6281
5812
5481
5377
5349
5135
4890
4701
6016
4641
111
4351
4306
4041
4016
3978
6953
8636
68954
88125
5608
778
117533
2361
1900
78349
70286
8369
106918
55247
5449
3676
106473
44191
107649
247
135518
40614
3882
3301
3300
3275
3257
2641
2359
1732
1061
80551
2082
104841
69640
8972
7458
5445
3809
5219
6985
5507
71057
69712
69526
68319
68157
66934
66097
63992
60684
37733
34405
27904
8928
8861
7373
608
52319
121231
109487
1199
130682
111624
107999
8623
2174
150
100365
45950
37729
35957
34162
32892
7478
1955
2968
4467
4911
4612
1704
1258
260
27255
6986
6683
4189
5909
48711
64957
1131
4388
296
47465
47640
7361
54290
1176
232
50
32025
31221
7376
4721
122886
1721
33794
26585
26554
8961
8874
8795
7153
318
1210
44555
2424
109374
109249
106696
97938
95441
2182
72998
68358
56367
46578
27611
26662
26614
8464
4973
6857
5952
5902
5782
55820
52973
8528
2502
1103
104
36401
8865
6754
132046
104283
82461
5971
5618
3030
61024
76251
78209
741
4993
2997
2571
2019
1274
924
4121
593
3793
1610
1200
1120
1042
858
93040
599
2202
97752
97304
96832
96811
96728
96610
96588
96417
95761
95558
95449
95135
94969
94959
94931
91077
90866
90531
97673
97921
106766
97923
105504
105355
105197
103688
103624
103449
103372
103107
102469
102194
101895
101525
101285
99149
99114
98961
98154
90439
90376
90057
89804
80489
80463
79242
78653
78574
78039
74545
74324
73023
72741
72720
72395
72226
72176
72131
72011
71745
2730
81591
81786
87304
89759
89492
89470
89260
88810
88235
88129
86833
81845
86320
85394
83976
82463
82459
82313
81932
106100
106916
71108
144172
142488
141749
140725
140715
140174
139642
139385
137337
134881
134859
134130
133771
133645
132800
132549
132547
132458
143385
146656
106920
148482
111931
111384
82152
66203
47044
138610
164979
164977
163949
163056
161582
161336
160954
158783
156387
155064
148626
131796
128606
128512
128360
114254
113064
112852
112556
112552
112550
112515
112290
112183
112070
111622
111505
111251
111249
110871
107636
107141
114342
114459
114662
123663
128235
127212
127206
127144
127114
127108
123695
122882
115139
118880
118700
117176
116797
116161
115713
115569
71464
81562
70293
8207
8767
8766
8765
8751
8645
8584
8494
8236
8195
48516
8154
8128
7926
7792
7438
7335
7195
6983
25805
25927
26150
26151
47423
47274
46723
69481
45210
45028
42217
41863
41585
40819
40629
39183
38304
37741
34517
31770
26366
6981
6874
6830
4103
3811
3789
3742
3679
3671
3634
3632
3539
3498
3415
3384
3111
3089
2927
2920
2857
2747
3947
4262
6783
4326
6643
6515
6433
6229
5956
5795
5791
5747
5464
5289
5198
5169
4928
4763
4712
4437
4327
47629
46664
54881
55276
56782
56607
56286
56152
56015
55946
55442
55363
55280
55269
53123
55253
55118
55069
55063
55052
54513
54286
54272
53953
56788
56805
57669
58191
67665
67429
67255
67087
66665
64839
64701
64622
64620
64614
63876
63082
61357
61323
61240
61236
60766
60069
58879
53894
339
53000
48738
52967
52579
48696
52241
48774
49824
49917
50068
51540
48394
2936
52281
41997
954
541
3022
8125
78499
1283
7243
3629
2085
4069
3948
1
293
79132
47
27773
4995
74458
4226
3703
48780
2959
6218
2529
2542
3949
1291
5064
62849
3751
40148
745
3994
1036
44199
4011
5602
2989
2329
4638
2600
2985
4023
1617
3160
780
7347
494
434
4223
3916
153
3175
3499
8781
2273
