5952
7153
4993
8795
5902
3978
3260
2019
924
50068
6874
5791
5464
8645
55280
7438
318
55363
55069
55442
61236
61240
41997
52281
1265
260
2571
2959
8128
4103
1172
1273
1957
3111
1197
5349
3679
3811
1211
4262
5198
4326
5747
3052
1517
8874
68954
48394
79132
5608
3361
1729
778
132046
4226
5299
33794
31878
111384
1219
121231
34321
4973
27773
2542
1210
27611
48780
118997
47
1061
35836
62849
1704
115617
135518
74458
56367
2068
72998
5971
70286
296
6539
4995
111624
60684
109487
1079
55247
1258
66934
63131
7161
122886
6942
94777
107999
46970
1732
3809
64969
6350
2700
6754
7844
7090
2924
3996
68319
4018
134853
40614
7022
3265
2529
109374
65514
1250
2692
1089
34405
6281
2085
1131
2012
5481
2004
5812
1956
1954
64957
1801
1639
4388
1635
27255
6953
1376
8636
1358
5377
48711
3893
4351
3785
3751
4016
4189
4612
4041
3114
4306
4369
5135
4641
3113
6683
2396
4701
6986
4823
4890
2369
1153
88125
47099
35957
77455
78499
4322
34162
1028
1997
8533
45720
59725
3176
3707
5984
7155
39421
53318
306
32892
319
364
588
146501
757
7478
914
60072
40148
47465
6016
1955
107649
44191
106473
3676
5449
106918
946
5909
1259
4911
4467
2968
78349
1900
2361
117533
1
1199
130682
8623
150
100365
45950
37729
8369
69712
1242
2424
1274
68157
2997
66097
5782
63992
6857
37733
27904
8961
26554
26585
7373
5507
1721
4721
7376
31221
32025
5219
4069
50
232
3882
1176
741
4121
3793
104
47640
6985
7361
44555
3030
5618
82461
104283
69526
8865
36401
1103
1610
8528
52973
55820
61024
76251
78209
593
858
1042
1120
1200
3301
3948
1059
3300
8972
30745
31658
52885
58559
67997
7458
5445
52319
5
186
215
236
71057
300
337
350
357
377
520
529
587
628
661
904
27592
8188
6713
2359
3275
8464
26614
26662
3257
2641
68358
93040
95441
97938
106696
54290
6287
111
247
1080
80551
1256
2082
2288
104841
69640
3546
5662
246
599
1209
96610
97921
97752
97673
97304
96832
96811
96728
96588
98154
96417
95761
95558
95449
95135
94969
94959
97923
98961
106920
103449
106766
106100
105504
105355
105197
103688
103624
103372
99114
103107
102469
102194
101895
101525
101285
99149
94931
91077
90866
79242
1232
81845
81786
81591
81562
80489
80463
78653
90531
78574
78039
74545
74324
73023
72741
72720
82313
82459
82463
83976
90439
90376
90057
89804
89759
89492
89470
89260
88810
88235
88129
87304
86833
86320
85394
106916
107141
72226
137337
142488
141749
140725
140715
140174
139642
139385
134881
144172
134859
134130
133771
133645
132800
132549
132547
143385
146656
107636
163949
111931
82152
66203
47044
138610
164979
164977
163056
148482
161582
161336
160954
158783
156387
155064
148626
132458
131796
128606
112515
114459
114342
114254
113064
112852
112556
112550
112290
128512
112183
112070
111622
111505
111251
111249
110871
114662
115139
115569
115713
128360
128235
127212
127206
127144
127114
127108
123695
123663
122882
118880
118700
117176
116797
116161
72395
81932
45028
8154
8766
8765
8751
8584
8494
8236
8207
8195
7926
47629
7792
7335
7195
6983
6981
6830
6783
6643
8767
25805
25927
26150
47274
46723
46664
45210
72176
42217
41863
41585
40819
40629
39183
38304
37741
34517
31770
26366
26151
6515
6433
6229
3089
2920
2857
2747
2730
2677
2330
2202
2182
2178
2109
1942
1935
1572
1281
1272
1260
1245
2927
3246
5956
3384
5795
5289
5169
4928
4763
4712
4437
4327
3947
3789
3742
3671
3634
3632
3539
3498
3415
47423
339
54881
56152
60069
58879
58191
57669
56805
56788
56782
52241
56607
52579
52967
56286
53000
61323
56015
53123
53894
53953
54272
55946
54286
54513
55276
55052
55063
55118
60766
51540
55269
61357
48516
72131
72011
71745
71464
71108
48696
48738
48774
70293
49824
69481
67665
67429
67255
67087
66665
64839
64701
64622
49917
64620
64614
63876
63082
55253
109249
46578
3703
6863
608
112552
6218
2174
3949
4011
293
8861
2028
7243
1283
3629
2936
2942
1291
5064
8928
2502
954
8125
3022
541
3994
745
1036
44199
3916
4223
494
434
8781
153
7347
5602
4638
4023
3499
1617
2273
2329
2600
2985
2989
3160
3175
780
1088
