112556
112183
112290
117176
116797
116161
115569
114662
114342
111622
112852
44199
45210
48738
41863
45028
46723
49824
48774
49917
48696
47423
48516
47629
111251
4011
109374
2542
37733
1721
69640
318
1089
2959
118700
112515
118880
112552
296
2571
4995
44555
62849
47
61323
57669
60766
58879
60069
58191
61357
64622
63082
55063
64701
67429
64620
64614
63876
64839
40148
47099
64957
4973
780
494
434
153
3175
4023
3916
8781
7347
5602
4638
1617
2273
4223
2329
2600
2985
2989
3160
3499
6539
1729
778
88235
90057
89804
90376
90439
90531
90866
89759
89492
39183
89470
38304
89260
88810
858
88129
87304
86833
86320
85394
83976
37741
40629
593
4121
1610
1200
1120
1042
91077
40819
97938
45720
4226
608
79132
59725
2529
74458
134853
350
52973
1103
4041
78499
68157
48780
46578
67255
81562
74324
74545
78574
79242
80463
80489
78039
81591
81845
81932
82459
82463
1704
1079
3809
3949
1036
27773
2424
745
6942
3793
109249
3361
93040
5064
1291
7458
61024
4018
6218
63992
111624
5608
1
1265
1732
2068
6350
2028
3882
111384
115617
1258
3994
2288
88125
121231
94959
94931
99114
95558
98961
97923
97921
99149
97752
101525
97304
96811
96728
96588
98154
95449
95135
3948
587
4306
232
118997
319
2330
1245
3246
588
2677
306
364
1061
7243
1283
3629
1219
117533
5299
27592
105504
8874
8928
1176
5971
31878
541
954
8125
3022
130682
34321
215
1997
26614
50
135518
2936
35836
3751
3546
66097
60684
66934
78349
55820
3703
132046
63131
7161
46970
64969
27611
6863
1131
1635
1517
1639
1376
1358
47465
1259
4388
3996
4612
48711
4189
300
337
52319
357
27255
377
520
529
6986
628
661
6683
904
1059
1242
1250
1801
5909
1956
4911
2700
3114
34162
3893
4016
32892
7478
4351
4369
4641
1955
4701
4823
4890
5135
5349
3052
35957
1954
37729
4467
246
2004
2012
2968
2085
1199
2369
107999
8623
2396
2174
150
100365
45950
5445
67997
236
31221
76251
8528
2502
104
36401
8865
6754
104283
82461
5618
3030
7361
8464
6985
26662
32025
7376
68358
4721
2997
5782
2924
1274
6857
7022
7090
7844
741
8961
26554
26585
5481
33794
78209
47640
71057
104841
3300
6713
3275
8188
3257
2641
30745
31658
2359
80551
52885
58559
3265
5
2082
186
6287
5662
95441
3301
69712
106696
69526
68319
54290
111
247
27904
1080
8861
7373
1256
5507
5219
4069
5377
339
5812
5198
8154
8195
8207
8236
139642
8584
132549
8751
8765
8766
8767
132458
25805
131796
25927
26150
26151
26366
31770
8128
140715
7792
6515
5289
71464
5747
156387
5795
155064
6229
6433
6643
140725
6783
6830
148482
6981
6983
144172
7195
7335
128235
34517
127212
72395
97673
82313
78653
55946
56015
73023
72741
72720
72226
102194
72176
72131
72011
66665
67087
71745
69481
70293
101895
103107
41585
112070
127144
42217
46664
47274
6281
123695
123663
115139
107636
103372
107141
106920
106916
106766
106100
105355
105197
103624
160954
158783
5169
1028
2942
8533
3176
3707
5984
7155
39421
53318
146501
164979
914
946
1153
1172
4928
1209
1211
1088
4322
1260
138610
6953
8636
65514
111931
107649
44191
106473
3676
5449
82152
106918
8369
66203
1900
2361
6016
47044
1232
1197
1272
3789
3415
3498
3539
1273
163056
3671
3679
3742
3811
3111
3947
4103
4262
4326
4327
4437
4712
161582
3384
3632
71108
2109
2178
2182
1957
3089
2202
1942
1935
1572
1281
164977
2747
2857
163949
2927
56367
2692
70286
55247
34405
293
260
40614
94777
3785
8972
3113
127108
96610
96832
599
140174
148626
134881
137337
146656
127114
128606
139385
133645
128360
115713
134130
141749
142488
143385
77455
56788
52967
53000
53123
53894
56805
54272
54286
54513
56607
56782
51540
55052
56286
55118
55253
56152
55269
55276
52241
54881
1210
72998
8494
5956
132547
103688
103449
96417
95761
81786
3634
60072
2920
2730
67665
924
109487
122882
134859
111249
94969
7926
101285
102469
53953
52579
110871
127206
133771
132800
111505
757
113064
161336
114254
128512
114459
4763
112550
48394
68954
5902
3260
3978
122886
2019
41997
52281
61236
61240
8795
4993
7153
5952
55069
55442
55363
55280
6874
7438
5464
5791
8645
50068
