2942
1088
357
2424
236
1721
59725
3114
7155
150
39421
6942
3707
2174
112552
115617
6863
35836
63992
520
628
587
529
186
377
215
67997
350
5
300
246
337
135518
661
1635
2085
2012
2004
1956
1954
1801
1639
1517
904
1376
1358
1259
1250
1242
1059
52885
58559
5662
31658
106696
95441
93040
72998
68358
56367
34321
27611
26662
26614
8464
7161
5299
4018
3948
2068
97938
118997
30745
134853
27592
8188
6713
6287
2396
3546
2288
1256
1219
1089
1080
247
111
40614
54290
2369
3361
2692
60072
45720
8533
1997
1028
4322
78499
77455
47099
78349
40148
6016
5608
1
117533
2361
1900
63131
64969
3176
5984
1245
1232
1209
1153
954
946
914
757
146501
588
541
364
319
306
53318
94777
70286
2700
4016
4823
4701
4641
4369
4351
4306
4041
3978
8369
3893
3785
3751
1210
3260
3113
3052
4890
5135
5349
5377
106918
55247
5449
3676
106473
44191
107649
88125
68954
65514
8636
6953
6281
5812
5481
1265
232
1176
104
60684
48394
37733
34405
27904
7373
5507
5219
4069
3882
3301
3300
3275
3257
2641
2359
1061
66097
66934
68157
3030
8865
6754
132046
104283
82461
5971
5618
44555
68319
7361
6985
47640
46970
71057
69712
69526
80551
2082
104841
8623
4911
4467
2968
1199
130682
111624
107999
100365
47465
45950
37729
35957
34162
32892
7478
1955
5909
4388
69640
1258
8972
7458
5445
52319
121231
109487
1704
260
1131
27255
6986
6683
4612
4189
48711
64957
36401
1103
318
2502
6350
5952
5902
5782
4993
3996
3265
2997
2924
2571
2019
1274
924
741
44199
8781
7347
6539
6857
7022
33794
1272
50
32025
31221
7376
4721
122886
31878
7090
26585
26554
8961
8874
8795
7844
7153
6218
5602
5064
434
1042
1036
858
780
745
593
494
293
1200
153
78209
76251
61024
55820
52973
8528
1120
1291
4638
3499
4223
4121
4023
3994
3949
3916
3793
3175
1610
3160
2989
2985
2600
2329
2273
1617
1260
599
69481
94931
96588
96417
95761
95558
95449
95135
94969
94959
91077
96728
90866
90531
90439
90376
90057
89804
89759
89492
96610
96811
64839
101285
103624
103449
103372
103107
102469
102194
101895
101525
99149
96832
99114
98961
98154
97923
97921
97752
97673
97304
89470
89260
88810
72011
74324
73023
72741
72720
72395
72226
72176
72131
71745
88235
71464
71108
70293
1281
67665
67429
67255
67087
74545
78039
78574
78653
88129
87304
86833
86320
85394
83976
82463
82459
82313
81932
81845
81786
81591
81562
80489
80463
79242
103688
105197
105355
134881
142488
141749
140725
140715
140174
139642
139385
137337
134859
128512
134130
133771
133645
132800
132549
132547
132458
131796
143385
144172
146656
148482
111931
111384
82152
66203
47044
138610
164979
164977
163949
163056
161582
161336
160954
158783
156387
155064
148626
128606
128360
105504
111505
112852
112556
112550
112515
112290
112183
112070
111622
111251
128235
111249
110871
107636
107141
106920
106916
106766
106100
113064
114254
114342
114459
127212
127206
127144
127114
127108
123695
123663
122882
118880
118700
117176
116797
116161
115713
115569
115139
114662
66665
339
8494
6643
8207
8195
8154
2182
8125
7926
7792
7438
7335
7243
7195
6983
6981
6874
6830
8236
64701
8584
26151
39183
38304
37741
34517
31770
26366
26150
8645
25927
25805
8767
8766
8765
8751
6783
6515
3634
2202
2927
4327
2936
3022
3089
3947
3246
3384
3789
3415
3742
3498
3671
3539
3629
2920
2857
4437
2677
6433
6229
5956
5795
5791
2330
5464
4712
5289
2730
5169
4928
2747
4763
40629
40819
41585
55946
56782
56607
56286
56152
1935
56015
55442
56805
55363
1942
55280
2028
55276
55269
56788
57669
55118
61323
64622
64620
64614
63876
63082
61357
1283
1572
61240
61236
60766
60069
58879
58191
41863
55253
55069
2178
49917
49824
48774
48738
48696
48516
47629
47423
47274
46723
46664
45210
45028
42217
41997
55063
50068
51540
53894
2109
55052
54881
54513
54286
54272
53953
3632
53123
53000
52967
52579
52281
52241
109374
46578
8928
296
4973
1732
2542
3809
608
109249
79132
47
27773
1729
778
4995
74458
4226
62849
3703
48780
4011
8861
1957
3679
1211
1197
1172
3811
4326
8128
5747
5198
3111
4103
4262
1273
1079
2959
2529
