5198
8128
1957
1273
5747
4262
4103
1211
1197
1172
3811
4326
3679
3111
1729
778
296
1079
608
2542
2959
858
1610
1120
1200
246
4121
1042
593
318
3246
2677
1245
2330
588
364
306
319
52973
1103
4041
350
1732
4712
4437
3498
3671
26366
2730
47274
8207
3384
7792
2178
3947
6229
1272
2109
4928
3793
3809
293
215
1089
55820
109249
4973
111
2396
1131
1954
26614
1242
7844
1704
7090
1259
50
1080
3996
2924
260
2174
3361
3882
37733
1061
8928
68157
7022
3265
46578
109374
7926
161336
757
94969
112550
101285
53953
113064
114254
114459
111505
111249
110871
133771
127206
128512
4763
102469
52579
132800
2028
111384
40148
4890
121231
31878
2361
4995
65514
5608
81786
134859
122882
118700
67665
112515
118880
4011
55363
2920
3634
1258
62849
107649
27773
77455
112552
1219
3949
1176
4226
6863
1088
79132
117533
1210
2019
132046
47
2068
122886
107999
27611
109487
68319
134853
2571
135518
3703
70286
72998
115617
44199
3052
2004
2012
3257
2085
2641
2359
80551
2082
2692
2700
3113
104841
3275
3114
69640
8972
7458
3260
5445
52319
48780
27255
1956
3300
3751
3301
904
1059
47640
46970
1250
71057
69712
1358
1376
69526
1517
66934
66097
60684
34405
1635
27904
8861
7373
5507
5219
1801
4069
6986
3893
3785
5449
6953
8636
130682
68954
88125
111624
8623
44191
106473
150
3676
55247
628
100365
45950
106918
8369
37729
35957
34162
32892
7478
78349
1955
6281
5812
5481
5377
3978
4016
6683
4612
4189
48711
4306
74458
4351
64957
4388
4369
4641
4701
4823
47465
5909
4911
5135
4467
2968
1199
5349
661
529
587
2600
3499
94777
7376
31221
32025
35836
3175
3160
2989
232
2985
2329
34321
1265
2273
3948
4018
1617
5299
7161
8464
1291
1036
26662
33794
3916
26585
26554
924
1274
8781
7347
6218
5602
2997
5064
4638
4993
5782
5902
5952
6350
6539
6857
4223
4023
7153
3994
8795
8874
8961
780
745
741
82461
6713
8188
27592
104283
30745
31658
52885
58559
67997
5
186
5971
494
236
5618
3030
44555
7361
300
337
6985
357
377
520
6287
6754
5662
3546
56367
68358
93040
95441
97938
106696
434
153
118997
78209
76251
54290
40614
61024
247
8528
2502
104
36401
1256
8865
2288
2529
4721
599
1900
89804
94931
91077
90866
90531
90439
90376
90057
89759
64620
89492
89470
89260
88810
88235
88129
87304
94959
95135
95449
95558
99114
98961
98154
97923
97921
97752
97673
97304
96832
96811
96728
96610
96588
96417
95761
86833
86320
85394
72720
72226
72176
72131
72011
71745
71464
71108
70293
69481
67429
67255
67087
66665
64839
64701
72395
72741
83976
73023
82463
82459
82313
81932
81845
81591
81562
80489
80463
79242
78653
78574
78039
74545
74324
99149
101525
101895
144172
142488
141749
140725
140715
140174
139642
139385
137337
134881
134130
133645
132549
132547
132458
131796
143385
146656
128360
148482
111931
82152
66203
47044
138610
164979
164977
163949
163056
161582
160954
158783
156387
155064
148626
128606
128235
102194
112070
111251
107636
107141
106920
106916
106766
106100
105504
105355
105197
103688
103624
103449
103372
103107
111622
112183
127212
112290
127144
127114
127108
123695
123663
117176
116797
116161
115713
115569
115139
114662
114342
112852
112556
1
64622
64614
5289
6515
6433
5956
5795
5791
5464
5169
2927
4327
3789
3742
3632
3539
3415
6643
6783
6830
6874
6981
6983
7195
7335
7438
8154
8195
8236
63876
8584
8645
8751
8765
3089
2857
8767
2942
3707
3176
64969
63131
45720
8533
1997
2747
1028
4322
78499
60072
47099
6016
5984
7155
39421
53318
146501
914
946
1153
1209
1232
1260
1281
1572
1935
1942
2182
2202
8766
8494
25805
55946
55280
55276
55269
55253
55118
55069
55063
55052
54881
54513
54286
54272
53894
25927
53123
55442
56015
52967
56152
63082
61357
61323
61240
61236
60766
60069
58879
58191
57669
56805
56788
56782
56607
56286
53000
339
45028
48516
40819
39183
41585
38304
41863
42217
37741
34517
45210
46664
31770
46723
47629
47423
48696
49917
52241
51540
26150
50068
40629
49824
48774
48738
26151
63992
48394
6942
2424
59725
2936
52281
41997
3022
8125
541
954
7243
1283
3629
1721
2369
1639
