1210
2028
1283
7243
3629
8125
3022
954
541
588
3246
364
2677
1245
319
306
2330
52281
41997
2936
1250
215
48394
132046
70286
293
72998
122886
107999
260
34405
94777
27611
109487
68319
2571
135518
3703
79132
2959
27773
5
67997
58559
52885
31658
30745
27592
8533
8188
6713
5662
3546
2529
45720
186
236
2288
529
1242
1059
904
661
628
587
520
246
377
357
350
337
300
6942
59725
1256
1729
26662
68358
56367
64969
46578
34321
3176
26614
93040
8464
7161
5299
4973
4018
3707
63131
95441
1259
40614
1219
1089
1080
1079
247
111
54290
97938
134853
118997
115617
109374
109249
106696
6863
1358
2542
6953
44191
107649
88125
68954
65514
8636
6281
3676
5812
78499
5377
4322
5135
4890
106473
55247
1376
2361
5608
778
1
117533
6016
40148
1900
106918
47099
60072
78349
62849
8369
77455
4823
4701
4641
2004
2692
2396
2369
1997
2085
2012
1956
1028
1954
2942
1801
1639
1635
1517
2700
1088
3052
2424
3113
3114
3260
3361
3751
3785
3893
3978
4016
4041
4306
4351
4369
3948
50
2068
3300
8861
7373
5507
5219
4069
3882
3809
3301
3275
8865
3257
2641
2359
1732
1061
80551
2082
104841
8928
27904
37733
60684
104283
82461
5971
5618
3030
44555
7361
6985
47640
46970
71057
69712
69526
68157
66934
66097
63992
69640
8972
7458
47465
4911
4467
2968
1199
130682
111624
8623
2174
150
100365
45950
37729
35957
34162
32892
7478
1955
5909
296
5445
4388
608
52319
121231
48780
4995
4226
1704
1258
27255
6986
6683
4612
4189
48711
74458
64957
1131
6754
36401
1265
3996
7022
6857
6539
6350
5952
5902
5782
4993
3265
1103
2997
2924
2019
1274
924
741
44199
8781
7090
7153
7844
8795
1176
318
232
7155
47
35836
32025
31221
7376
4721
1721
33794
31878
26585
26554
8961
8874
7347
6218
5602
1291
1120
1042
1036
858
780
745
593
494
434
153
78209
76251
61024
55820
52973
8528
2502
1200
1610
5064
1617
4638
4223
4121
4023
4011
3994
3949
3916
3793
3499
3175
3160
2989
2985
2600
2329
2273
5984
599
39421
95449
96832
96811
96728
96610
96588
96417
95761
95558
95135
53318
94969
94959
94931
91077
90866
90531
90439
90376
97304
97673
97752
97921
105355
105197
103688
103624
103449
103372
103107
102469
102194
101895
101525
101285
99149
99114
98961
98154
97923
90057
89804
89759
80463
78653
78574
78039
74545
74324
73023
72741
72720
72395
72226
72176
72131
72011
71745
71464
71108
70293
79242
80489
89492
81562
89470
89260
88810
88235
88129
87304
86833
86320
85394
83976
82463
82459
82313
81932
81845
81786
81591
105504
106100
106766
144172
142488
141749
140725
140715
140174
139642
139385
137337
134881
134859
134130
133771
133645
132800
132549
132547
132458
143385
146656
128606
148482
111931
111384
82152
66203
47044
138610
164979
164977
163949
163056
161582
161336
160954
158783
156387
155064
148626
131796
128512
106916
114342
113064
112852
112556
112552
112550
112515
112290
112183
112070
111622
111505
111251
111249
110871
107636
107141
106920
114254
114459
128360
114662
128235
127212
127206
127144
127114
127108
123695
123663
122882
118880
118700
117176
116797
116161
115713
115569
115139
69481
67665
67429
7335
6983
6981
6874
6830
6783
6643
6515
6433
6229
5956
5795
5791
5464
5289
5169
7195
7438
4763
7792
26150
25927
25805
8767
8766
8765
67255
8645
8584
8494
8236
8207
8195
8154
7926
4928
4712
26366
2202
2178
2109
1942
1935
1572
1281
1272
1260
1232
1209
1153
946
914
757
146501
2182
2730
4437
2747
4327
3947
3789
3742
3671
3634
3632
3539
3498
3415
3384
3089
2927
2920
2857
26151
8751
31770
55363
56782
56607
56286
56152
56015
55946
55442
55280
56805
55276
55269
55253
55118
55069
55063
55052
56788
57669
54513
63876
67087
66665
64839
64701
64622
64620
64614
63082
58191
61357
61323
61240
61236
60766
60069
58879
54881
339
48738
52579
46664
47423
47629
48516
48696
54286
48774
49824
49917
45210
45028
50068
51540
52241
52967
46723
42217
53000
41863
53123
53894
41585
40819
40629
39183
38304
53953
54272
37741
34517
47274
5349
6287
5449
104
5481
1957
1197
5198
4262
4103
1172
5747
8128
1211
3811
3679
1273
3111
4326
