1042
377
4121
1610
1200
1120
858
593
150
3793
3114
296
2424
1729
778
1089
68157
2959
2542
1079
1732
1250
1517
1376
1358
1259
2085
1242
1059
1635
904
661
3751
1801
1639
1954
1956
3361
3260
3113
3052
2700
628
2692
2396
2004
2012
2369
135518
529
587
247
5662
3546
2529
2288
1256
1219
1080
111
3893
40614
54290
134853
118997
115617
109374
109249
6287
6713
8188
27592
520
357
350
337
300
246
236
186
5
67997
58559
52885
31658
30745
27773
3785
4306
3978
4016
3707
3176
64969
63131
59725
45720
8533
6942
6863
2942
1997
1088
1028
4322
78499
77455
62849
5984
7155
39421
1197
1281
1273
1272
1260
1232
1211
1209
1172
53318
1153
954
946
914
757
146501
541
60072
47099
40148
5135
8636
6953
6281
5812
5481
5377
5349
4890
68954
4823
4701
4641
4369
4351
97938
4041
65514
88125
6016
70286
5608
1
117533
2361
1900
94777
78349
8369
107649
106918
55247
5449
3676
106473
44191
3703
106696
34321
95441
1061
3809
3301
3300
3275
3257
2641
2359
80551
4069
2082
104841
69640
8972
7458
5445
608
3882
5219
93040
63992
46970
71057
69712
69526
68319
66934
66097
60684
5507
48394
37733
34405
27904
8928
8861
7373
52319
121231
109487
2174
4467
2968
1199
130682
111624
107999
8623
100365
79132
45950
37729
35957
34162
32892
7478
1955
4911
5909
47465
4388
48780
4995
4226
1704
1258
260
27255
6986
6683
4612
4189
48711
74458
64957
1131
47640
6985
7361
4721
232
50
47
35836
32025
31221
7376
122886
7844
1721
33794
31878
26585
26554
8961
8874
318
1176
1210
1265
72998
68358
56367
46578
1572
27611
26662
26614
8464
7161
5299
4973
4018
3948
2068
8795
7153
44555
36401
61024
55820
52973
8528
2502
1103
104
8865
7090
6754
132046
104283
82461
5971
5618
3030
76251
78209
741
924
7022
6857
6539
6350
5952
5902
5782
4993
3996
3265
2997
2924
2571
2019
1274
1283
599
1935
97752
97304
96832
96811
96728
96610
96588
96417
95761
95558
95449
95135
94969
94959
94931
91077
90866
90531
97673
97921
90376
97923
105504
105355
105197
103688
103624
103449
103372
103107
102469
102194
101895
101525
101285
99149
99114
98961
98154
90439
90057
70293
81562
80463
79242
78653
1942
78039
74545
74324
73023
72741
72720
72395
72226
72176
72131
72011
71745
71464
80489
81591
89804
81786
89759
89492
89470
89260
88810
88235
88129
87304
86833
86320
85394
83976
82463
82459
82313
81932
81845
106100
106766
106916
144172
142488
141749
140725
140715
140174
139642
139385
137337
134881
134859
134130
133771
133645
132800
132549
132547
132458
143385
146656
106920
148482
111931
111384
82152
66203
47044
138610
164979
164977
163949
163056
161582
161336
160954
158783
156387
155064
148626
131796
128606
128512
128360
114254
113064
112852
112556
112552
112550
112515
112290
112183
112070
111622
111505
111251
111249
110871
107636
107141
114342
114459
114662
123663
128235
127212
127206
127144
127114
127108
123695
122882
115139
118880
118700
117176
116797
116161
115713
115569
71108
78574
69481
7926
8645
8584
8494
8236
8207
8195
8154
8128
8125
7792
6515
7438
7335
7243
7195
6983
6981
6874
6830
6783
8751
8765
8766
8767
46664
45210
67665
42217
41997
41863
41585
40819
40629
39183
38304
37741
34517
31770
26366
26151
26150
25927
25805
6643
6433
47274
2936
3632
3629
3539
3498
3415
3384
3111
3089
3022
2927
6229
2920
2857
2747
2730
2202
2182
2178
2109
1957
3634
3671
3679
3742
5956
5795
5791
5747
5464
5289
5198
5169
4928
4763
4712
4437
4327
4326
4262
4103
3947
3811
3789
46723
45028
54513
56788
56607
56286
56152
56015
55946
55442
55363
55280
55276
55269
55253
55118
55069
55063
55052
54881
54286
54272
53953
56782
56805
53123
57669
67429
67255
67087
66665
64839
64701
64622
64620
64614
63876
63082
61357
61323
61240
61236
60766
60069
58879
58191
53894
339
53000
47423
52967
48774
48738
49824
48696
48516
49917
47629
52579
50068
51540
52241
52281
6218
3949
4011
1291
5064
745
3994
1036
44199
1617
494
434
2329
780
2273
2989
4223
3499
8781
7347
5602
4638
2600
4023
3916
153
3175
3160
2985
293
215
2028
588
2677
2330
364
319
1245
306
3246
