4121
593
1610
1200
1120
1042
858
1956
2396
3793
1219
4890
904
318
3361
111384
121231
1061
4351
4369
1358
1376
3893
1517
1635
1639
1801
4016
1954
4823
2004
2012
2085
2369
3751
4041
2700
3052
3113
3114
1259
4701
4641
3785
135518
1250
3546
31658
30745
27592
8188
6713
6287
5662
2288
1242
1729
1256
1080
1079
247
111
40614
52885
58559
67997
5
5135
661
628
587
529
520
377
357
350
337
300
246
236
215
186
1059
5377
5349
134853
757
146501
588
541
364
319
306
53318
39421
7155
5984
3707
3176
64969
63131
59725
45720
914
946
954
1935
2330
2202
2182
2178
2109
2028
1942
1572
1153
1283
1281
1272
1260
1245
1232
1209
8533
6942
6863
107649
106918
55247
5449
3676
106473
44191
3703
88125
70286
68954
65514
8636
6953
6281
5812
5481
8369
78349
2942
47099
1997
1088
1028
4322
78499
77455
60072
40148
94777
6016
2542
778
1
117533
2361
1900
54290
97938
118997
8861
5507
5219
4069
3882
3809
3301
3300
3275
3257
2641
2359
1732
80551
2082
104841
7373
8928
8972
27904
6985
47640
46970
71057
69712
69526
68319
68157
66934
66097
63992
60684
48394
37733
34405
69640
7458
44555
4467
1199
130682
111624
107999
8623
2174
150
100365
45950
37729
35957
34162
32892
7478
1955
2968
4911
5445
5909
608
52319
109487
260
27255
6986
6683
4612
4189
48711
64957
1131
4388
296
47465
7361
3030
115617
4973
2424
2068
1265
1210
1176
232
50
35836
32025
31221
7376
4721
122886
1721
33794
4018
5299
26585
7161
109374
109249
106696
2730
95441
93040
72998
68358
56367
46578
34321
27611
26662
26614
8464
31878
26554
5618
741
76251
61024
55820
52973
8528
2502
1103
104
36401
8865
6754
132046
104283
82461
5971
78209
1274
8961
2019
8874
8795
7844
7090
7022
6857
6539
6350
5782
4993
3996
3265
2997
2924
2571
2677
599
2747
97752
97304
96832
96811
96728
96610
96588
96417
95761
95558
95449
95135
94969
94959
94931
91077
90866
90531
97673
97921
71108
97923
105504
105355
105197
103688
103624
103449
103372
103107
102469
102194
101895
101525
101285
99149
99114
98961
98154
90439
90376
90057
89804
80489
80463
79242
78653
78574
78039
74545
74324
73023
72741
72720
72395
72226
72176
72131
72011
71745
81562
81591
2857
87304
89759
89492
89470
89260
88810
88235
88129
86833
81845
86320
85394
83976
82463
82459
82313
81932
106100
106766
106916
128606
142488
141749
140725
140715
140174
139642
139385
137337
134881
134859
134130
133771
133645
132800
132549
132547
132458
143385
144172
146656
163949
111931
82152
66203
47044
138610
164979
164977
163056
148482
161582
161336
160954
158783
156387
155064
148626
131796
128512
106920
128360
114254
113064
112852
112556
112552
112550
112515
112290
112183
112070
111622
111505
111251
111249
110871
107636
107141
114342
114459
114662
123663
128235
127212
127206
127144
127114
127108
123695
122882
115139
118880
118700
117176
116797
116161
115713
115569
71464
81786
70293
31770
26151
26150
25927
25805
8767
8766
8765
8751
8645
8584
8494
8236
8207
8195
8154
8125
7926
26366
34517
7438
37741
48516
47629
47423
69481
47274
46723
46664
45210
45028
42217
41997
41863
41585
40819
40629
39183
38304
7792
7335
48738
4437
3947
3789
3742
3671
3634
3632
3629
3539
3498
3415
3384
3246
3089
3022
2936
2927
2920
4327
4712
7243
4763
7195
6983
6981
6874
6830
6783
6643
6515
6433
6229
5956
5795
5791
5464
5289
5169
4928
48696
339
55253
55442
56152
49824
56015
49917
50068
51540
55946
52241
52281
52579
52967
53000
55363
56607
53123
53894
53953
54272
54286
55280
54513
54881
55276
55052
55063
55269
56286
56782
55069
63082
67665
67429
67255
67087
66665
64839
64701
64622
48774
64620
64614
63876
61357
56788
61323
61240
61236
60766
60069
58879
58191
57669
56805
55118
1258
1704
27773
293
6218
47
5608
4995
74458
1089
62849
1291
5064
745
3994
3949
1036
2529
2692
44199
79132
2959
48780
4011
2329
2273
1617
3175
434
3499
2600
3916
780
2985
8781
494
3160
5602
4223
2989
153
7347
4638
4023
4326
5198
8128
1273
5747
4262
3111
1211
1957
1197
1172
3679
4306
3811
4103
924
5952
7153
4226
3260
3948
5902
3978
