55052
56152
52967
53000
53123
53894
54272
54286
54513
54881
51540
55118
55253
55269
55276
52241
56286
56607
56782
56788
56805
55442
55069
55820
56367
55247
1219
1256
1729
2288
2529
6287
3546
5662
6713
30745
27773
31658
8188
27592
135518
52885
1080
58559
67997
5
186
215
236
246
300
337
350
357
377
520
1089
95441
1079
46578
1265
2068
2424
3948
4018
4973
5299
7161
8464
26614
26662
27611
34321
68358
247
72998
93040
587
97938
106696
109249
109374
115617
118997
134853
54290
40614
111
529
628
1176
5449
117533
2361
1900
94777
78349
70286
8369
106918
3676
778
106473
44191
3703
88125
68954
65514
8636
6953
1
2542
5812
1028
64969
63131
59725
45720
8533
6942
2942
1997
4322
2959
78499
77455
62849
60072
47099
40148
6016
5608
6281
5481
661
1639
2396
2369
2085
2012
2004
1956
1954
1801
1635
2700
1517
1376
1358
1259
1250
1242
1059
904
2692
3052
5377
4306
5349
5135
4890
4823
4701
4641
4369
4351
4041
3113
4016
3978
3893
3785
3751
3361
3260
3114
1210
318
3707
232
8861
7373
5507
5219
4069
3882
3809
3301
3300
3275
3257
2641
2359
1732
1061
80551
2082
104841
69640
8928
27904
34405
71057
5971
5618
3030
44555
7361
6985
47640
46970
69712
37733
69526
68319
68157
66934
66097
63992
60684
48394
8972
7458
5445
8623
5909
4911
4467
2968
1199
130682
111624
107999
150
296
100365
45950
37729
35957
34162
32892
7478
1955
47465
4388
608
1258
52319
121231
109487
79132
48780
4995
4226
1704
260
1131
27255
6986
6683
4612
4189
48711
74458
64957
82461
104283
132046
2924
6350
5952
5902
5782
4993
3996
3265
2997
2571
6857
2019
1274
924
741
44199
8781
7347
6218
6539
7022
5064
1721
50
47
35836
32025
31221
7376
4721
122886
33794
7090
31878
26585
26554
8961
8874
8795
7844
7153
5602
4638
6754
78209
858
780
745
593
494
434
293
153
76251
1042
61024
52973
8528
2502
1103
104
36401
8865
1036
1120
4223
3175
4121
4023
4011
3994
3949
3916
3793
3499
3160
1200
2989
2985
2600
2329
2273
1617
1610
1291
3176
599
5984
97673
96832
96811
96728
96610
96588
96417
95761
95558
95449
95135
94969
94959
94931
91077
90866
90531
90439
97304
97752
90057
97921
105355
105197
103688
103624
103449
103372
103107
102469
102194
101895
101525
101285
99149
99114
98961
98154
97923
90376
89804
69481
80489
79242
78653
78574
78039
74545
74324
73023
72741
72720
72395
72226
72176
72131
72011
71745
71464
71108
80463
81562
89759
81591
89492
89470
89260
88810
88235
88129
87304
86833
86320
85394
83976
82463
82459
82313
81932
81845
81786
105504
106100
106766
144172
142488
141749
140725
140715
140174
139642
139385
137337
134881
134859
134130
133771
133645
132800
132549
132547
132458
143385
146656
106916
148482
111931
111384
82152
66203
47044
138610
164979
164977
163949
163056
161582
161336
160954
158783
156387
155064
148626
131796
128606
128512
128360
114254
113064
112852
112556
112550
112515
112290
112183
112070
111622
111505
111251
111249
110871
107636
107141
106920
114342
114459
114662
123663
128235
127212
127206
127144
127114
127108
123695
122882
115139
118880
118700
117176
116797
116161
115713
115569
7155
70293
67665
2927
3947
3811
3789
3742
3679
3671
3634
3632
3629
3539
3498
3415
3384
3246
3111
3089
3022
4103
4262
4326
5747
67429
6515
6433
6229
5956
5795
5791
5464
4327
5289
5198
5169
4928
4763
4712
4437
2936
2920
6830
2857
1211
1209
1197
1172
1153
954
946
914
757
146501
588
541
364
319
306
53318
39421
1232
1245
1260
2109
2747
2730
2677
2330
2202
2182
2178
2028
1272
1957
1942
1935
1572
1283
1281
1273
6783
6643
6874
46664
55946
55363
55280
55063
53953
52579
52281
50068
49917
49824
48774
48738
48696
48516
47629
47423
47274
56015
57669
58191
64614
67255
67087
66665
64839
64701
64622
64620
63876
58879
63082
61357
61323
61240
61236
60766
60069
6981
46723
45210
8766
45028
8645
8584
8494
8236
8207
8195
8154
8128
8125
7926
7792
7438
7335
7243
7195
6983
8765
8751
8767
38304
42217
41997
41863
41585
40819
40629
25805
39183
37741
34517
31770
26366
26151
26150
25927
339
1088
6863
112552
107649
2174
