2959
2542
1729
778
4011
4226
296
62849
1089
91077
90376
90057
89804
89759
89492
89470
89260
88810
88235
88129
87304
86833
86320
85394
90439
90866
90531
96728
97304
97752
97921
97923
98154
98961
99114
99149
101525
96588
95558
95449
95135
94959
94931
83976
96811
68157
5608
3949
40148
48780
46578
1079
81786
79132
2529
50068
55280
8645
7438
6874
5791
5464
96610
96832
44199
74458
1199
109374
1258
1732
47
1219
55363
48738
48774
49824
45028
49917
45210
47629
48696
46723
41863
48516
47423
4467
1704
52281
41997
293
4223
5602
7347
4638
2600
4023
2329
3916
3499
3175
3160
2989
153
2985
494
780
1617
2273
434
8781
37729
318
4995
27773
3809
2968
60684
67997
44191
97938
44555
3994
47099
68954
71464
72395
72720
72226
72131
72011
71745
67087
71108
70293
69481
78653
66665
73023
48394
608
1036
70286
745
53318
60072
67665
52319
2361
1291
5064
2677
1245
3246
306
588
364
319
2330
81562
81845
67255
81591
82463
74324
74545
78039
78574
82459
79242
80463
80489
81932
103624
106100
105355
105197
106766
97673
107141
103372
6953
102194
103107
106916
106920
101895
2174
6942
3361
7458
93040
2692
2571
78349
8928
2288
109249
111
132046
69712
78499
2028
215
27592
111384
121231
40614
50
26614
77455
72998
7155
1061
6218
27611
3546
6016
1176
112552
2359
64957
107649
1721
111622
112852
117176
112556
112290
112183
114662
116161
114342
115569
116797
109487
112515
118700
118880
59725
55069
55442
135518
111251
1088
39421
1210
111624
3707
2942
2424
4973
117533
260
63992
1954
1801
5445
1956
6986
2004
1639
2012
27255
6683
741
104841
8972
661
350
357
377
520
529
80551
587
628
904
1635
1059
1242
1250
1259
1358
1376
1517
2082
2085
2396
2369
4016
35957
3751
3785
3893
34162
3978
32892
7478
300
4041
4351
1955
4369
4641
4701
4823
3260
3114
45950
100365
4612
4189
48711
1131
4388
47465
5909
4911
130682
107999
8623
2700
150
3052
3113
337
2641
246
104
122886
8528
4721
7376
31221
32025
1103
36401
26585
8865
6754
3948
8464
104283
82461
5618
52973
26554
236
5782
2019
5135
2924
2997
3265
3996
4993
5902
8795
5952
78209
6857
7022
7090
7153
7844
26662
3030
7361
31658
4069
5662
6287
6713
8188
3882
30745
52885
68358
3301
3300
3275
5
186
3257
1274
5219
5507
7373
8861
6985
47640
95441
71057
69526
68319
134853
54290
66097
247
37733
1080
34405
27904
1256
4890
599
339
164977
5377
37741
38304
39183
40629
40819
41585
42217
46664
47274
164979
52579
6981
163949
163056
161582
161336
160954
53953
158783
156387
155064
148626
148482
34517
31770
26366
26151
7195
7243
7335
7792
7926
66203
127144
8128
47044
8154
8195
8207
8236
8494
8584
138610
8751
8765
8766
8767
25805
25927
26150
146656
144172
143385
72741
94969
95761
96417
101285
102469
103449
103688
107636
110871
111249
111505
112070
112550
113064
114254
114459
115139
115713
122882
123663
123695
127108
127114
82313
72176
142488
127212
141749
55946
56015
140725
140715
140174
139642
139385
137337
134881
134859
134130
133771
133645
132800
132549
132547
132458
131796
128606
128512
128360
128235
6983
8125
127206
3384
1572
1935
1942
1957
2109
1900
2178
2182
6830
2202
8369
5449
82152
3676
2730
2747
2857
2920
2927
2936
3022
1
4322
1997
1172
3176
5984
541
146501
757
914
946
954
1153
1197
1283
45720
8533
1209
1211
1232
1260
1272
1273
1281
3111
3089
3415
8636
4763
4928
5169
111931
5198
5289
5747
5795
5956
4437
6281
6229
6433
5812
5481
6515
6643
6783
4712
65514
4327
3789
3498
3539
3629
3632
106473
3634
3671
3679
88125
3742
3703
3811
3947
4103
4326
4262
7161
232
5971
106918
66934
6863
115617
4018
6350
64969
1265
46970
35836
2502
76251
31878
1028
94777
63131
105504
56367
5299
118997
8874
2068
34321
106696
55247
61240
61236
55820
61024
1610
4121
1200
1120
1042
593
858
924
55276
54881
56607
56782
56788
56805
55269
55253
55118
55052
54513
56152
54286
54272
53894
53123
53000
52967
52241
51540
56286
69640
67429
63082
64839
64701
64622
64620
57669
63876
64614
61357
61323
60766
60069
55063
58879
58191
3793
8961
33794
58559
4306
5349
6539
