2959
1729
778
318
296
3949
47
2028
7153
5952
3629
1283
7243
8795
4993
1732
2542
5608
44555
2989
780
5602
4638
4223
4023
8781
153
494
434
3916
3499
2985
3160
2600
2329
3175
1617
2273
7347
44199
6985
7361
2997
2019
4226
541
954
3022
8125
4011
1245
364
306
2677
319
3246
2330
588
5902
3260
3978
1079
1258
1219
3361
88125
5782
2936
1036
293
3994
1610
3785
58559
3113
4121
593
858
1080
1955
1042
1120
1200
2571
745
26554
27773
924
48516
47629
49824
48774
41863
48696
45028
45210
46723
49917
48738
47423
1291
5064
93040
215
111384
2288
121231
2529
1089
2361
1061
48780
27592
3793
62849
48394
1704
79132
132046
74458
53318
47099
130682
66097
1997
111
6218
27611
135518
70286
72998
1210
109487
4995
260
6281
4890
5135
5349
5377
27255
5481
5812
78209
4823
8636
65514
6986
107649
3703
44191
106473
3676
5449
106918
6953
4641
4701
4369
1801
8972
1954
1956
2004
2012
2085
2369
2396
2692
2700
3052
7458
3114
5445
52319
3751
3893
4016
4041
4351
8369
1900
78349
35957
1199
7155
39421
107999
8623
2174
150
100365
45950
37729
146501
104841
34162
757
914
946
32892
7478
1153
1172
1197
1209
2968
5984
3707
4467
6683
117533
4612
4189
48711
1131
6016
40148
4388
60072
47465
77455
4322
1088
5909
2942
4911
8533
45720
59725
3176
1639
1635
2082
1211
4721
7376
31221
32025
5618
50
232
3030
2424
3948
26614
68319
26662
47640
68358
71057
95441
97938
54290
40614
69712
247
122886
1721
33794
26585
741
55820
1274
52973
8528
2924
2502
3265
3996
1103
104
36401
8865
6857
7022
7090
6754
7844
104283
8961
82461
69526
63992
76251
1358
520
529
587
628
661
904
1059
1242
1250
1259
1376
60684
4069
3882
3301
3300
3275
3257
2641
2359
1517
80551
377
357
350
337
1256
37733
34405
27904
3546
5662
6287
6713
8188
8861
7373
30745
31658
52885
5507
5
186
5219
236
246
300
8464
599
1232
97304
96811
96728
96610
96588
96417
95761
95558
95449
95135
94969
94959
94931
91077
90866
90531
90439
90376
96832
97673
106100
97752
105197
103688
103624
103449
103372
103107
102469
102194
101895
101525
101285
99149
99114
98961
98154
97923
97921
90057
89804
89759
89492
79242
78653
78574
78039
74545
74324
73023
72741
72720
72395
72226
72176
72131
1260
71745
71464
71108
80463
80489
81562
86320
89470
89260
88810
88235
88129
87304
86833
85394
81591
83976
82463
82459
82313
81932
81845
81786
105355
106766
69481
143385
141749
140725
140715
140174
139642
139385
137337
134881
134859
134130
133771
133645
132800
132549
132547
132458
131796
142488
144172
106916
146656
111931
82152
66203
47044
138610
164979
164977
163949
163056
161582
161336
160954
158783
156387
155064
148626
148482
128606
128512
128360
128235
113064
112852
112556
112552
112550
112515
112290
112183
112070
111622
111505
111251
111249
110871
107636
107141
106920
114254
114342
114459
122882
127212
127206
127144
127114
127108
123695
123663
118880
114662
118700
117176
116797
116161
115713
115569
115139
70293
72011
339
37741
8584
3742
8751
8765
8766
8767
25805
25927
26150
26151
3679
26366
31770
34517
38304
53894
39183
40629
40819
41585
42217
46664
47274
3671
51540
52241
3634
4712
52967
53000
8494
3789
8236
8207
4928
5169
5198
5289
4437
5747
4327
4326
4262
5795
5956
6229
6433
6515
6643
4103
6783
6830
3947
6981
6983
7195
7335
3811
7792
7926
8128
8154
8195
53123
52579
53953
2109
3111
3089
2927
2920
54272
2747
2730
2202
2182
2178
1957
3415
1942
1935
66665
67087
1572
1281
67255
1273
67665
1272
3384
2857
4763
56015
54513
55052
55269
54286
3632
3539
3498
55253
55276
55946
56152
56286
56607
56782
56788
56805
55118
54881
68157
6942
64957
5971
1176
111624
66934
6863
4018
64969
134853
94777
46970
6350
56367
1028
63131
109374
35836
2068
31878
1265
8928
106696
118997
78499
109249
105504
34321
8874
1
4306
61024
3809
41997
52281
55247
608
115617
67997
4973
68954
7161
60766
64622
64701
64620
64614
64839
63876
63082
67429
61357
61323
57669
60069
58879
58191
55063
69640
5299
55442
55069
55363
6539
55280
50068
8645
7438
6874
5791
5464
61240
61236
46578
