90531
88129
90376
89759
89492
89470
89260
88810
88235
87304
90057
86833
86320
90439
90866
85394
91077
83976
89804
2068
296
81786
106100
858
97673
4121
101895
1610
102194
1200
1120
1042
106766
103107
103372
105355
106916
106920
107141
105197
103624
593
3260
5902
3978
134853
3793
1089
44555
1957
3111
115713
146656
4326
5198
134881
137337
139385
140174
1273
3811
148626
141749
142488
143385
4103
8128
4262
5747
134130
133645
1197
1211
128606
1172
128360
127114
58559
3679
6953
318
7153
5952
115617
63131
7161
68157
122882
134859
127108
6985
46970
94777
44199
64969
49824
48738
48696
48516
47629
41863
47423
49917
46723
45028
45210
48774
6218
60072
109249
26614
50
4018
6863
5299
105504
293
6350
3361
4638
494
2273
2329
2600
2985
2989
3160
780
3175
3499
3916
4023
4223
1617
153
7347
8781
434
5602
34321
47099
2692
260
118997
35836
111384
121231
1036
924
3994
1061
745
1291
5064
54272
56286
56607
56782
56788
56805
55276
55269
55253
55118
55052
54881
52967
54286
54513
56152
53894
53123
52241
51540
53000
55820
4993
8795
2019
4351
4016
4701
4641
4369
4041
3751
3785
3052
2396
3893
4306
3113
2700
4823
3114
339
4890
2085
6016
40148
4322
1088
2942
8533
45720
59725
3176
3707
5984
7155
39421
53318
3275
3257
2359
541
146501
757
80551
3300
3301
5135
3882
8861
5377
5481
5812
6281
8636
65514
107649
3703
44191
106473
3676
5449
5507
5219
8369
78349
1900
2361
1
4069
2369
1256
2012
31221
7844
8961
26554
26585
47640
1721
122886
4721
7376
32025
7022
232
71057
69712
2424
3948
69526
8464
26662
68358
7090
6857
2004
52973
104283
5618
6754
8865
36401
104
1103
2502
8528
76251
7361
78209
3030
741
1274
2924
2997
3265
3996
5782
95441
97938
54290
1242
357
377
520
529
587
628
661
904
1059
1250
40614
1259
1358
1376
1517
1635
1639
1801
1954
1956
350
337
300
246
111
247
63992
37733
954
34405
27904
3546
5662
6287
6713
8188
30745
31658
52885
67997
5
186
236
946
3632
1153
72011
72176
72226
72395
72720
72741
73023
78653
82313
94931
94959
94969
95135
95449
95558
95761
96417
96588
96610
96728
96811
96832
97304
97752
72131
71745
97923
71464
55946
56015
4467
2968
1199
107999
8623
2174
150
100365
45950
37729
35957
34162
32892
7478
2082
67087
1955
67665
69481
70293
71108
97921
98154
5909
132458
132549
132800
133771
139642
140715
140725
144172
148482
155064
156387
158783
160954
161336
161582
163056
163949
164977
164979
138610
47044
66203
82152
111931
132547
131796
98961
128512
99114
99149
101285
101525
102469
103449
103688
107636
110871
111249
111505
112070
112550
113064
114254
114459
115139
123663
123695
127144
127206
127212
128235
4911
66665
47465
5956
3671
3742
3947
4437
4712
4763
4928
5169
5289
27255
6986
5795
6229
7926
6433
4388
6643
6783
6830
6683
6981
6983
7195
7243
7335
4612
3629
3539
3498
3415
1232
104841
1260
1272
1281
1283
1572
1935
1942
8972
2109
2178
2182
2202
7458
5445
2730
2747
52319
2920
2927
2936
3022
3089
3384
7792
6515
82461
8195
34517
8207
25927
8494
8584
48711
8751
8765
31770
8766
8767
26366
26151
26150
25805
37741
8236
8125
42217
4189
38304
39183
40629
52579
53953
47274
40819
41585
1131
46664
117533
6942
112552
66934
66097
77455
1028
61024
78499
106696
1997
111251
56367
27773
130682
1210
112515
118880
118700
5971
64957
4011
74324
81845
82459
82463
81591
81562
80489
80463
79242
78574
78039
74545
81932
67255
8928
109487
114662
112852
114342
111622
112290
112556
112183
115569
117176
116797
116161
62849
68319
27592
48780
72998
70286
111624
74458
31878
7373
60684
88125
2288
135518
2529
63082
60069
58879
61323
61357
63876
58191
64614
60766
64620
57669
55063
64622
64701
64839
67429
1732
8874
93040
27611
2542
608
46578
1258
215
2028
69640
1079
106918
3809
1265
1176
132046
4226
599
778
1729
3949
6539
4995
3634
1219
33794
3789
5349
2857
8154
1080
2641
1209
914
4327
588
364
2677
1245
319
306
3246
2330
109374
4973
2571
68954
47
48394
79132
5608
2959
52281
41997
55247
1704
55442
55069
61236
61240
55363
6874
55280
50068
8645
5464
7438
5791
