78039
78574
82463
74545
74324
79242
82459
80463
80489
81562
67255
81932
81591
81845
79132
2959
4226
74458
61240
61236
78499
4011
55442
55069
1042
1200
1610
593
858
1120
4121
48780
89260
85394
91077
90866
90531
89470
90376
83976
90057
90439
86320
87304
88235
89804
88129
88810
89492
86833
89759
52281
41997
55280
8645
7438
6874
5791
5464
50068
293
47
127114
115713
134881
133645
137337
139385
128606
140174
128360
141749
142488
143385
146656
148626
134130
2028
3949
3994
58191
55063
60069
58879
60766
61323
61357
63082
63876
64614
64620
64622
64701
64839
67429
57669
5608
7347
3175
494
434
153
1617
2273
2329
2600
2985
2989
3160
3499
3916
4023
4223
4638
8781
5602
780
50
26614
44199
1036
3793
2571
5782
48394
56367
47274
4928
26366
3947
2109
4712
3671
3498
6229
1272
4437
8207
3384
7792
2178
55363
81786
77455
745
7153
5952
122882
134859
53000
56286
56607
52967
56782
56152
54286
55052
54513
52241
51540
56805
55276
55118
54272
53123
53894
55269
54881
56788
55253
1704
7243
3629
1283
127108
296
2997
2529
68954
4973
62849
72998
4995
60684
924
31878
7361
132046
2730
7022
3265
1265
27611
2542
306
364
588
1245
3246
2677
2330
319
1089
8795
4993
1517
1957
8128
1172
3111
1273
1211
3679
3811
4103
4262
4326
1197
5198
5747
2700
4306
8961
58559
40614
8125
954
541
3022
3978
3260
5902
99149
101525
97304
96811
99114
96728
98154
97752
96588
95558
95449
95135
94959
97923
94931
97921
98961
1219
1210
778
1729
44191
3809
55820
93040
109487
34405
96610
96832
26585
3996
2924
7844
7090
27773
608
5299
134853
3114
26554
1079
1199
46578
45028
47629
45210
46723
47423
48696
48516
48738
48774
49824
49917
41863
2019
2936
1
5481
76251
78209
1291
5064
6218
35836
61024
97938
260
1258
33794
215
111624
318
122886
66934
70286
3361
2692
40148
150
88125
94777
63131
118997
1061
27592
2359
34321
55247
109374
1732
106766
106916
5445
4322
105197
107141
106920
34162
97673
1358
5349
8636
1242
628
246
106100
105355
95441
102194
1639
103624
103372
68358
103107
6953
300
3052
101895
2502
2968
8464
44555
65514
47099
6539
109249
115617
106473
8874
8494
132547
96417
95761
103449
103688
5956
60072
8928
4467
4911
47465
68157
64957
4890
6350
52973
4041
1103
350
2068
7161
3030
111251
105504
46970
111384
5971
1176
599
117533
7155
4388
78349
5449
104
6287
130682
66097
1131
3546
1997
135518
1250
37733
3882
64969
232
100365
107999
7373
37741
38304
40629
40819
71057
5219
104841
39183
247
6942
67997
121231
39421
2288
3707
69640
2942
106696
2174
1028
4763
133771
128512
102469
101285
94969
110871
111249
132800
111505
53953
52579
7926
127206
757
161336
113064
114254
114459
112550
107649
2641
112515
118700
118880
2920
3634
4018
35957
32892
114662
34517
104283
1955
8865
114342
7478
1274
5377
741
112852
111931
111622
112556
41585
42217
46664
55946
56015
112290
72176
72741
82313
112183
107636
112070
115139
5618
47044
115569
52319
140715
140725
144172
148482
155064
66203
27255
6986
6683
4612
4189
48711
156387
158783
160954
161582
163056
5909
163949
164977
164979
139642
132549
116161
132458
6985
47640
116797
37729
69712
117176
138610
123663
123695
45950
127144
26151
82152
127212
3275
3257
128235
131796
80551
2082
8623
31770
5135
26150
2747
8533
45720
186
5
52885
31658
30745
8188
6713
5984
5662
146501
1256
914
1080
946
111
1153
25927
1209
1232
1260
1281
1572
1935
1942
2182
357
377
520
2369
4701
4641
4351
5812
4016
3893
3785
3676
106918
3113
1900
2361
2085
529
2012
2004
1956
1954
1801
6016
1635
1376
1259
1059
904
661
2202
54290
2857
5169
5289
5795
6433
32025
7376
4721
6643
8765
8751
6783
6857
8584
6830
8236
8195
8154
7335
7195
6983
8766
6515
6981
8767
3539
25805
3632
26662
3742
3089
3415
4327
3789
2927
1088
2396
112552
7458
3703
68319
6863
63992
53318
6754
8528
27904
3948
31221
3751
3176
3301
59725
8861
82461
4823
6281
5507
3300
67665
236
1721
66665
78653
67087
72011
73023
72720
69481
72226
72131
72395
71745
71464
71108
70293
587
337
8972
4369
36401
339
8369
2424
69526
4069
