2677
2330
364
319
306
1245
4306
588
1721
3246
3114
2424
2028
215
150
914
2857
1209
3789
339
4327
8154
3978
3751
3260
5
5902
8623
59725
3634
106473
599
5952
7153
6942
7161
924
63992
745
4018
3703
293
3052
164977
2700
163949
2692
3361
163056
3893
161582
2396
4016
134859
161336
2012
4351
4369
4641
4701
4823
4890
5135
5349
5377
5481
5812
6281
6953
2369
1956
2004
65514
337
300
246
236
164979
138610
67997
58559
52885
31658
30745
8188
6713
6287
5662
357
377
520
1259
1954
1639
1635
1517
1376
1358
1250
529
1242
1059
904
661
628
587
8636
107649
68954
146501
1172
1153
954
946
146656
757
148482
144172
541
148626
155064
156387
53318
39421
1197
1211
5984
1935
2182
2178
2109
142488
1957
1942
1572
1232
1283
1281
1273
1272
1260
143385
7155
3707
1729
70286
1
117533
2361
1900
94777
78349
8369
2542
106918
55247
5449
3676
160954
44191
778
6016
3176
2942
64969
63131
158783
45720
134130
6863
1088
40148
1028
4322
78499
77455
60072
47099
3546
247
1256
2641
5507
5219
3301
3300
3275
3257
2359
5445
1061
80551
2082
104841
69640
8972
7373
8861
27904
34405
60684
66934
68157
68319
69526
69712
71057
46970
47640
6985
7361
44555
3030
7458
52319
1089
100365
1199
111624
107999
111384
2174
111931
45950
121231
37729
35957
34162
32892
7478
1955
2968
4467
4911
5909
47465
296
4388
1131
64957
48711
4189
4612
6683
6986
27255
260
109487
5618
5971
82461
1210
8464
5299
3948
47044
2068
1265
1176
104283
318
232
50
35836
32025
31221
26614
26662
27611
34321
56367
68358
93040
95441
97938
106696
115617
118997
134853
54290
111
141749
1080
7376
4721
122886
2924
132046
6754
8865
36401
104
2502
8528
61024
76251
78209
741
1274
2019
2571
2997
66203
3996
4993
82152
6350
6539
6857
7090
7844
8795
8874
8961
26554
31878
33794
2202
8533
140725
89804
89492
89470
89260
88810
88235
88129
87304
86833
86320
85394
83976
82463
82459
82313
81932
89759
90057
96832
90376
96728
96610
96588
96417
95761
95558
95449
95135
94969
94959
94931
91077
90866
90531
90439
81845
81786
81591
81562
71108
70293
69481
67665
67429
67255
67087
66665
64839
64701
64622
64620
64614
63876
63082
71464
71745
72011
74545
80489
80463
79242
78653
78574
78039
74324
72131
73023
2730
72720
72395
72226
72176
96811
97304
61323
123663
118880
118700
117176
116797
116161
115713
115569
115139
114662
114459
114342
114254
113064
112852
112556
122882
123695
97673
127108
133771
133645
132800
132549
132547
132458
131796
128606
128512
128360
128235
127212
127206
127144
127114
112552
112550
112515
112290
103449
103372
103107
102469
102194
101895
101525
101285
99149
99114
98961
98154
97923
97921
97752
103624
103688
105197
110871
112183
112070
111622
111505
111251
111249
107636
105355
107141
106920
106916
106766
106100
105504
61357
72741
61240
61236
8195
134881
8128
8125
7926
7792
7438
7335
7243
7195
6983
6981
6874
6830
6783
6643
6515
8207
8236
8494
26151
40629
39183
38304
37741
34517
31770
26366
26150
8584
25927
25805
8767
8766
8765
8751
8645
6433
6229
5956
140174
139642
3632
3629
3539
3498
3415
3384
3111
3679
3089
3022
2936
2927
2920
140715
2747
3671
3742
5795
4763
5791
5747
5464
5289
5198
5169
4928
4712
139385
4437
137337
4326
4262
4103
3947
3811
40819
135518
47274
41997
50068
49917
49824
48774
48738
48696
48516
47629
47423
46723
46664
45210
55276
55280
45028
51540
52241
52281
54286
55118
55069
55063
55052
54881
54513
54272
52579
53953
53894
55269
53123
53000
52967
42217
55253
55363
60069
57669
58191
56805
41863
56788
58879
56782
56286
56152
56607
56015
55442
55946
60766
41585
72998
79132
5782
7022
3265
4995
26585
40614
66097
2085
4069
186
1801
3113
3785
1704
62849
48780
74458
1997
2529
1219
48394
1732
27773
130682
3793
109374
46578
6218
1258
109249
4226
8928
27592
5608
4973
2959
1079
5064
1291
88125
2288
858
1200
1610
1120
1042
4121
593
3882
37733
55820
3949
4011
3994
44199
1036
3809
2985
4023
4223
3916
4638
5602
3499
3175
3160
2989
8781
2600
2329
2273
1617
780
494
434
153
7347
350
52973
1103
4041
47
608
