5952
7153
90531
86833
90376
83976
85394
90057
86320
89804
89759
88810
89492
87304
89470
88129
89260
90439
88235
91077
90866
4993
8795
106696
79242
67255
74324
74545
78039
78574
81591
80463
8961
81562
82463
82459
81932
81845
80489
46578
5198
4326
5747
4262
4103
3811
3679
3111
8128
1957
1273
1211
1172
1197
4973
81786
2019
1028
95449
98961
94931
94959
95135
99149
99114
98154
96588
97923
97921
97752
97304
96811
96728
95558
101525
5902
3260
3978
78499
67087
72131
72011
71745
71464
71108
72720
69481
70293
66665
72226
73023
4306
78653
2082
529
88125
72395
68954
96832
96610
77455
38304
40819
40629
39183
37741
608
924
55118
55253
55269
55276
56152
56805
56788
56782
55052
56607
54881
54286
53894
51540
54272
52241
56286
53123
53000
52967
54513
3809
6863
55442
55069
67665
67997
109249
48394
1079
55247
1732
47629
45028
47423
48516
48696
48738
46723
49917
45210
48774
41863
49824
2085
260
8928
97938
111624
68157
5971
109374
74458
70286
66097
55820
5464
8645
50068
7438
6874
5791
55280
118997
6942
44555
47099
55363
66934
7155
236
41997
52281
2174
1265
112552
6016
2359
64957
61240
61236
1088
6350
39421
1210
3707
2424
44199
2942
122886
107999
68319
134853
3703
109487
132046
27611
135518
72998
3893
4016
4189
4351
4369
4641
4701
48711
5135
5481
5812
6281
6953
8636
1131
4388
4612
3785
3257
6683
1956
104841
2004
2012
7458
2369
2700
3052
5445
52319
68358
3113
27255
6986
3751
107649
111
44191
3676
95441
60072
100365
45950
4322
37729
35957
1997
40614
34162
32892
8533
7478
1955
45720
130682
1199
40148
1900
296
106918
8369
47465
5909
78349
2361
2968
117533
4911
1
778
2542
4467
2641
3275
50
26662
82461
5618
1080
3030
1256
6985
47640
1729
71057
69712
2288
69526
3176
60684
34405
104283
6754
1954
8865
32025
31221
7376
247
4721
8464
33794
26585
6857
1274
741
26614
78209
76251
8528
27904
3546
5662
6713
587
3301
628
661
904
1059
1242
3300
1250
1259
54290
1376
1635
1639
1801
4069
520
5219
8861
8188
27592
30745
31658
52885
58559
186
377
7373
5507
246
300
337
357
1358
599
102194
96417
139642
139385
72176
137337
72741
82313
134881
94969
134859
95761
97673
8751
101285
101895
134130
133771
102469
133645
103107
103372
132800
103449
140174
140715
140725
141749
8766
8767
25805
25927
148482
26150
26151
26366
146656
31770
34517
144172
41585
46664
143385
142488
47274
52579
53953
55946
56015
132549
103624
132547
117176
116161
115713
115569
115139
114662
114459
114342
114254
113064
112852
112556
112550
112515
112290
112183
112070
111622
111505
111251
107636
110871
116797
118700
103688
118880
105197
105355
132458
131796
128606
128512
106100
106766
106916
106920
107141
128360
128235
127212
127206
127144
127114
127108
123695
123663
122882
8765
42217
111249
4928
1281
3498
3539
1272
3629
3632
3634
3671
3742
3789
1260
3947
4327
163949
4437
155064
2178
4763
164977
3415
3384
156387
2857
2182
2202
161582
161336
2730
2747
160954
2109
2920
1283
2927
2936
1942
3022
158783
1935
3089
1572
1232
4712
5169
6229
1209
148626
6515
6643
6783
6830
6981
111931
6983
7195
7243
7335
7792
7926
8125
8154
8195
8207
8236
8494
8584
6433
5984
53318
146501
1153
954
164979
5289
946
5795
914
5956
757
163056
47044
82152
138610
541
3114
1061
121231
111384
37733
1176
6218
150
3361
106473
61024
1103
4041
350
52973
4890
2571
35836
105504
318
64701
64620
64614
63876
61357
63082
61323
60766
60069
64622
57669
64839
67429
58191
55063
5
8972
4823
8623
5349
58879
3882
2396
215
2028
115617
8874
4018
64969
94777
46970
2330
1245
3246
306
319
364
588
2677
232
293
34321
47
1291
63992
1258
63131
2068
3994
1036
27773
79132
745
59725
3793
1089
6539
69640
7161
56367
4995
62849
5299
5602
8781
7347
153
2985
4023
2329
2989
3160
3175
2273
3499
1617
3916
2600
4638
780
4223
434
494
65514
1704
2529
1219
2692
5377
1042
593
1610
1120
4121
1200
858
31878
5064
3949
4011
7022
3265
48780
1721
5608
2959
3948
2924
66203
3996
339
7090
7844
93040
26554
5449
80551
1517
6287
36401
104
2502
4226
5782
7361
2997
