1
47
260
296
608
78499
780
2985
2989
2600
2329
2273
1617
3175
3499
3160
494
434
8781
7347
153
5602
4638
4223
4023
3916
1103
350
4041
52973
44199
134853
4011
2959
3949
1036
3994
55820
3809
1080
628
150
745
5064
1291
37733
3882
115617
2288
88125
1089
5608
68157
4973
778
1729
27592
4226
6218
1258
293
8928
1732
3114
130682
109249
27773
46578
1079
109374
1210
48394
1219
2529
1997
48780
2019
2542
132046
62849
1704
2068
66097
74458
2424
122886
79132
4995
107999
27611
109487
68319
2571
135518
3703
70286
72998
337
52885
58559
4322
67997
5
186
215
236
77455
246
300
3978
31658
357
377
520
529
587
47099
661
904
1059
1242
1250
60072
30745
1358
1028
364
247
319
306
53318
39421
7155
5984
3707
1256
3176
64969
63131
59725
45720
3546
5662
6287
6713
8533
8188
6942
6863
2942
1088
1259
1376
4016
4890
6281
5812
5481
2396
5377
2692
2700
3052
5349
3113
5135
4823
8636
4701
4641
40614
4369
3260
3361
3751
4351
4306
3785
3893
6953
65514
1517
1900
1635
1639
1801
1954
40148
6016
1956
2004
2012
117533
2361
94777
68954
78349
8369
106918
2085
55247
5449
3676
106473
44191
2369
107649
111
31221
54290
34405
80551
1061
2359
2641
3257
3275
3300
3301
4069
5219
5507
7373
8861
27904
60684
104841
63992
66934
69526
69712
71057
46970
47640
6985
7361
44555
3030
5618
5971
82461
2082
69640
6754
4911
1955
7478
32892
34162
35957
37729
45950
100365
2174
8623
111624
1199
2968
4467
5909
8972
47465
4388
1131
64957
48711
4189
4612
6683
6986
27255
121231
52319
5445
7458
104283
8865
118997
1176
8961
26554
26585
31878
33794
1721
4721
7376
588
32025
35836
50
232
318
1265
8795
3948
4018
5299
7161
8464
26614
26662
34321
56367
68358
93040
95441
97938
106696
8874
7844
36401
741
104
2502
8528
61024
76251
78209
593
858
1042
1120
1200
1610
3793
4121
924
7153
1274
2924
2997
3265
3996
4993
5782
5902
5952
6350
6539
6857
7022
7090
541
599
146501
94959
96610
96588
96417
95761
95558
95449
95135
94969
94931
96811
91077
90866
90531
90439
90376
90057
89804
89759
96728
96832
757
101525
103688
103624
103449
103372
103107
102469
102194
101895
101285
97304
99149
99114
98961
98154
97923
97921
97752
97673
89492
89470
89260
72131
74545
74324
73023
72741
72720
72395
72226
72176
72011
88810
71745
71464
71108
70293
69481
67665
67429
67255
78039
78574
78653
79242
88235
88129
87304
86833
86320
85394
83976
82463
82459
82313
81932
81845
81786
81591
81562
80489
80463
105197
105355
105504
134881
142488
141749
140725
140715
140174
139642
139385
137337
134859
128512
134130
133771
133645
132800
132549
132547
132458
131796
143385
144172
146656
148482
111931
111384
82152
66203
47044
138610
164979
164977
163949
163056
161582
161336
160954
158783
156387
155064
148626
128606
128360
106100
111622
112852
112556
112552
112550
112515
112290
112183
112070
111505
128235
111251
111249
110871
107636
107141
106920
106916
106766
113064
114254
114342
114459
127212
127206
127144
127114
127108
123695
123663
122882
118880
118700
117176
116797
116161
115713
115569
115139
114662
67087
66665
64839
4327
5464
5289
5198
5169
4928
4763
4712
4437
4326
3632
4262
4103
3947
3811
3789
3742
3679
3671
5747
5791
5795
5956
8128
8125
7926
7792
7438
7335
7243
7195
6983
6981
6874
6830
6783
6643
6515
6433
6229
3634
3629
8195
1245
1942
1935
1572
1283
1281
1273
1272
1260
1232
3539
1211
1209
1197
1172
1153
954
946
914
1957
2028
2109
2178
3498
3415
3384
3246
3111
3089
3022
2936
2927
2920
2857
2747
2730
2677
2330
2202
2182
8154
8207
64701
55069
55946
55442
55363
55280
55276
55269
55253
55118
55063
52967
55052
54881
54513
54286
54272
53953
53894
53123
56015
56152
56286
56607
64622
64620
64614
63876
63082
61357
61323
61240
61236
60766
60069
58879
58191
57669
56805
56788
56782
53000
52579
8236
26150
40629
39183
38304
37741
34517
31770
26366
26151
25927
52281
25805
8767
8766
8765
8751
8645
8584
8494
40819
41585
41863
41997
52241
51540
50068
49917
49824
48774
48738
48696
48516
47629
47423
47274
46723
46664
45210
45028
42217
339
