7153
5952
4011
8795
4993
50068
8645
55280
5791
7438
6874
5464
2959
48780
55069
55442
55363
4226
2542
2019
1291
5349
5902
3260
3978
3499
3175
3160
2989
2985
2600
2329
4023
2273
1617
780
4223
4638
494
434
153
5602
7347
8781
3916
7361
61240
61236
41997
52281
296
62849
1210
2997
924
47
260
2529
778
1729
44199
1258
5507
8636
5445
40148
3949
1089
5608
6539
74458
5782
79132
68954
2571
1036
26554
3994
48394
745
55820
93040
1732
1211
96417
3111
3679
8128
5198
1957
3811
95761
1197
4326
4262
4103
1273
5956
1172
5747
103449
1059
3948
7373
103688
58559
377
33794
8528
132547
8972
8494
8861
132046
5064
69640
56367
46578
1079
1219
27773
541
3022
8125
954
4995
608
96610
96832
68319
111251
4041
1103
52973
350
3113
3785
599
1704
2936
2361
70286
27611
2692
2288
1250
3629
7243
1283
6218
72998
109487
1721
293
135518
122886
78349
27592
8874
49917
48696
45028
41863
49824
47423
47629
46723
48516
45210
48738
48774
117533
107999
52967
56286
56607
56782
56788
56805
55269
55253
55118
55052
55276
54881
54513
54286
54272
51540
52241
53894
53123
53000
56152
2012
34162
4351
4388
3703
3882
111
111624
2641
55247
53318
34405
102469
110871
111249
111505
94969
757
112550
113064
114254
114459
127206
128512
133771
4763
7926
101285
132800
52579
53953
161336
105504
44555
3809
106696
68157
47099
2028
109249
67997
66934
130682
1028
81786
122882
134859
118880
118700
112515
67665
2730
88125
4973
2920
6942
1997
3634
63992
59725
8928
94777
109374
77455
37733
66097
134853
31878
32025
107636
68358
47465
106920
95441
97938
8961
107141
8464
26585
2968
50
7376
318
1176
4721
111622
4467
26662
4911
112183
112290
112070
26614
5909
160954
45950
8623
2174
32892
5
186
246
300
337
103107
357
7478
529
587
628
661
904
102194
1242
101895
1955
1259
1358
1376
103372
52885
31658
106100
54290
40614
100365
1131
247
106916
1080
106766
37729
1256
30745
105355
105197
3546
5662
6287
6713
8188
35957
103624
111931
3996
7844
3030
146656
144172
69526
69712
82152
71057
47640
6985
143385
5618
27904
5971
82461
104283
142488
8865
36401
104
141749
2502
66203
148482
140715
164977
161582
52319
158783
121231
104841
163056
163949
2082
80551
1061
148626
156387
2359
164979
3257
3275
3301
138610
4069
155064
140725
140174
112552
2924
117176
116797
116161
115713
741
115569
1274
115139
114662
4189
123695
3265
114342
48711
111384
112852
112556
6857
7022
7090
123663
127108
76251
1635
78209
139642
139385
27255
137337
134881
134130
6986
133645
132549
127114
132458
131796
128606
6683
128360
128235
127212
4612
127144
1517
73023
1639
4327
4712
4928
5169
87304
5289
86833
86320
85394
5795
83976
6229
6433
6515
6643
6783
6830
82463
6981
6983
7195
82459
7335
82313
4437
88129
81932
88235
2109
2178
2182
2202
2747
2857
2927
90057
89804
3089
89759
3384
3415
3539
89492
3632
3671
89470
3742
3789
89260
3947
88810
7792
81845
1942
47274
80463
79242
78653
78574
78039
55946
56015
74545
74324
66665
67087
67255
69481
70293
71108
71464
71745
72011
72131
72176
72226
72395
72720
80489
46664
8154
42217
8195
8207
8236
8584
81591
8751
8765
8766
8767
25805
25927
26150
26151
26366
31770
34517
37741
38304
39183
40629
40819
41585
81562
90376
3498
1935
97304
97752
107649
106473
3676
5449
106918
8369
97673
1900
1572
1
97921
96811
96728
96588
95558
6016
95449
60072
95135
78499
4322
65514
6281
2942
3361
1954
1956
2004
2085
2369
101525
2700
3052
72741
99149
99114
5812
3893
98961
4016
98154
4641
4701
4823
5135
97923
5481
1088
339
1153
7155
146501
5984
914
946
3707
3176
94959
94931
91077
1209
90866
1232
1260
1272
8533
90531
1281
90439
39421
2068
1265
35836
118997
6863
60684
6350
64969
61024
3751
46970
1199
2396
63131
858
1120
4121
593
1042
1200
1610
215
232
3793
44191
45720
61357
60766
61323
63082
63876
64614
64839
64620
64622
64701
58879
520
67429
60069
47044
58191
6953
4890
4306
57669
55063
3300
115617
34321
7161
4018
150
5299
3114
64957
1245
588
3246
306
364
2330
319
2677
236
6754
4369
31221
7458
1801
5377
2424
5219
