608
50
26614
4041
350
1103
52973
111
4121
1120
337
1042
1200
858
593
1610
296
318
47
293
3793
55820
2361
2959
3882
37733
1258
3809
1079
1729
778
1732
377
357
300
150
3361
88125
2288
4973
1089
5608
27773
68157
27592
8928
4226
109249
111384
46578
109374
2542
60072
121231
130682
3114
48394
1219
2529
1061
1997
1245
306
3246
319
364
588
2677
2330
48780
62849
1704
66097
74458
4995
2028
215
79132
3949
4011
1259
53318
1250
1059
1242
40148
904
1376
1517
1635
1639
1801
1954
1956
2004
2012
2085
2369
2396
2692
1358
520
661
946
1232
1211
1209
3546
1197
5662
1172
6287
6713
8188
1153
954
30745
628
31658
52885
58559
67997
5
186
914
757
146501
541
3052
529
2700
3751
3113
70286
65514
68954
6942
107649
3703
44191
106473
3676
5449
55247
106918
8369
78349
39421
94777
6863
1900
2942
117533
1088
1028
1
4322
78499
77455
47099
8636
6953
6281
8533
3260
6016
3785
3893
3978
4016
7155
4306
4351
4369
4641
4701
4823
5984
3707
3176
64969
63131
4890
5135
5349
59725
5377
5481
45720
5812
135518
1256
3301
27904
8861
7373
5507
5219
4069
3300
60684
3275
3257
2641
2359
80551
2082
34405
63992
1080
7361
104283
82461
5971
5618
3030
44555
6985
66934
47640
46970
71057
69712
69526
68319
104841
69640
8972
100365
2968
1199
111624
107999
8623
2174
45950
7458
37729
35957
34162
32892
7478
1955
4467
4911
5909
47465
4388
1131
64957
48711
4189
4612
6683
6986
27255
260
109487
52319
5445
132046
6754
8865
1210
7161
5299
4018
3948
2068
1265
1176
1721
232
35836
32025
31221
7376
4721
8464
26662
1260
34321
56367
68358
72998
93040
95441
97938
106696
115617
118997
134853
54290
40614
247
122886
33794
36401
924
3265
2997
2924
2571
2019
1274
741
31878
78209
76251
61024
8528
2502
104
3996
4993
5782
5902
5952
6350
6539
6857
7022
7090
7153
7844
8795
8874
8961
26554
26585
27611
599
1272
97752
97304
96832
96811
96728
96610
96588
96417
95761
95558
95449
95135
94969
94959
94931
91077
90866
90531
97673
97921
71108
97923
105504
105355
105197
103688
103624
103449
103372
103107
102469
102194
101895
101525
101285
99149
99114
98961
98154
90439
90376
90057
89804
80489
80463
79242
78653
78574
78039
1273
74324
73023
72741
72720
72395
72226
72176
72131
72011
71745
81562
81591
81786
87304
89759
89492
89470
89260
88810
88235
88129
86833
81845
86320
85394
83976
82463
82459
82313
81932
106100
106766
106916
128606
142488
141749
140725
140715
140174
139642
139385
137337
134881
134859
134130
133771
133645
132800
132549
132547
132458
143385
144172
146656
163949
111931
82152
66203
47044
138610
164979
164977
163056
148482
161582
161336
160954
158783
156387
155064
148626
131796
128512
106920
128360
114254
113064
112852
112556
112552
112550
112515
112290
112183
112070
111622
111505
111251
111249
110871
107636
107141
114342
114459
114662
123663
128235
127212
127206
127144
127114
127108
123695
122882
115139
118880
118700
117176
116797
116161
115713
115569
71464
74545
70293
69481
8236
8207
8195
8154
8128
8125
7926
7792
7438
7335
7243
7195
6983
6981
6874
6830
6783
6643
6515
6433
6229
8494
8584
8645
37741
45028
42217
41997
41863
41585
40819
40629
39183
38304
34517
8751
31770
26366
26151
26150
25927
25805
8767
8766
8765
5956
5795
5791
2730
3384
3111
3089
3022
2936
2927
2920
2857
2747
2202
3498
2182
2178
2109
1957
1942
1935
1572
1283
1281
3415
3539
5747
4326
5464
5289
5198
5169
4928
4763
4712
4437
4327
4262
3629
4103
3947
3811
3789
3742
3679
3671
3634
3632
45210
46664
46723
55276
56782
56607
56286
56152
56015
55946
55442
55363
55280
55269
53894
55253
55118
55069
55063
55052
54881
54513
54286
54272
56788
56805
57669
58191
67665
67429
67255
67087
66665
64839
64701
64622
64620
64614
63876
63082
61357
61323
61240
61236
60766
60069
58879
47274
53953
53123
53000
51540
50068
49917
49824
48774
52281
52579
52241
52967
48696
47423
47629
48516
48738
2424
6218
1291
5064
745
3994
1036
44199
494
780
153
434
2600
1617
2273
8781
7347
5602
4638
4223
4023
3916
3499
3175
3160
2989
2985
2329
236
587
339
246
