2959
4226
5608
4011
2692
3949
2329
3160
3175
3499
4223
4023
2985
4638
5602
7347
8781
2600
2989
3916
153
1617
434
494
2273
780
293
1729
778
48780
2396
111
2924
588
7844
7090
3996
2997
50
319
364
306
1245
2330
2677
3246
26614
1219
2529
44199
47
5782
745
3265
7022
1036
62849
1704
5064
3994
26554
7361
2542
1258
2028
74458
215
93040
4890
79132
1291
31878
2361
4995
65514
296
27773
6218
1089
94777
1732
109487
3300
3176
3893
5219
2369
5445
3751
1210
3114
3793
1079
593
1200
1120
1042
858
4121
1610
3703
150
4018
106473
1250
2424
132046
70286
72998
122886
107999
260
34405
27611
68319
2571
135518
78209
357
3361
4612
3785
4189
3978
4016
4041
4306
4351
4369
4641
4701
4823
48711
5135
5349
5377
5481
5812
6281
6953
8636
64957
68954
88125
3260
6683
3113
1517
520
529
587
628
661
904
1059
1242
52319
1259
1358
1635
3052
1639
1801
1954
1956
2004
2012
2085
121231
27255
6986
2700
107649
1131
44191
37729
2174
100365
2942
6863
6942
8533
45950
45720
59725
63131
64969
3707
1088
5984
7155
39421
35957
53318
34162
32892
7478
541
1955
146501
1997
1028
4388
1
3676
5449
55247
106918
8369
47465
78349
5909
1900
4911
117533
4467
4322
2968
1199
130682
6016
40148
111624
47099
60072
8623
77455
78499
377
350
76251
337
66934
5902
5952
6350
6539
6857
66097
63992
7153
60684
8795
8874
8961
48394
26585
37733
33794
1721
27904
4721
7376
31221
32025
35836
914
4993
68157
69526
82461
61024
55820
52973
8528
2502
1103
104
36401
8865
6754
104283
5971
69712
5618
3030
44555
6985
47640
741
924
1274
2019
46970
71057
8861
232
318
27592
80551
2082
1256
104841
2288
69640
3546
5662
6287
6713
8188
8972
1061
30745
31658
52885
58559
67997
5
186
7458
236
246
300
1080
247
1176
34321
7373
2068
5507
3948
4069
5299
7161
8464
3882
26662
3301
56367
2359
68358
3275
2641
95441
97938
106696
115617
118997
134853
54290
40614
757
599
946
94969
96728
96610
96588
96417
95761
95558
95449
95135
94959
89492
94931
91077
90866
90531
90439
90376
90057
89804
96811
96832
97304
97673
103688
103624
103449
103372
103107
102469
102194
101895
101525
101285
99149
99114
98961
98154
97923
97921
97752
89759
89470
105355
72176
78039
74545
74324
73023
72741
72720
72395
72226
72131
89260
72011
71745
71464
71108
70293
69481
67665
954
78574
78653
79242
80463
88810
88235
88129
87304
86833
86320
85394
83976
82463
82459
82313
81932
81845
81786
81591
81562
80489
105197
105504
67087
134881
142488
141749
140725
140715
140174
139642
139385
137337
134859
128512
134130
133771
133645
132800
132549
132547
132458
131796
143385
144172
146656
148482
111931
111384
82152
66203
47044
138610
164979
164977
163949
163056
161582
161336
160954
158783
156387
155064
148626
128606
128360
106100
111622
112852
112556
112552
112550
112515
112290
112183
112070
111505
128235
111251
111249
110871
107636
107141
106920
106916
106766
113064
114254
114342
114459
127212
127206
127144
127114
127108
123695
123663
122882
118880
118700
117176
116797
116161
115713
115569
115139
114662
67255
67429
66665
5464
6643
6515
6433
6229
5956
5795
5791
5747
5289
4103
5198
5169
4928
4763
4712
4437
4327
4326
6783
6830
6874
6981
64839
8645
8584
8494
8236
8207
8195
8154
8128
8125
7926
7792
7438
7335
7243
7195
6983
4262
3947
8766
1281
2182
2178
2109
1957
1942
1935
1572
1283
1273
3811
1272
1260
1232
1211
1209
1197
1172
1153
2202
2730
2747
2857
3789
3742
3679
3671
3634
3632
3629
3539
3498
3415
3384
3111
3089
3022
2936
2927
2920
8765
8751
8767
56286
56015
55946
55442
55363
55280
55276
55269
55253
55118
55069
55063
55052
54881
54513
54286
25805
53953
56152
56607
53123
56782
64701
64622
64620
64614
63876
63082
61357
61323
61240
61236
60766
60069
58879
58191
57669
56805
56788
53894
54272
53000
46723
45210
45028
42217
41997
41863
41585
40819
40629
39183
38304
37741
34517
31770
26366
26151
26150
25927
52967
46664
49824
48738
52579
52281
52241
51540
50068
49917
48774
339
48696
48516
47629
47423
47274
46578
109249
8928
4973
1265
109374
608
1376
3257
3809
