2936
954
3022
8125
541
2927
1942
1935
3632
2202
946
3089
6983
7243
1283
3629
2028
2920
1281
25927
46664
1704
1209
914
3789
4327
2857
8154
2997
1250
1256
318
111
3634
608
599
1120
1200
1172
4103
4262
1197
4326
5198
5747
3111
593
858
1211
1042
3679
3811
1273
8128
1610
4121
1957
5782
26554
7361
306
319
588
3246
2330
2677
364
1245
93040
4995
41997
52281
1103
350
52973
4041
2361
3793
5608
3809
1210
3361
215
1258
48394
4973
55820
1079
1219
3949
2959
8928
1176
293
37733
3882
109249
4226
111384
121231
109374
79132
1061
46578
47
27773
904
661
628
1080
1376
1358
587
8533
1517
1059
1635
45720
1639
6713
337
529
1089
8188
5662
27592
3546
30745
31658
52885
58559
2529
67997
1954
5
186
236
246
2288
59725
377
520
1801
4351
6942
8369
68954
88125
107649
3703
44191
106473
3676
55247
4322
106918
78499
70286
1956
77455
78349
94777
1900
62849
60072
47099
117533
1
40148
6016
65514
8636
6953
6281
2004
2012
2085
2369
1997
2692
2700
3052
3113
3114
3751
3785
3893
4016
4306
4369
4641
4701
4823
5135
5349
5377
5481
5812
7161
247
5219
63992
60684
34405
27904
8861
7373
5507
4069
68157
3301
3300
3275
3257
2641
2359
80551
66097
68319
61024
5971
2502
36401
8865
6754
132046
104283
82461
5618
69526
3030
44555
6985
47640
46970
71057
69712
2082
104841
69640
150
4467
2968
1199
130682
111624
107999
8623
100365
8972
45950
37729
35957
34162
32892
7478
1955
4911
5909
47465
4388
7458
5445
52319
109487
48780
260
27255
6986
6683
4612
4189
48711
74458
64957
1131
8528
76251
40614
122886
232
50
35836
32025
31221
7376
4721
1721
2068
31878
26585
8961
8874
8795
7844
7090
1265
2424
78209
56367
54290
134853
115617
97938
95441
72998
68358
34321
3948
27611
26662
26614
8464
64969
5299
4018
7022
6857
6350
2273
3499
3175
3160
2989
2985
2600
2329
1617
4993
1291
1036
780
745
494
434
153
3916
3994
4011
4023
3996
3265
2924
2571
2019
1274
741
44199
8781
7347
6218
5602
5064
4638
4223
63131
135518
3176
95558
95135
94969
94959
94931
91077
90866
90531
90439
90376
90057
89804
89759
89492
89470
89260
95449
95761
101895
96417
101285
99149
99114
98961
98154
97923
97921
97752
97673
97304
96832
96811
96728
96610
96588
88810
88235
88129
87304
74324
73023
3707
72395
72226
72131
72011
71745
71464
71108
70293
69481
67665
67429
67255
74545
78039
78574
81932
86833
86320
85394
83976
82463
82459
81845
78653
81786
81591
81562
80489
80463
79242
101525
102194
66665
142488
140174
139385
137337
134881
134859
134130
133771
133645
132800
132547
128606
128512
128360
127206
127114
141749
143385
102469
144172
111931
82152
66203
47044
138610
163949
163056
161582
161336
160954
158783
156387
155064
148626
146656
122882
118880
118700
117176
111249
110871
107141
106920
106916
106766
106100
105504
105355
105197
103688
103624
103449
103372
103107
111251
111505
111622
114342
116797
116161
115713
115569
114662
114459
114254
112183
113064
112852
112556
112550
112515
112290
67087
72720
64839
26150
37741
38304
39183
40629
40819
41863
42217
45028
45210
46723
47423
47629
48516
48696
48738
48774
49824
49917
50068
51540
52241
52579
52967
26151
64701
53123
8645
5984
7155
39421
146501
757
1232
1572
3415
3742
4763
5464
5791
5795
5956
6433
6643
6783
6874
6981
7438
7926
8195
8494
53000
25805
53894
60069
56286
56607
56782
56788
56805
57669
53953
58191
58879
60766
55442
61236
61240
61323
61357
63082
63876
64614
64620
64622
56152
339
55363
54881
54272
54286
55118
55253
54513
55269
55276
55069
55063
55280
55052
1732
296
2542
6863
112552
53318
2174
1729
778
66934
2942
127108
5952
7153
6539
33794
4890
5902
3978
3260
132549
127212
148482
140725
123695
140715
127144
123663
132458
128235
131796
139642
2747
164977
3539
164979
72741
107636
34517
8584
82313
112070
55946
72176
118997
56015
8751
8236
5289
1242
2182
8765
300
31770
1260
1153
8767
1259
8766
5169
41585
115139
7335
6515
7195
6830
924
2396
1088
106696
6287
357
104
1028
5449
2730
4712
47274
4437
1272
2109
3947
2178
3671
7792
26366
3498
4928
8207
6229
3384
