1200
858
1042
4121
1120
1610
593
4262
8128
1211
1273
1957
5747
1172
5198
3111
4326
3679
3811
4103
1197
5952
7153
2028
924
3260
5902
3978
1283
3629
7243
3793
4993
8795
1258
8125
954
3022
541
1732
1210
5782
111
1250
608
2677
306
319
3246
1245
364
588
2330
2361
2730
2936
2997
33794
47
2019
2571
1291
2174
4928
1272
7792
3947
3498
3384
8207
3671
2109
4437
47274
2178
26366
4712
6229
1036
4641
1259
1242
246
318
3265
7022
55820
53894
54286
51540
52967
54272
53123
54513
54881
55052
52241
55253
55269
55276
53000
55118
56805
56152
56286
56607
56782
56788
7361
52973
1103
350
4041
26585
260
132046
2529
4226
35836
26554
215
79132
3809
8636
34162
37741
38304
39183
40629
40819
150
52579
53953
757
114459
127206
101285
132800
133771
4763
7926
102469
113064
110871
111249
111505
114254
112550
94969
161336
128512
93040
1079
4023
3916
5602
4223
3175
4638
7347
8781
3499
2989
3160
2600
2329
2273
1617
780
153
2985
434
494
2288
7844
3996
2924
7090
2959
4973
6863
778
1729
5064
6985
46578
50
26614
3703
81786
122882
134859
112515
118700
118880
67665
27611
6942
31878
70286
2920
37733
3882
1265
5299
6539
8861
3634
1089
48780
53318
1219
135518
3361
109249
8928
107649
6218
56367
88125
3114
7155
55247
745
112552
109374
27592
127144
132458
131796
128235
127212
112070
123695
123663
58559
3539
5445
107636
2359
132549
4351
139642
45950
1635
1517
6953
1376
164979
1358
164977
6016
140715
587
529
377
148482
337
5349
140725
300
2747
34517
55946
8584
82313
72176
1721
3948
8528
72741
2502
1199
8464
5608
2068
2424
65514
77455
27773
296
122886
1088
78349
107999
7161
72998
4467
34321
111384
127108
67997
109487
1281
59725
121231
115617
118997
63131
8874
69640
130682
1061
68319
34405
2968
1997
68157
44191
46970
293
94777
39421
74458
1704
64969
44555
6350
66097
4018
3707
2942
100365
63992
117533
5971
1176
66934
111624
60684
105504
106696
134853
1028
7478
1955
76251
520
32025
3113
61024
8961
31221
1956
741
37729
1801
78209
1954
1274
4721
1059
2004
7376
904
8623
2085
661
35957
32892
628
2700
2396
4388
232
3300
1256
71057
7458
8972
104841
1080
2082
80551
2641
3257
3275
3301
236
4069
5219
54290
5507
69712
7373
69526
97938
95441
26662
68358
52319
27255
6986
6683
4911
36401
8865
5909
104283
47465
5
82461
52885
1131
64957
31658
30745
3030
48711
8188
6713
4189
47640
5662
3546
4612
6857
3751
339
3785
89759
82459
82463
83976
85394
86320
86833
87304
88129
88235
88810
89260
89470
89492
89804
81845
90057
90376
90439
90531
90866
91077
94931
94959
95135
95449
95558
96588
96728
81932
81591
63082
71745
64614
64620
64622
64701
64839
66665
3893
67255
67429
69481
70293
71108
71464
72011
81562
72131
72226
72395
72720
73023
74324
74545
78039
78574
78653
79242
80463
80489
96811
97304
97673
144172
117176
127114
128360
128606
133645
134130
134881
137337
139385
140174
141749
142488
143385
146656
97752
148626
155064
156387
158783
160954
161582
163056
163949
138610
47044
66203
82152
111931
116797
116161
115713
115569
97921
97923
98154
98961
99114
99149
101525
101895
102194
103107
103372
103624
105197
105355
106100
106766
106916
106920
107141
111622
112183
112290
112556
112852
114342
114662
115139
63876
67087
61357
7335
6515
6643
6783
6830
914
6981
6983
7195
146501
8767
5984
8154
8195
3176
8236
45720
8751
2182
6433
946
1153
1209
2857
2927
3089
3415
3632
3742
3789
4327
1942
5169
1935
5289
1572
61323
1260
1232
5795
8766
8765
25805
4369
25927
5377
5135
55063
4890
4823
4701
56015
106473
57669
58191
58879
60069
60766
4306
4016
5812
5481
2202
4322
106918
8369
1900
26150
1
46664
26151
31770
41585
3676
8533
78499
42217
3994
6281
5618
2542
44199
2692
48394
27904
4995
4011
599
47099
111251
96832
96610
3949
62849
40614
3052
2012
357
103688
8494
1639
132547
5956
95761
96417
103449
247
60072
52281
41997
48516
48696
49917
48738
48774
49824
47423
47629
45210
46723
45028
41863
6754
186
40148
68954
55442
55069
2369
55363
61240
61236
5791
6874
55280
7438
50068
8645
5464
6287
5449
104
