318
153
3160
8781
7347
5602
4638
4223
4023
3916
3175
3499
2989
2985
2600
2329
2273
1617
780
494
434
44199
1036
3994
2330
5
3246
2677
319
588
1245
306
8623
364
150
745
293
3361
5064
1291
4011
3949
7161
6218
2028
215
111384
121231
3114
1061
27773
661
1242
529
109374
1250
109249
587
106696
95441
97938
56367
628
1059
904
93040
115617
68358
72998
1080
118997
31658
1219
1079
1256
1729
2288
2529
3546
5662
6287
6713
8188
247
27592
30745
52885
134853
58559
1259
186
246
300
337
350
357
377
520
111
40614
54290
1089
67997
1954
1358
1376
47099
40148
6016
5608
2959
2542
778
1
117533
2361
1900
94777
78349
70286
8369
106918
55247
5449
3676
60072
62849
77455
59725
53318
39421
7155
5984
3707
3176
64969
63131
45720
78499
8533
6942
6863
2942
1997
1088
1028
4322
106473
44191
3703
2369
3785
3751
3260
3113
3052
2700
2692
2396
2085
3978
2012
2004
1956
34321
1801
1639
1635
1517
3893
4016
107649
5377
88125
68954
65514
8636
6953
6281
5812
5481
5349
4041
5135
4890
4823
4701
4641
4369
4351
4306
46578
135518
27611
2359
3882
3809
3301
3300
3275
3257
2641
1732
52319
80551
2082
104841
69640
8972
7458
5445
4069
5219
5507
7373
71057
69712
69526
68319
68157
66934
66097
63992
60684
48394
37733
34405
27904
8928
8861
608
109487
26662
2174
4911
4467
2968
1199
130682
111624
107999
100365
79132
45950
37729
35957
34162
32892
7478
1955
5909
47465
296
4388
48780
4995
4226
1704
1258
260
27255
6986
6683
4612
4189
48711
74458
64957
1131
46970
47640
6985
7844
33794
31878
26585
26554
8961
8874
8795
7153
7361
7090
7022
6857
6539
6350
5952
5902
1721
122886
4721
7376
26614
8464
5299
4973
4018
3948
2068
1265
1210
1176
232
50
47
35836
32025
5782
4993
3996
61024
52973
8528
2502
1103
104
36401
8865
6754
132046
104283
82461
5971
5618
3030
44555
55820
76251
3265
78209
2997
2924
2571
2019
1274
924
741
4121
3793
1610
1200
1120
1042
858
593
31221
599
541
94969
96728
96610
96588
96417
95761
95558
95449
95135
94959
89492
94931
91077
90866
90531
90439
90376
90057
89804
96811
96832
97304
97673
103688
103624
103449
103372
103107
102469
102194
101895
101525
101285
99149
99114
98961
98154
97923
97921
97752
89759
89470
67087
72176
78039
74545
74324
73023
72741
72720
72395
72226
72131
89260
72011
71745
71464
71108
70293
69481
67665
67429
78574
78653
79242
80463
88810
88235
88129
87304
86833
86320
85394
83976
82463
82459
82313
81932
81845
81786
81591
81562
80489
105197
105355
105504
134859
141749
140725
140715
140174
139642
139385
137337
134881
134130
106100
133771
133645
132800
132549
132547
132458
131796
128606
142488
143385
144172
146656
111931
82152
66203
47044
138610
164979
164977
163949
163056
161582
161336
160954
158783
156387
155064
148626
148482
128512
128360
128235
113064
112556
112552
112550
112515
112290
112183
112070
111622
111505
111251
111249
110871
107636
107141
106920
106916
106766
112852
114254
127212
114342
127206
127144
127114
127108
123695
123663
122882
118880
118700
117176
116797
116161
115713
115569
115139
114662
114459
67255
66665
146501
4928
5956
5795
5791
5747
5464
5289
5198
5169
4763
3742
4712
4437
4327
4326
4262
4103
3947
3811
6229
6433
6515
6643
8236
8207
8195
8154
8128
8125
7926
7792
7438
7335
7243
7195
6983
6981
6874
6830
6783
3789
3679
64839
1232
1942
1935
1572
1283
1281
1273
1272
1260
1211
3671
1209
1197
1172
1153
954
946
914
757
1957
2109
2178
2182
3634
3632
3629
3539
3498
3415
3384
3111
3089
3022
2936
2927
2920
2857
2747
2730
2202
8494
8584
8645
56286
56015
55946
55442
55363
55280
55276
55269
55253
55118
55069
55063
55052
54881
54513
54286
54272
53953
56152
56607
8751
56782
64701
64622
64620
64614
63876
63082
61357
61323
61240
61236
60766
60069
58879
58191
57669
56805
56788
53894
53123
53000
52967
41863
41585
40819
40629
39183
38304
37741
34517
31770
26366
26151
26150
25927
25805
8767
8766
8765
41997
42217
48696
45028
52241
51540
50068
49917
49824
48774
48738
52281
52579
48516
47629
47423
47274
46723
46664
45210
2424
236
339
