296
778
1729
1089
2959
68157
2542
47
150
1079
60072
3114
1732
2288
88125
5608
2424
27592
4226
1258
130682
27773
48394
1219
2529
1997
48780
62849
1704
66097
74458
4995
79132
2692
2004
4369
4351
4306
3260
1517
4041
1635
1639
1801
1954
1956
4016
2396
2012
2085
3113
3978
2369
3361
3893
2700
3785
3751
3052
135518
1376
30745
186
5
67997
58559
52885
31658
8188
246
6713
6287
5662
3546
1256
1080
236
300
1358
4701
1259
1250
1242
1059
904
661
628
337
587
529
520
377
357
350
4641
65514
4823
4890
757
146501
541
53318
39421
7155
5984
3707
3176
64969
63131
59725
45720
8533
6942
914
946
954
1273
1957
1942
1935
1572
1283
1281
1272
1153
1260
1232
1211
1209
1197
1172
6863
2942
1088
8636
106473
44191
3703
107649
68954
111
6953
5449
6281
5812
5481
5377
5349
5135
3676
55247
1028
1
4322
78499
77455
47099
40148
6016
117533
106918
2361
1900
94777
78349
70286
8369
247
97938
40614
3809
8928
8861
7373
5507
5219
4069
3882
3301
54290
3300
3275
3257
2641
2359
1061
80551
27904
34405
37733
60684
82461
5971
5618
3030
44555
7361
6985
47640
46970
71057
69712
69526
68319
66934
63992
2082
104841
69640
5909
4467
2968
1199
111624
107999
8623
2174
100365
45950
37729
35957
34162
32892
7478
1955
4911
47465
8972
4388
7458
5445
608
52319
121231
109487
260
27255
6986
6683
4612
4189
48711
64957
1131
104283
132046
6754
7161
4973
4018
3948
2068
1265
1210
1176
318
232
35836
32025
31221
7376
4721
122886
5299
8464
33794
26662
134853
118997
115617
109374
109249
106696
2178
95441
93040
72998
68358
56367
46578
34321
27611
1721
31878
8865
2997
2571
2019
1274
924
741
78209
76251
61024
55820
52973
8528
2502
1103
104
36401
2924
3265
26585
3996
26554
8961
8874
8795
7844
7153
7090
7022
6857
6539
6350
5952
5902
5782
4993
2109
599
2182
90531
97752
97673
97304
96832
96811
96728
96610
96588
96417
95761
95558
95449
95135
94969
94959
94931
91077
97921
97923
98154
103372
106100
105504
105355
105197
103688
103624
103449
103107
98961
102469
102194
101895
101525
101285
99149
99114
90866
90439
106916
90376
81562
80489
80463
79242
78653
78574
78039
74545
74324
73023
72741
72720
72395
72226
72176
72131
72011
81786
81845
81932
88235
90057
89804
89759
89492
89470
89260
88810
88129
82313
87304
86833
86320
85394
83976
82463
82459
106766
106920
71464
131796
143385
142488
141749
140725
140715
140174
139642
139385
137337
134881
134859
134130
133771
133645
132800
132549
132547
144172
146656
148482
164977
111931
111384
82152
66203
47044
138610
164979
163949
148626
163056
161582
161336
160954
158783
156387
155064
132458
128606
107141
128512
114342
114254
113064
112852
112556
112552
112550
112515
112290
112183
112070
111622
111505
111251
111249
110871
107636
114459
114662
115139
123695
128360
128235
127212
127206
127144
127114
127108
123663
115569
122882
118880
118700
117176
116797
116161
115713
71745
81591
71108
8195
8767
8766
8765
8751
8645
8584
8494
8236
8207
8154
25927
8128
8125
7926
7792
7438
7335
7243
7195
6983
25805
26150
70293
41997
48516
47629
47423
47274
46723
46664
45210
45028
42217
41863
26151
41585
40819
40629
39183
38304
37741
34517
31770
26366
6981
6874
6830
3384
3742
3679
3671
3634
3632
3629
3539
3498
3415
3111
6783
3089
3022
2936
2927
2920
2857
2747
2730
2202
3789
3811
3947
4103
6643
6515
6433
6229
5956
5795
5791
5747
5464
5289
5198
5169
4928
4763
4712
4437
4327
4326
4262
48696
48738
54881
55276
56782
56607
56286
56152
56015
55946
55442
55363
55280
55269
56805
55253
55118
55069
55063
55052
54513
54286
54272
53953
56788
57669
53123
64620
69481
67665
67429
67255
67087
66665
64839
64701
64622
64614
58191
63876
63082
61357
61323
61240
61236
60766
60069
58879
53894
339
53000
52579
52281
52241
51540
50068
49917
49824
48774
52967
6218
3949
4011
5064
1291
745
3994
1036
44199
215
2028
3793
5602
2985
494
434
153
780
1617
2273
2329
4638
2600
3160
4223
2989
3175
3499
3916
4023
7347
8781
293
50
26614
1245
2330
2677
306
319
3246
588
364
1042
1120
858
593
4121
1610
1200
