1610
1200
1120
1042
858
4121
593
4023
494
2600
2329
2273
1617
3160
780
3175
434
2989
3499
153
3916
4223
4638
5602
7347
8781
2985
1036
1210
260
44199
377
1376
339
3793
26585
3994
745
296
5064
4011
3265
7022
3949
5782
1291
6218
293
1197
1211
1172
3679
1273
1957
3111
3811
4103
4262
4326
5198
1
5747
8128
608
78499
132046
1250
350
4041
52973
1103
1089
122886
70286
68157
107999
72998
134853
3809
27611
109487
55820
68319
115617
2571
135518
3703
3882
37733
34405
109249
94777
4973
2068
8928
79132
46578
109374
6713
8188
115139
93040
95441
97938
106696
58559
114662
52885
118997
114459
54290
31658
40614
111
247
1080
114342
30745
68358
1256
2288
2529
3546
27773
5662
27592
1219
105355
56367
5
32025
31221
7376
4721
116161
1721
33794
31878
116797
26554
8961
8874
7844
7090
117176
35836
47
50
5299
34321
115569
26662
26614
8464
7161
4018
232
3948
2424
1265
115713
1176
318
67997
246
186
4369
5349
5135
4890
4823
4701
4641
4351
5481
4306
112552
4016
3978
3893
3785
5377
5812
215
106473
78349
112550
8369
105197
55247
3676
44191
6281
107649
88125
68954
65514
8636
6953
3751
3361
3260
529
1259
112852
1059
904
661
587
520
3114
113064
114254
337
300
6539
236
1358
112556
1517
1635
1639
1801
1954
1956
2004
2012
2085
2369
2396
2692
2700
3052
3113
6857
118700
6350
5902
2641
2359
1061
80551
2082
104841
69640
8972
7458
5445
47044
52319
121231
66203
48780
3257
3275
3300
48394
164977
164979
66934
66097
63992
60684
27904
3301
8861
7373
5507
5219
4069
138610
4995
4226
1704
100365
130682
111624
111931
8623
2174
150
45950
2968
37729
35957
34162
32892
7478
1955
1199
4467
1258
48711
82152
27255
6986
6683
4612
4189
74458
4911
64957
1131
4388
111384
47465
5909
69526
69712
71057
132800
128512
128606
131796
132458
132547
132549
133645
128235
133771
134130
134859
134881
137337
139385
128360
127212
140174
1274
2361
3996
118880
2997
2924
122882
924
127206
741
123663
123695
127108
127114
127144
139642
140715
46970
82461
163056
36401
8865
6754
163949
104283
5971
8528
5618
3030
44555
7361
6985
47640
2502
161582
140725
148626
141749
142488
143385
144172
146656
148482
155064
161336
156387
158783
160954
78209
76251
61024
1900
106918
117533
61323
61236
60766
60069
58879
58191
57669
56805
56788
56782
56607
56286
56152
56015
55946
55442
61240
61357
55280
63082
71464
71108
70293
69481
67665
67429
67255
67087
66665
64839
64701
64622
64620
64614
63876
55363
55276
72011
51540
49917
49824
48774
48738
48696
48516
47629
47423
47274
46723
46664
45210
45028
42217
112515
50068
52241
55269
52281
55253
55118
55069
55063
55052
54881
54513
54286
54272
53953
53894
53123
53000
52967
52579
71745
72131
41585
97673
96832
96811
96728
96610
96588
96417
95761
95558
95449
95135
94969
94959
94931
91077
90866
97304
97752
90439
97921
103688
103624
103449
103372
103107
102469
102194
101895
101525
101285
99149
99114
98961
98154
97923
90531
90376
72176
81845
81591
81562
80489
80463
79242
78653
78574
78039
74545
74324
73023
72741
72720
72395
72226
81786
81932
90057
82313
89804
89759
89492
89470
89260
88810
88235
88129
87304
86833
86320
85394
83976
82463
82459
41863
41997
40819
1272
111251
1942
1935
1572
1281
111505
1260
2178
1245
1232
111622
1209
112070
112183
2109
2182
3634
3089
3539
3498
3415
3384
40629
111249
2927
2202
2920
2857
2747
2730
2677
2330
1153
946
914
112290
6863
2942
1997
1088
1028
4322
77455
757
62849
60072
47099
40148
6016
5608
6942
8533
45720
59725
63131
64969
3176
3707
5984
7155
39421
53318
306
319
364
588
146501
3632
3246
3671
6433
8207
8195
8154
105504
7926
7792
7438
7335
7195
6983
110871
6874
6830
6783
6643
8236
8494
8584
26151
39183
38304
37741
34517
31770
26366
26150
8645
25927
25805
8767
8766
8765
8751
6515
6981
6229
5169
3742
3789
107636
3947
107141
106920
106916
5956
4327
4437
4712
4763
4928
599
5464
5289
5795
106100
5791
106766
1732
2019
1079
5952
7153
2028
8795
4993
7243
1283
3629
2936
8125
3022
954
541
357
2542
2959
1729
778
1242
628
6287
104
5449
