3679
1172
8128
3111
5747
5198
1957
4326
1197
4262
4103
1211
3811
1273
494
778
50
8781
153
434
780
1617
2273
26614
2600
2985
2989
3160
3175
3499
3916
4023
4223
4638
5602
2329
7347
1729
2019
318
4993
8795
44199
1036
3994
2542
745
2959
1291
5064
1079
4011
296
293
3361
3949
6218
1061
7153
5952
1131
300
357
7243
3629
1283
111384
121231
1732
8125
3022
954
541
41997
52281
260
2936
27773
3052
2700
246
5662
3113
8188
6713
6287
3546
3751
1256
1089
2692
2004
30745
31658
337
350
236
186
5
67997
377
520
529
628
58559
661
52885
1059
1242
1250
1259
1358
1376
1517
1635
1639
1801
1954
1956
2012
2085
2369
2396
904
135518
3785
45720
1
6016
40148
47099
60072
77455
78499
4322
1028
1088
2942
6863
8533
63131
1900
64969
3176
3707
5984
7155
39421
53318
146501
757
914
946
1153
1209
117533
94777
3893
5812
4016
4041
4306
4351
4369
4641
4701
4823
4890
5135
5349
5377
5481
6281
78349
6953
8636
65514
68954
107649
3703
106473
3676
5449
55247
106918
8369
70286
1080
5299
247
5507
37733
34405
27904
8928
8861
7373
5219
68157
4069
3882
3809
3301
3300
3275
66934
68319
2641
3030
6754
132046
104283
82461
5971
5618
44555
69526
7361
6985
47640
46970
71057
69712
3257
2359
36401
100365
5909
4911
111624
107999
8623
2174
45950
4388
37729
35957
34162
32892
7478
1955
47465
64957
80551
608
2082
104841
69640
8972
7458
5445
52319
48711
109487
27255
6986
6683
4612
4189
8865
104
40614
1265
7161
1260
4973
4018
3948
2068
1210
26662
1176
232
35836
32025
31221
7376
8464
27611
122886
106696
54290
134853
118997
115617
109374
109249
97938
34321
95441
93040
72998
68358
56367
46578
4721
31878
1103
593
3793
1610
1200
1120
1042
858
78209
741
76251
61024
55820
52973
8528
2502
4121
1274
26585
6857
26554
8961
8874
7844
7090
7022
6539
2571
6350
5782
3996
3265
2997
2924
1232
599
72395
97304
96811
96728
96610
96588
96417
95761
95558
95449
95135
94969
94959
94931
91077
90866
90531
90439
90376
96832
97673
89804
97752
105197
103688
103624
103449
103372
103107
102469
102194
101895
101525
101285
99149
99114
98961
98154
97923
97921
90057
89759
105504
80463
78653
78574
78039
74545
74324
73023
72741
72720
1272
72226
72176
72131
72011
71745
71464
71108
70293
79242
80489
89492
81562
89470
89260
88810
88235
88129
87304
86833
86320
85394
83976
82463
82459
82313
81932
81845
81786
81591
105355
106100
67665
143385
141749
140725
140715
140174
139642
139385
137337
134881
134859
134130
133771
133645
132800
132549
132547
132458
131796
142488
144172
128512
146656
111931
82152
66203
47044
138610
164979
164977
163949
163056
161582
161336
160954
158783
156387
155064
148626
148482
128606
128360
106766
114254
112852
112556
112552
112550
112515
112290
112183
112070
111622
111505
111251
111249
110871
107636
107141
106920
106916
113064
114342
128235
114459
127212
127206
127144
127114
127108
123695
123663
122882
118880
118700
117176
116797
116161
115713
115569
115139
114662
69481
339
67429
7438
8494
8236
8207
8195
8154
7926
7792
7335
42217
7195
6983
6981
6874
6830
6783
6643
8584
8645
8751
8765
41585
40819
40629
39183
38304
37741
34517
31770
26366
26151
26150
25927
67255
8767
8766
6515
6433
6229
3498
3384
3089
2927
2920
2857
2747
2730
2202
2182
2178
2109
1942
1935
1572
1281
3415
3539
5956
3632
5795
5791
5464
5289
5169
4928
4763
4712
4437
4327
3947
3789
3742
3671
3634
41863
25805
45028
61357
58191
64614
55069
55118
60069
63876
63082
55253
55269
55276
55280
55363
55442
55946
55052
56015
56152
60766
45210
56286
58879
56607
61236
56782
56788
61240
56805
57669
55063
64620
64622
54881
46664
46723
47274
47423
47629
67087
66665
48516
48696
48738
48774
64839
49824
49917
50068
51540
52241
54513
54286
54272
53953
53894
53123
61323
53000
52967
64701
52579
48394
79132
4995
74458
66097
1704
62849
48780
1997
2529
1219
130682
4226
27592
5608
2288
88125
1258
2361
33794
3260
3978
5902
2028
60684
63992
47
924
111
215
3114
44191
6942
2968
59725
4467
2424
2677
588
2330
364
319
306
3246
1245
150
1199
587
1721
