2329
4023
4638
3916
153
5602
434
494
7347
8781
780
3499
3175
3160
2600
2989
58559
2985
1617
2273
4223
7361
4973
2959
44199
4011
3949
1036
3994
745
1291
5064
1729
778
2997
5608
6218
4226
93040
5782
293
1079
26554
1219
2529
2542
48780
47
608
111624
62849
3809
1704
1265
1732
109249
74458
296
8874
5299
4995
5971
31878
27773
1258
79132
8928
34321
6350
56367
118997
46578
109374
35836
115617
6539
64957
6942
66934
520
215
186
5
587
1089
1080
1376
67997
52885
31658
30745
247
111
40614
54290
134853
27592
8188
1256
236
661
2288
377
1059
628
1242
1250
1259
357
6713
6287
5662
350
337
3546
300
246
1358
529
904
135518
1517
1900
77455
60072
47099
40148
6016
1
117533
2361
94777
1635
78349
70286
8369
106918
55247
5449
3676
106473
78499
4322
1028
1088
364
319
306
53318
39421
7155
5984
3707
3176
64969
63131
59725
45720
8533
6863
2942
1997
44191
3703
107649
3978
3785
3751
3361
3260
3114
3113
3052
2700
2692
2396
2369
2085
2012
1956
1954
1801
1639
3893
4016
88125
4041
68954
65514
8636
6953
6281
5812
5481
5377
5349
5135
4890
4823
4701
4641
4369
4351
4306
2004
31221
106696
3275
5507
5219
4069
3882
3301
3300
3257
8972
2641
2359
1061
80551
2082
104841
7373
8861
27904
34405
37733
48394
60684
63992
66097
68157
68319
69526
69712
71057
46970
47640
6985
69640
7458
97938
100365
1199
130682
107999
8623
2174
150
45950
5445
37729
35957
34162
32892
7478
1955
2968
4467
4911
5909
47465
4388
1131
48711
4189
4612
6683
6986
27255
260
109487
121231
52319
44555
3030
5618
33794
32025
588
7376
4721
122886
1721
26585
82461
8961
8795
7844
7153
7090
7022
50
232
318
1176
1210
2068
2424
3948
4018
7161
8464
26614
26662
27611
68358
72998
95441
6857
5952
5902
593
104283
132046
6754
8865
36401
104
1103
2502
8528
52973
55820
61024
76251
78209
858
4993
1042
1120
1200
1610
3793
4121
741
924
1274
2019
2571
2924
3265
3996
541
599
146501
83976
91077
90866
90531
90439
90376
90057
89804
89759
89492
89470
89260
88810
88235
88129
87304
86833
86320
94931
94959
94969
96832
98961
98154
97923
97921
97752
97673
97304
96811
95135
96728
96610
96588
96417
95761
95558
95449
85394
82463
61240
82459
71464
71108
70293
69481
67665
67429
67255
67087
757
64839
64701
64622
64620
64614
63876
63082
61357
71745
72011
72131
79242
81932
81845
81786
81591
81562
80489
80463
78653
72226
78574
78039
74545
74324
73023
72720
72395
99114
99149
101285
101525
140174
139385
137337
134881
134859
134130
133771
133645
132800
132547
128606
128512
128360
127206
127114
122882
118880
141749
142488
143385
163056
111931
111384
82152
66203
47044
138610
163949
161582
144172
161336
160954
158783
156387
155064
148626
146656
118700
117176
116797
105197
107141
106920
106916
106766
106100
105504
105355
103688
111249
103624
103449
103372
103107
102469
102194
101895
110871
111251
116161
113064
115713
115569
115139
114662
114459
114342
114254
112852
111505
112556
112552
112550
112515
112290
112183
111622
61323
66665
61236
8128
5289
5198
5169
4928
4763
4712
4437
4327
4326
4262
4103
3947
3811
3789
3742
3679
3671
5464
5747
5791
60766
7926
7792
7438
7335
7243
7195
6983
6874
5795
6830
6783
6643
6515
6433
6229
5956
3634
3632
3629
1232
1935
1572
1283
1273
1272
1260
1245
1211
1957
1209
1197
1172
1153
954
946
914
1942
2028
3498
2927
3415
3384
3246
3111
3089
3022
2936
2920
2109
2857
2730
2677
2330
2202
2182
2178
8125
6981
8154
53123
55052
54881
54513
54286
54272
53953
53894
53000
55069
52967
8195
52579
52281
52241
51540
50068
55063
55118
49824
56607
60069
58879
58191
57669
56805
56788
56782
56286
55253
56152
56015
55442
55363
55280
55276
55269
49917
339
48774
8765
8766
41863
8767
41585
40819
25805
40629
48738
39183
25927
26150
38304
37741
26151
31770
41997
26366
8494
48516
47629
8236
47423
47274
48696
46723
46664
8207
45210
8645
8751
45028
42217
1281
127108
164979
55946
148482
8584
164977
107636
34517
140725
82313
3539
123663
127144
127212
128235
112070
131796
132458
132549
2747
72741
139642
72176
140715
123695
