1042
1200
1610
858
593
1120
4121
3793
186
377
587
58559
529
520
67997
357
215
350
337
5
246
236
300
135518
318
1517
2012
2004
1956
1954
1801
1639
1635
1376
628
1358
1259
1250
1242
1059
904
661
52885
31658
30745
26614
95441
93040
72998
68358
56367
34321
27611
26662
8464
27773
7161
5299
4018
3948
2424
2068
1265
1210
97938
106696
115617
118997
27592
8188
6713
6287
5662
3546
2529
2288
1256
1219
1089
1080
247
111
40614
54290
134853
2085
2369
2396
77455
6942
6863
2942
1997
1088
1028
4322
78499
62849
94777
60072
47099
40148
6016
5608
1
117533
2361
8533
45720
59725
63131
954
946
914
757
146501
588
541
364
319
306
53318
39421
7155
5984
3707
3176
64969
1900
78349
2692
3978
4823
4701
4641
4369
4351
4306
4041
4016
3893
70286
3785
3751
3361
3260
3114
3113
3052
2700
4890
5135
5349
5377
8369
106918
55247
5449
3676
106473
44191
3703
107649
88125
68954
65514
8636
6953
6281
5812
5481
1176
32025
232
8861
5507
5219
4069
3882
3301
3300
3275
3257
2641
2359
1061
80551
2082
104841
69640
8972
7458
7373
27904
50
34405
3030
44555
7361
6985
47640
46970
71057
69712
69526
68319
68157
66934
66097
63992
60684
48394
37733
5445
52319
121231
109487
4467
2968
1199
130682
111624
107999
8623
2174
150
100365
45950
37729
35957
34162
32892
7478
1955
4911
5909
47465
27255
79132
48780
4995
4226
1704
1258
260
6986
4388
6683
4612
4189
48711
74458
64957
1131
5618
5971
82461
6218
6539
6350
5952
5902
5782
4993
3996
3265
2997
2924
2571
2019
1274
924
741
44199
8781
6857
7022
7090
1721
47
35836
1172
31221
7376
4721
122886
33794
7153
31878
26585
26554
8961
8874
8795
7844
7347
5602
104283
5064
494
434
293
153
78209
76251
61024
55820
52973
8528
2502
1103
104
36401
8865
6754
132046
745
780
1036
3499
4638
4223
4023
4011
3994
3949
3916
3175
1291
3160
2989
2985
2600
2329
2273
1617
1153
599
1197
83976
91077
90866
90531
90439
90376
90057
89804
89759
89492
89470
89260
88810
88235
88129
87304
86833
86320
94931
94959
94969
96832
98961
98154
97923
97921
97752
97673
97304
96811
95135
96728
96610
96588
96417
95761
95558
95449
85394
82463
61240
82459
71464
71108
70293
69481
67665
67429
67255
1209
66665
64839
64701
64622
64620
64614
63876
63082
61357
71745
72011
72131
79242
81932
81845
81786
81591
81562
80489
80463
78653
72226
78574
78039
74545
74324
73023
72720
72395
99114
99149
101285
101525
140174
139385
137337
134881
134859
134130
133771
133645
132800
132547
128606
128512
128360
127206
127114
122882
118880
141749
142488
143385
163056
111931
111384
82152
66203
47044
138610
163949
161582
144172
161336
160954
158783
156387
155064
148626
146656
118700
117176
116797
105197
107141
106920
106916
106766
106100
105504
105355
103688
111249
103624
103449
103372
103107
102469
102194
101895
110871
111251
116161
113064
115713
115569
115139
114662
114459
114342
114254
112852
111505
112556
112552
112550
112515
112290
112183
111622
61323
67087
61236
5198
6229
5956
5795
5791
5747
5464
5289
5169
6515
4928
4763
4712
4437
4327
4326
4262
6433
6643
3947
7792
8236
8207
8195
8154
8128
8125
7926
7438
6783
7335
7243
60766
6983
6981
6874
6830
4103
3811
8645
1935
2202
2182
2178
2109
2028
1957
1942
1572
2677
1283
1273
1272
1260
1245
1232
1211
2330
2730
3789
3415
3742
3679
3671
3634
3632
3629
3498
3384
2857
3246
3111
3089
3022
2936
2927
2920
8494
7195
8751
50068
55069
55063
55052
54881
54513
54286
54272
53953
53894
53123
53000
52967
52579
52281
52241
55118
55253
55269
56782
60069
58879
58191
57669
56805
56788
56607
55276
56286
56152
56015
55442
55363
55280
51540
339
49917
25805
37741
45210
25927
26150
45028
26151
42217
49824
41997
41863
26366
41585
40819
31770
38304
39183
46664
47274
47423
48774
48738
48696
8765
48516
47629
40629
46723
8767
8766
109374
46578
8928
296
4973
1732
2542
3809
2959
608
109249
1729
778
1079
1281
127108
164977
34517
164979
148482
72741
55946
128235
82313
112070
8584
123695
107636
127144
127212
3539
140725
131796
132458
132549
72176
139642
2747
140715
123663
