79132
2571
46578
7361
55442
55069
608
2997
3111
1172
5747
3679
3811
4103
4262
4326
5198
1957
1197
1273
4306
1211
8128
48780
6874
50068
8645
55280
7438
5464
5791
61240
61236
296
26614
50
3052
5445
132046
1291
1265
47
3809
5782
55363
4226
52967
55269
53123
52241
55253
55118
54272
54286
55052
54881
54513
53894
56788
56782
55276
56805
56152
53000
56286
51540
56607
2959
26554
3793
2396
93040
1103
4041
52973
350
44199
1258
74458
1210
1079
4973
4011
48696
48738
49824
48774
41863
45028
45210
46723
47423
47629
48516
49917
1732
1120
593
1042
858
1200
1610
4121
27611
2529
55247
60684
1089
5299
68954
64839
67429
64701
55063
57669
58191
58879
64622
61357
63082
63876
64614
64620
61323
60766
8154
1517
3789
2857
1209
60069
914
3948
4327
357
55820
135518
293
70286
68157
80463
80489
74324
74545
78039
78574
79242
67255
81562
81591
81845
81932
82459
82463
109487
8928
4890
109374
72998
109249
62849
3634
5602
2600
153
434
494
780
1617
2273
7347
2329
8781
2985
2989
3160
3175
3499
3916
4023
4223
4638
778
1729
27773
599
7161
2288
47099
3882
37733
1704
260
3949
5608
4995
56367
48394
41997
52281
6218
27592
2542
78499
67997
2361
88125
1036
3994
78349
115617
77455
68319
61024
1176
5971
5064
1219
2692
8961
58559
377
529
8636
2174
318
1250
130682
111624
94777
2068
111
34321
8874
1997
118997
122886
35836
107999
63131
53318
66097
6863
6539
34405
46970
64969
3703
6350
3361
107649
4018
112552
66934
111384
1088
121231
1061
134853
8464
114459
114342
111931
7478
35957
111249
1955
114254
26662
47465
5909
113064
4911
520
587
114662
4467
1242
33794
1059
904
4721
7376
31221
32025
661
116161
115713
232
1131
628
4388
115569
115139
112852
1199
2968
112290
112183
100365
5
1256
112070
45950
111622
3546
5662
6287
6713
34162
8188
37729
111505
30745
31658
1080
150
68358
247
52885
112556
95441
111251
97938
32892
337
106696
112550
112515
116797
300
54290
40614
236
8623
186
26585
164979
64957
156387
27904
66203
82152
160954
158783
27255
69526
69712
71057
47640
3030
6857
5618
6986
82461
104283
155064
6754
8865
36401
104
148626
161336
8861
7373
5507
52319
164977
163949
7458
8972
69640
138610
104841
2082
80551
163056
2359
2641
3257
3275
3300
3301
161582
47044
4069
5219
2502
8528
148482
131796
128512
128360
1259
4189
128235
127212
127206
127144
127114
48711
127108
123695
123663
122882
741
924
1274
118880
118700
117176
5902
128606
132458
146656
132547
6683
76251
78209
144172
143385
142488
141749
140725
140715
140174
4612
139642
139385
137337
134881
134859
134130
133771
133645
132800
132549
66665
1376
1358
95761
6515
6643
6783
6830
96588
6981
6983
7195
7335
96417
7926
95558
5956
8195
8236
8494
8584
95449
8751
8765
8766
8767
25805
25927
6433
5795
26151
3742
2747
101285
2920
2927
67087
99149
3415
3539
3632
99114
98961
98154
96610
97923
97921
97752
97673
97304
4763
5169
96832
5289
96811
96728
26150
31770
2182
72395
53953
86833
86320
85394
83976
82313
81786
78653
73023
72741
72720
72226
88129
72176
72131
55946
56015
72011
71745
71464
71108
70293
69481
67665
87304
88235
34517
94931
37741
38304
39183
40629
40819
41585
95135
42217
94969
94959
46664
91077
88810
90866
90531
90439
90376
90057
89804
89759
89492
89470
89260
52579
2202
3089
339
105504
5449
3676
44191
106100
6953
6281
5812
5481
146501
757
103449
946
5377
5349
5135
1153
117533
39421
7155
102469
5984
105197
103688
6016
1900
40148
60072
103624
4322
1028
2942
8533
45720
105355
3176
8369
106918
3707
103107
103372
102194
3113
2700
1281
107636
2369
2085
2012
2004
1956
1954
1572
1935
1942
1801
1639
1635
101525
110871
106766
107141
3260
3751
4823
4701
4641
4369
4351
106916
1232
106920
1
4016
3978
1260
3893
3785
101895
31878
65514
6942
7022
3265
63992
2424
7090
7844
2924
3996
246
745
59725
106473
44555
215
2019
3114
5952
7153
1245
588
3246
364
319
306
2677
2330
1721
8795
4993
6985
2936
2730
3384
3498
3671
26366
1272
3947
2178
8207
7792
47274
2109
6229
4928
4712
4437
954
541
3022
8125
1283
3629
7243
2028
