260
1210
1376
1250
132046
122886
107999
70286
72998
109487
27611
68319
3703
34405
94777
135518
2019
2068
134853
79132
109249
115617
2571
2700
3052
1358
4351
1517
1635
4306
4041
1639
1801
1954
4016
3978
3893
1956
3785
2004
2012
3751
2085
2369
3361
3260
3114
2396
2692
3113
1259
529
1242
3546
30745
27773
27592
8188
6713
6287
5662
2529
1059
2288
1729
1256
1219
1089
1080
1079
31658
52885
58559
67997
904
661
628
587
520
377
357
350
337
300
246
236
215
186
5
4369
5135
4641
4701
319
306
53318
39421
7155
5984
3707
3176
64969
63131
59725
45720
8533
6942
6863
2942
1997
364
541
588
1211
1283
1281
1273
1272
1260
1245
1232
1209
146501
1197
1172
1153
954
946
914
757
1088
1028
4322
6953
106473
44191
107649
88125
68954
65514
8636
6281
5449
5812
5481
5377
5349
111
4890
4823
3676
55247
78499
2959
77455
62849
60072
47099
40148
6016
5608
2542
106918
778
1
117533
2361
1900
78349
8369
247
97938
40614
1732
3809
3301
3300
3275
3257
2641
2359
1061
6985
80551
2082
104841
69640
8972
7458
5445
3882
4069
5219
5507
46970
71057
69712
69526
68157
66934
66097
63992
60684
48394
37733
27904
8928
8861
7373
608
52319
121231
4911
2968
1199
130682
111624
8623
2174
150
100365
45950
37729
35957
34162
32892
7478
1955
4467
5909
48780
47465
4995
4226
1704
1258
27255
6986
6683
4612
4189
48711
74458
64957
1131
4388
296
47640
7361
54290
32025
1265
1176
318
232
50
47
35836
31221
44555
7376
4721
1721
33794
31878
26585
26554
2424
3948
4018
4973
118997
109374
106696
1935
95441
93040
68358
56367
46578
34321
26662
26614
8464
7161
5299
8961
8874
8795
78209
61024
55820
52973
8528
2502
1103
104
36401
8865
6754
104283
82461
5971
5618
3030
76251
741
7844
924
7153
7090
7022
6857
6539
6350
5952
5902
5782
4993
3996
3265
2997
2924
1274
1572
599
1942
90866
97921
97752
97673
97304
96832
96811
96728
96610
96588
96417
95761
95558
95449
95135
94969
94959
94931
97923
98154
98961
103449
106766
106100
105504
105355
105197
103688
103624
103372
99114
103107
102469
102194
101895
101525
101285
99149
91077
90531
72011
90439
1957
81591
81562
80489
80463
79242
78653
78574
78039
74545
74324
73023
72741
72720
72395
72226
72176
81845
81932
82313
88810
90376
90057
89804
89759
89492
89470
89260
88235
82459
88129
87304
86833
86320
85394
83976
82463
106916
106920
107141
107636
143385
142488
141749
140725
140715
140174
139642
139385
137337
134881
134859
134130
133771
133645
132800
132549
132547
144172
146656
148482
164977
111931
111384
82152
66203
47044
138610
164979
163949
148626
163056
161582
161336
160954
158783
156387
155064
132458
131796
128606
112515
114342
114254
113064
112852
112556
112552
112550
112290
114662
112183
112070
111622
111505
111251
111249
110871
114459
115139
128512
123695
128360
128235
127212
127206
127144
127114
127108
123663
115569
122882
118880
118700
117176
116797
116161
115713
72131
81786
71745
8125
8765
8751
8645
8584
8494
8236
8207
8195
8154
8128
7926
71464
7792
7438
7335
7243
7195
6983
6981
6874
6830
6783
8766
8767
25805
25927
47629
47423
47274
46723
46664
45210
45028
42217
41997
41863
41585
40819
40629
39183
38304
37741
34517
31770
26366
26151
26150
6643
6515
6433
3632
3539
3498
3415
3384
3246
3111
3089
3022
2936
2927
2920
2857
2747
2730
2677
2330
2202
2182
2178
2109
2028
3629
3634
6229
3671
5956
5795
5791
5747
5464
5289
5198
5169
4928
4763
4712
4437
4327
4326
4262
4103
3947
3811
3789
3742
3679
48516
48696
48738
57669
56788
56782
56607
56286
56152
56015
55946
55442
55363
55280
55276
55269
55253
55118
55069
55063
55052
54881
54513
54286
54272
56805
58191
53894
58879
71108
70293
69481
67665
67429
67255
67087
66665
64839
64701
64622
64620
64614
63876
63082
61357
61323
61240
61236
60766
60069
53953
53123
48774
51540
53000
49824
49917
50068
339
52241
52579
52281
52967
293
6218
3949
4011
1291
5064
745
3994
1036
3793
44199
4023
4121
153
434
494
593
8781
780
858
7347
1042
1120
1200
5602
1610
1617
2273
2329
2600
2985
4638
3160
3175
3499
4223
3916
2989
