1
858
4121
1610
1120
1042
1200
593
150
78499
3793
780
2985
434
153
1617
2273
2329
2600
494
2989
4638
8781
3175
5602
7347
4223
4023
3916
3499
3160
3114
1079
1028
50
236
26614
339
2424
134853
44199
115617
3994
745
293
1291
5064
4011
778
1729
1036
3949
109249
6218
106696
608
3809
2542
1732
2959
4973
296
8928
118997
46578
109374
6539
66934
1517
1639
1376
1801
1956
1954
1635
2700
2004
2012
2085
2369
2396
2692
1259
3052
1211
1209
1197
1358
350
1250
5662
31658
30745
8188
6713
6287
1272
3546
1242
1256
1089
1080
1273
247
111
52885
58559
67997
5
186
1260
1232
246
300
337
1153
377
529
628
661
904
1059
1172
77455
954
6281
3703
107649
68954
65514
8636
6953
5812
946
5481
5377
5349
5135
4890
4823
44191
106473
3676
5449
55247
106918
8369
70286
78349
94777
1900
2361
117533
4322
6016
40148
47099
4701
4641
4369
8533
914
757
60072
541
53318
39421
7155
5984
3707
3176
64969
63131
59725
45720
6942
4351
6863
40614
2942
1088
3113
3260
3361
3751
3785
3893
3978
4016
4041
4306
146501
1176
54290
5507
69640
104841
2082
80551
1061
2359
2641
3257
3275
3300
3301
3882
4069
5219
7373
7458
8861
27904
34405
37733
60684
63992
68157
68319
69526
69712
71057
46970
47640
6985
8972
5445
44555
4467
1955
7478
32892
34162
35957
37729
45950
100365
2174
8623
107999
111624
1199
2968
4911
52319
5909
47465
4388
1131
64957
48711
4189
4612
6683
6986
27255
260
109487
121231
7361
3030
97938
1210
8961
26554
31878
33794
1721
122886
4721
7376
31221
32025
35836
232
318
1283
1265
8795
2068
3948
4018
5299
7161
8464
26662
27611
34321
56367
68358
72998
93040
95441
8874
7844
5618
76251
5971
82461
104283
132046
6754
8865
36401
104
1103
2502
8528
52973
55820
61024
78209
7153
741
924
1274
2019
2571
2924
2997
3996
4993
5902
5952
6350
6857
7090
1281
135518
1572
94959
96610
96588
96417
95761
95558
95449
95135
94969
94931
96811
91077
90866
90531
90439
90376
90057
89804
89759
96728
96832
66665
101525
103688
103624
103449
103372
103107
102469
102194
101895
101285
97304
99149
99114
98961
98154
97923
97921
97752
97673
89492
89470
89260
72131
74545
74324
73023
72741
72720
72395
72226
72176
72011
88810
71745
71464
1935
70293
69481
67665
67429
67255
78039
78574
78653
79242
88235
88129
87304
86833
86320
85394
83976
82463
82459
82313
81932
81845
81786
81591
81562
80489
80463
105197
105355
105504
134881
142488
141749
140725
140715
140174
139642
139385
137337
134859
128512
134130
133771
133645
132800
132549
132547
132458
131796
143385
144172
146656
148482
111931
111384
82152
66203
47044
138610
164979
164977
163949
163056
161582
161336
160954
158783
156387
155064
148626
128606
128360
106100
111622
112852
112556
112552
112550
112515
112290
112183
112070
111505
128235
111251
111249
110871
107636
107141
106920
106916
106766
113064
114254
114342
114459
127212
127206
127144
127114
127108
123695
123663
122882
118880
118700
117176
116797
116161
115713
115569
115139
114662
67087
71108
64839
8125
7792
7438
7335
7243
7195
6983
6981
6874
6830
6783
6643
6515
6433
6229
5956
5795
5791
7926
8128
38304
8154
34517
31770
26366
26151
26150
25927
25805
8767
8766
64701
8751
8645
8584
8494
8236
8207
8195
5747
5464
5289
5198
3415
3384
3111
3089
3022
2936
2927
2920
2857
2747
2730
2202
2182
2178
2109
1957
1942
3498
3539
3629
4262
5169
4928
4763
4712
4437
4327
4326
4103
3632
3947
3811
3789
3742
3679
3671
3634
37741
8765
39183
56607
56152
56015
55946
55442
55363
55280
55276
40629
55269
55253
55118
55069
55063
55052
54881
56286
56782
54286
56788
64622
64620
64614
63876
63082
61357
61323
61240
61236
60766
60069
58879
58191
57669
56805
54513
599
54272
46723
49917
50068
53953
48738
48696
51540
48516
52241
47629
47423
52281
48774
52579
47274
46664
53123
53894
40819
41585
41863
42217
41997
45028
53000
45210
52967
49824
79132
4995
74458
66097
1704
62849
48780
1997
2529
1219
48394
27773
130682
1258
4226
27592
5608
88125
2288
5782
3265
7022
26585
357
520
587
47
215
2028
3246
319
306
2677
2330
588
364
1245
