5971
5618
69481
72011
66665
70293
71108
71464
71745
67087
72131
72395
72720
73023
78653
72226
63876
57669
60069
60766
61323
61357
55063
63082
64620
64614
64622
64701
64839
58879
67429
58191
67665
61240
61236
70286
8961
3160
5602
4638
4223
4023
3916
3499
3175
2989
31658
2985
2600
2329
2273
1617
780
494
153
7347
8781
68358
434
68954
26662
67997
61024
741
6857
104283
52885
1274
44199
6350
68157
1036
3994
3030
745
247
5064
1291
4011
1265
8645
7438
6874
50068
5464
5791
55280
3949
132046
4973
107999
72998
55363
55442
55069
6218
293
106473
52281
41997
34405
1210
94777
27611
2571
135518
48394
79132
109487
260
300
357
350
35957
337
37729
246
520
236
215
186
5
45950
377
587
529
1801
628
661
904
1059
1242
1250
1259
1358
1376
1517
1635
58559
78209
100365
150
106696
109249
109374
115617
118997
134853
54290
40614
111
130682
1079
1080
1089
111624
1219
1256
1729
2288
2529
3546
5662
6287
6713
8188
8623
27592
27773
30745
2174
1639
1954
95441
6953
65514
34162
88125
107649
3703
44191
32892
3676
5449
55247
106918
8369
7478
78349
1955
1900
2361
117533
1
778
2542
2959
5608
6016
40148
47099
60072
62849
77455
8636
6281
1956
5812
2004
2012
2085
2369
2396
2692
2700
3052
3113
3114
3260
3361
3751
3785
3893
3978
4016
4041
4306
4351
4369
4641
4701
4823
4890
5135
5349
5377
5481
97938
2968
93040
1199
27904
924
8928
2019
8861
2924
2997
3265
3996
7373
4993
5782
5902
5952
5507
5219
4069
3882
3809
6539
3301
3300
3275
3257
2641
2359
1732
1061
80551
37733
60684
63992
8865
76251
55820
858
52973
1042
1120
1200
8528
1610
2502
1103
104
36401
6754
66097
82461
44555
7361
3793
6985
47640
46970
71057
69712
4121
69526
68319
66934
2082
104841
69640
2424
31221
32025
35836
47
50
232
318
1176
64957
1131
4388
296
2068
3948
4721
4018
47465
5299
7161
8464
26614
5909
4911
34321
46578
56367
4467
593
7376
122886
8972
7090
7458
5445
608
52319
121231
48780
4995
4322
4226
1704
1258
27255
7022
7153
74458
7844
8795
8874
6986
26554
6683
4612
4189
26585
31878
33794
1721
48711
78499
599
1028
56607
97923
97921
97752
97673
97304
96832
96811
96728
96610
96588
96417
95761
95558
95449
95135
94969
94959
98154
98961
99114
103624
106916
106766
106100
105504
105355
105197
103688
103449
99149
103372
103107
102469
102194
101895
101525
101285
94931
91077
90866
78574
81845
81786
81591
81562
80489
80463
79242
78039
82313
74545
74324
72741
72176
67255
56805
56788
81932
82459
90531
89260
90439
90376
90057
89804
89759
89492
89470
88810
82463
88235
88129
87304
86833
86320
85394
83976
106920
107141
107636
139385
143385
142488
141749
140725
140715
140174
139642
137337
146656
134881
134859
134130
133771
133645
132800
132549
144172
148482
132458
164977
111931
111384
82152
66203
47044
138610
164979
163949
148626
163056
161582
161336
160954
158783
156387
155064
132547
131796
110871
112550
114459
114342
114254
113064
112852
112556
112552
112515
115139
112290
112183
112070
111622
111505
111251
111249
114662
115569
128606
127108
128512
128360
128235
127212
127206
127144
127114
123695
115713
123663
122882
118880
118700
117176
116797
116161
56782
56286
1088
56152
3111
3089
3022
2936
2927
2920
2857
2747
2730
2677
2330
2202
2182
2178
2109
2028
1957
3246
3384
3415
3811
4712
4437
4327
4326
4262
4103
3947
3789
3498
3742
3679
3671
3634
3632
3629
3539
1942
1935
1572
64969
306
53318
39421
7155
5984
3707
3176
63131
364
59725
45720
8533
6942
6863
2942
1997
319
541
1283
1209
1281
1273
1272
1260
1245
1232
1211
1197
588
1172
1153
954
946
914
757
146501
4763
4928
5169
47274
49824
48774
48738
48696
48516
47629
47423
46723
51540
46664
45210
45028
42217
41863
41585
40819
49917
52241
39183
54881
56015
55946
55276
55269
55253
55118
55052
54513
52579
54286
54272
53953
53894
53123
53000
52967
40629
38304
5198
6783
7792
7335
7243
7195
6983
6981
6830
6643
8125
6515
6433
6229
5956
5795
5747
5289
7926
8128
37741
8767
34517
31770
26366
26151
26150
25927
25805
8766
8154
8765
8751
8584
8494
8236
8207
8195
339
