7792
5198
1957
4326
2178
47274
6229
5747
3111
3384
3498
1273
4928
4712
3671
3679
4437
3811
3947
4103
3785
2109
1272
1211
26366
8207
3113
8128
1172
3361
1197
4262
2730
3793
318
1059
1635
587
1517
52885
1358
1259
1250
58559
1242
67997
529
357
350
5
520
186
628
377
236
246
661
300
337
904
215
27592
31658
134853
115617
109374
109249
106696
97938
95441
93040
72998
68358
56367
46578
34321
27611
26662
26614
8464
7161
118997
54290
30745
40614
27773
1801
8188
6713
6287
5662
3546
2529
2288
1729
1256
1219
1089
1080
1079
247
111
1639
135518
1954
3676
6016
5608
2959
2542
778
1
117533
2361
1900
94777
78349
70286
8369
106918
55247
40148
47099
60072
8533
3707
3176
64969
63131
59725
45720
6942
62849
2942
1997
1028
4322
78499
77455
5449
106473
1956
44191
4041
4016
3978
3893
4973
3260
3114
3052
2700
2692
2396
2369
2085
2012
2004
4306
4351
4369
5812
88125
68954
65514
8636
6953
6281
5481
4641
5377
5349
5135
4890
4823
4701
5299
3948
7155
3275
7373
5507
5219
4069
3882
3809
3301
3300
3257
8928
2641
2359
1732
1061
80551
2082
104841
69640
8861
27904
7458
69712
5618
3030
44555
7361
6985
47640
46970
71057
69526
34405
68319
68157
66934
66097
63992
60684
48394
37733
8972
5445
2424
8623
5909
4911
4467
2968
1199
130682
111624
107999
150
296
100365
45950
37729
35957
34162
32892
7478
1955
47465
4388
608
1258
52319
121231
109487
79132
48780
4995
4226
1704
260
1131
27255
6986
6683
4612
4189
48711
74458
64957
5971
82461
104283
5782
7153
7090
7022
6857
6539
6350
5952
5902
4993
8795
3996
3265
2997
2924
2571
2019
1274
924
7844
8874
132046
32025
2068
1265
1210
1176
232
50
47
35836
31221
8961
7376
4721
122886
1721
33794
31878
26585
26554
741
44199
8781
61024
780
745
494
434
293
153
78209
76251
55820
7347
52973
8528
2502
1103
104
36401
8865
6754
1036
1291
1617
2273
6218
5602
5064
4638
4223
4023
4011
3994
3949
3916
3499
3175
3160
2989
2985
2600
2329
5984
599
39421
90439
97673
97304
96832
96811
96728
96610
96588
96417
95761
95558
95449
95135
94969
94959
94931
91077
90866
97752
97921
97923
103107
105504
105355
105197
103688
103624
103449
103372
102469
98154
102194
101895
101525
101285
99149
99114
98961
90531
90376
106766
90057
81562
80489
80463
79242
78653
78574
78039
74545
74324
73023
72741
72720
72395
72226
53318
72131
72011
81591
81786
81845
88129
89804
89759
89492
89470
89260
88810
88235
87304
81932
86833
86320
85394
83976
82463
82459
82313
106100
106916
71464
131796
143385
142488
141749
140725
140715
140174
139642
139385
137337
134881
134859
134130
133771
133645
132800
132549
132547
144172
146656
148482
164977
111931
111384
82152
66203
47044
138610
164979
163949
148626
163056
161582
161336
160954
158783
156387
155064
132458
128606
106920
128512
114342
114254
113064
112852
112556
112550
112515
112290
112183
112070
111622
111505
111251
111249
110871
107636
107141
114459
114662
115139
123695
128360
128235
127212
127206
127144
127114
127108
123663
115569
122882
118880
118700
117176
116797
116161
115713
71745
72176
71108
7438
7243
7195
6983
6981
6874
6830
6783
6643
6515
6433
5956
5795
5791
5464
5289
5169
4763
7335
7926
38304
8125
34517
70293
31770
26151
26150
25927
25805
8767
8766
8765
8751
8645
8584
8494
8236
8195
8154
4327
3789
3742
3634
1283
1281
1260
1245
1232
1209
1153
954
946
914
757
146501
588
541
364
319
306
1572
1935
1942
2936
3632
3629
3539
3415
3246
3089
3022
2927
2028
2920
2857
2747
2677
2330
2202
2182
37741
339
39183
56607
56152
56015
55946
55442
55363
55280
55276
55269
55253
55118
40629
55069
55063
55052
54881
56286
56782
64622
56788
64620
64701
64614
63876
63082
61357
61323
61240
61236
60766
60069
58879
58191
57669
56805
54513
54286
54272
48516
49917
49824
69481
48774
48738
48696
47629
67665
47423
46723
46664
45210
45028
42217
53953
50068
41863
52241
53894
53123
53000
52967
52579
52281
40819
67429
41585
64839
51540
66665
67087
67255
41997
1088
6863
112552
107649
4121
1610
1200
1120
1042
858
593
3703
4018
2174
1376
3751
