296
593
300
4121
1610
1200
1120
1042
26614
357
50
858
318
1729
778
1089
3793
68157
2542
1079
3361
111384
1732
121231
1061
2959
1956
2004
2012
2396
2085
1954
1801
2369
135518
3114
2692
2700
3052
3113
1635
3260
3751
3785
3893
3978
4016
4041
4306
1639
1250
1517
1376
67997
58559
52885
31658
30745
8188
6713
6287
5662
3546
1256
1080
247
111
40614
5
186
236
661
1358
1259
4369
1242
1059
904
628
246
587
529
520
377
350
337
4351
5135
4641
5984
914
757
146501
541
53318
39421
7155
3707
954
3176
64969
63131
59725
45720
8533
6942
946
1153
4701
1283
2182
2178
2109
1957
1942
1935
1572
1281
1172
1273
1272
1260
1232
1211
1209
1197
6863
2942
1088
6953
106473
44191
3703
107649
68954
65514
8636
6281
1028
5812
5481
5377
5349
134853
4890
4823
3676
5449
55247
106918
4322
78499
77455
60072
47099
40148
6016
1
117533
2361
1900
94777
78349
70286
8369
54290
72998
118997
27904
8861
7373
5507
5219
4069
3882
3809
3301
3300
3275
3257
2641
2359
80551
2082
8928
34405
115617
37733
5971
5618
3030
44555
7361
6985
47640
46970
71057
69712
69526
68319
66934
63992
60684
104841
69640
8972
7458
2968
1199
111624
107999
8623
2174
150
100365
45950
37729
35957
34162
32892
7478
1955
4467
4911
5909
6986
5445
608
52319
109487
260
27255
6683
47465
4612
4189
48711
64957
1131
4388
82461
104283
132046
26585
3948
2424
2068
1265
1210
1176
232
35836
32025
31221
7376
4721
122886
1721
33794
4018
4973
5299
2730
109374
109249
106696
97938
95441
93040
68358
7161
56367
46578
34321
27611
26662
8464
31878
26554
6754
8961
2019
1274
924
741
78209
76251
61024
55820
52973
8528
2502
1103
104
36401
8865
2571
2924
2997
6857
8874
8795
7844
7153
7090
7022
6539
3265
6350
5952
5902
5782
4993
3996
2202
599
2747
97673
96832
96811
96728
96610
96588
96417
95761
95558
95449
95135
94969
94959
94931
91077
90866
90531
90439
97304
97752
106100
97921
105355
105197
103688
103624
103449
103372
103107
102469
102194
101895
101525
101285
99149
99114
98961
98154
97923
90376
90057
89804
89759
79242
78653
78574
78039
74545
74324
73023
72741
72720
72395
72226
72176
72131
72011
71745
71464
71108
80463
81562
81591
86833
89492
89470
89260
88810
88235
88129
87304
86320
81786
85394
83976
82463
82459
82313
81932
81845
105504
106766
69481
143385
141749
140725
140715
140174
139642
139385
137337
134881
134859
134130
133771
133645
132800
132549
132547
132458
131796
142488
144172
106916
146656
111931
82152
66203
47044
138610
164979
164977
163949
163056
161582
161336
160954
158783
156387
155064
148626
148482
128606
128512
128360
128235
113064
112852
112556
112552
112550
112515
112290
112183
112070
111622
111505
111251
111249
110871
107636
107141
106920
114254
114342
114459
122882
127212
127206
127144
127114
127108
123695
123663
118880
114662
118700
117176
116797
116161
115713
115569
115139
70293
80489
67665
8154
8765
8751
8645
8584
8494
8236
8207
8195
8128
8767
8125
7926
7792
7438
7335
7243
7195
6983
8766
25805
6874
40819
46664
45210
45028
42217
67429
41997
41863
41585
40629
25927
39183
38304
37741
34517
31770
26366
26151
26150
6981
6830
47274
3498
3789
3742
3679
3671
3634
3632
3629
3539
3415
3947
3384
3111
3089
3022
2936
2927
2920
2857
3811
4103
6783
5464
6643
6515
6433
6229
5956
5795
5791
5747
5289
4262
5198
5169
4928
4763
4712
4437
4327
4326
46723
339
55118
55253
48516
48696
48738
48774
49824
49917
50068
51540
52241
52281
52579
52967
53000
53123
55442
53894
53953
55363
54272
54286
55280
54513
54881
55052
55063
55276
55069
55946
56015
56152
61240
67255
67087
66665
64839
64701
64622
64620
64614
63876
63082
61357
61323
47423
56286
61236
60766
60069
58879
58191
47629
57669
56805
56788
56782
56607
55269
79132
293
4995
74458
66097
27773
1704
62849
215
2028
48780
1997
2529
1219
48394
130682
306
2330
2677
588
3246
319
364
1245
1258
4226
27592
5608
6218
2288
88125
1291
5064
3949
745
3994
1036
4011
44199
47
2989
3160
2985
2600
1617
2273
3175
780
3499
494
434
153
3916
4023
4223
4638
5602
7347
8781
2329
