4121
1120
858
306
319
364
1610
588
2330
1245
593
3246
1200
1042
2677
2028
7022
3265
26585
296
1036
1089
260
1210
1079
3793
5782
1258
1219
215
4103
3947
1954
3811
954
3679
3671
47274
357
4262
3111
4326
2085
4437
3498
4928
541
5198
5747
6229
26366
8207
8128
4712
8125
3384
1172
1211
1272
1273
1957
2109
2178
7792
1197
3022
1028
2174
1265
2968
2959
2542
2730
5608
1291
1729
778
2936
4467
47465
4911
293
7243
1283
3629
2924
3996
7844
7090
68157
4226
1199
3809
2361
1732
31878
4973
109249
3949
132046
47
1250
1704
107649
65514
106696
608
79132
122886
48780
2288
70286
118997
111
6863
112552
74458
2068
5299
107999
72998
5971
78349
94777
109374
27592
27611
6539
1088
109487
6218
53318
2692
68319
111624
60684
135518
2571
55247
34321
3703
34405
8874
8928
115617
2019
35836
63131
46578
66934
7161
6942
46970
27773
56367
64969
6350
4018
134853
5219
106918
3275
1900
4701
48394
3300
3301
3882
37733
5507
4641
8369
27904
4069
7361
4369
8861
7373
63992
47640
5449
3676
6985
5135
5349
5377
71057
5481
5812
6281
6953
8636
4890
69712
68954
88125
69526
3257
4823
44191
66097
106473
1
2641
1997
64957
78499
1131
4322
4388
5909
130682
8623
150
100365
2942
117533
45950
37729
35957
34162
32892
7478
1955
8533
45720
59725
48711
77455
4189
62849
2359
1061
80551
4306
2082
104841
69640
8972
7458
5445
52319
121231
4995
6016
40148
27255
6986
6683
4612
47099
60072
4351
8795
4041
247
924
93040
95441
97938
741
78209
76251
54290
40614
61024
55820
8188
1080
52973
8528
1256
2502
1103
2529
3546
5662
6287
68358
1274
26662
26614
8961
26554
7153
6857
33794
1721
4721
7376
31221
32025
5952
50
232
318
1176
5902
4993
2997
2424
3948
8464
6713
104
4016
2396
1635
104283
1639
1801
82461
1956
2004
2012
5618
2369
3030
30745
2700
3052
3113
3114
3260
44555
3751
3785
3893
3978
1517
1358
6754
1242
31658
52885
58559
67997
5
186
36401
236
246
300
337
350
8865
377
520
529
587
628
661
904
1059
3361
599
3176
97304
99114
98961
98154
97923
97921
97752
97673
96832
95135
96811
96728
96610
96588
96417
95761
95558
99149
101285
101525
101895
107141
106920
106916
106766
106100
105504
105355
105197
103688
103624
103449
103372
103107
102469
102194
95449
94969
73023
81591
83976
82463
82459
82313
81932
3707
81786
81562
94959
80489
80463
79242
78653
78574
78039
74545
85394
86320
86833
87304
94931
91077
90866
90531
90439
90376
90057
89804
89759
89492
89470
89260
88810
88235
88129
107636
110871
111249
139642
144172
143385
142488
141749
140725
140715
140174
139385
111251
137337
134881
134859
134130
133771
133645
132800
146656
148482
148626
155064
111931
111384
82152
66203
47044
138610
164979
164977
163949
163056
161582
161336
160954
158783
156387
132549
132547
132458
115713
115139
114662
114459
114342
114254
113064
112852
112556
112550
112515
112290
112183
112070
111622
111505
115569
116161
131796
116797
128606
128512
128360
128235
127212
127206
127144
127114
127108
123695
123663
122882
118880
118700
117176
74324
81845
72741
51540
31770
26151
26150
25927
25805
8767
8766
8765
8751
8645
8584
8494
8236
8195
8154
7926
7438
7335
7195
34517
37741
38304
46723
49917
49824
48774
48738
48696
48516
47629
47423
46664
39183
45210
45028
42217
41997
41863
41585
40819
40629
6983
6981
6874
1232
2747
2202
2182
1942
1935
1572
1281
1260
1209
2920
1153
946
914
757
146501
39421
7155
5984
2857
2927
6830
5289
6783
6643
6515
6433
5956
5795
5791
5464
5169
3089
4763
4327
3789
3742
3634
3632
3539
3415
72720
50068
52241
56015
63876
63082
61357
61323
61240
61236
60766
60069
58879
58191
57669
56805
56788
56782
56607
56286
56152
64614
64620
64622
71108
72395
72226
72176
72131
72011
71745
71464
70293
64701
69481
67665
67429
67255
67087
66665
64839
52281
339
55269
55442
55276
55253
55118
55069
55063
55052
54881
54513
54286
55363
54272
53953
53894
53123
53000
52967
55946
52579
55280
4011
5064
745
3994
44199
1617
2273
4638
5602
3916
7347
8781
3499
3175
153
3160
434
494
2989
780
2985
2600
2329
4023
4223
1259
1376
