46723
49917
47629
45210
45028
48516
48738
48774
47423
49824
41863
48696
44199
44555
8128
106920
1172
1197
107141
105355
106916
106100
1211
105197
103624
103372
103107
97673
102194
101895
5747
106766
3679
1273
4326
3111
4262
4103
3811
5198
1957
47099
4226
2692
48780
46578
105504
68319
109487
79132
587
236
5349
5377
5481
5812
6281
1242
1059
246
529
300
904
337
357
377
520
661
5135
628
4641
4890
4823
1376
1517
1635
1639
1801
1954
1956
2004
2012
2085
2369
2396
3052
3113
3114
3361
3751
3785
3893
4016
1259
4306
1250
4351
4369
1358
4701
2700
599
6953
8636
53318
306
319
364
541
588
146501
914
946
954
1153
1209
1232
1245
1260
1272
1281
1283
1572
1935
1942
2028
2109
2178
2182
2202
2330
2677
2747
39421
7155
5984
40148
65514
88125
107649
186
106473
3676
5449
106918
8369
1900
2361
1
6016
60072
3707
4322
1028
1088
1997
2942
6863
6942
8533
45720
59725
63131
64969
3176
215
1080
5
52885
71057
69526
66097
63992
27904
8928
7373
5507
5219
4069
3809
3301
3300
3275
3257
46970
47640
6985
104
153
78209
76251
61024
8528
2502
36401
3030
8865
6754
104283
82461
5971
5618
2641
2359
1061
100365
2968
130682
111624
8623
2174
150
45950
4911
37729
35957
34162
32892
7478
1955
4467
5909
80551
27255
2082
104841
69640
8972
5445
121231
6986
47465
6683
4612
4189
48711
1131
4388
434
494
593
32025
7161
4018
3948
2424
318
232
31221
26662
7376
4721
1721
26585
7844
7090
8464
68358
6857
5662
31658
30745
27592
8188
6713
6287
2288
95441
1256
2927
247
111
54290
106696
7022
6350
745
1610
2989
2985
2600
2329
2273
1617
1291
3175
1200
1120
1042
1036
858
780
3160
3499
3996
6218
3265
2924
1274
741
8781
7347
5602
3793
5064
4638
4223
4121
4023
3916
2857
339
2936
57669
128235
127212
127144
123695
55063
123663
115139
112070
55946
56015
107636
103688
103449
96417
95761
131796
132458
132547
155064
38304
39183
40629
40819
156387
41585
42217
132549
46664
148482
144172
140725
140715
139642
91077
58191
158783
58879
89759
89492
89470
89260
88810
88235
88129
72176
87304
86833
86320
85394
83976
72741
82313
89804
90057
67429
64614
60069
60766
61323
61357
63082
63876
64620
90376
64622
64701
64839
90866
90531
90439
37741
47274
160954
8195
5289
5795
5956
6229
6433
6515
82152
6643
6783
6830
6983
7195
7243
7335
7792
66203
8125
5169
4928
111384
3539
3022
3089
111931
3246
3384
3415
3498
3629
4712
3632
3671
3742
3789
3947
4327
4437
8154
6981
8207
26151
8767
47044
138610
164979
25805
25927
164977
8765
163949
163056
161582
26366
31770
34517
8766
26150
8751
8584
8236
8494
109249
3703
107999
66934
2068
6539
1176
48394
35836
115617
118997
34321
4973
34405
3882
37733
52281
41997
31878
61236
61240
5299
1265
55247
93040
94777
26554
3634
608
7438
50068
55280
6874
5464
5791
8645
2920
8861
135518
2730
81786
5782
1199
293
27611
56367
4041
350
52973
1103
2571
60684
2997
7926
94969
52579
133771
101285
132800
102469
161336
110871
111249
757
111505
4763
53953
112550
128512
113064
114254
114459
127206
1210
5902
3978
3260
55363
132046
44191
68954
7361
8874
26614
50
8961
58559
55069
55442
260
2019
122886
56782
54286
51540
56788
52241
53123
54272
52967
55820
53000
53894
56607
56152
56286
55269
54513
55253
54881
55276
55052
55118
56805
8795
7153
5952
4993
1704
3949
1219
27773
1089
1732
4995
64957
47
69712
5608
67665
62849
73023
78653
72011
72226
71464
72131
67087
66665
72720
72395
70293
71108
69481
71745
67997
70286
4011
1079
2529
78349
7458
97938
134853
52319
2542
77455
1258
78499
72998
109374
296
924
117533
1729
778
112552
96610
96832
78574
81562
81591
80489
74324
81932
81845
74545
78039
82463
82459
80463
79242
67255
2959
3546
127108
134859
122882
3994
40614
33794
96728
97304
96811
95449
96588
95558
97923
95135
94959
94931
97921
97752
98154
101525
98961
99114
99149
68157
127114
115713
148626
128360
128606
146656
139385
137337
143385
142488
141749
140174
134130
134881
133645
111251
118880
118700
112515
74458
112183
112290
112556
112852
114342
114662
115569
116161
116797
117176
111622
