296
858
26614
50
4121
1610
1200
1120
1042
593
318
3246
588
306
2677
1245
2330
319
364
3793
293
778
1729
2028
215
3361
608
377
47
150
2959
1089
1079
68157
52973
350
4041
1103
111384
2542
121231
1061
3114
27773
3809
1732
55820
37733
3882
88125
2288
4973
5608
2424
27592
8928
4226
109249
1258
46578
109374
130682
48394
1219
2529
1997
48780
62849
1704
66097
74458
4995
79132
2012
3260
2692
2396
1376
2369
1517
1635
3751
1639
1358
2004
1801
3113
2085
1954
1956
3052
2700
1232
1259
1250
3546
5662
6287
6713
8188
30745
31658
52885
58559
67997
5
186
236
246
337
3893
357
520
529
628
661
904
1059
1242
1211
3785
541
3978
1028
78349
94777
1900
2361
117533
1
757
6016
40148
47099
60072
77455
78499
4322
1088
8369
2942
6863
6942
8533
45720
59725
63131
64969
3176
3707
5984
7155
39421
53318
70286
106918
4016
4890
4306
4351
4369
4641
4701
4823
1209
1197
1172
1153
954
146501
946
914
5135
55247
5349
5377
5481
5812
6953
8636
65514
68954
107649
3703
44191
106473
3676
5449
6281
135518
1256
3301
27904
8861
7373
5507
5219
4069
3300
60684
3275
3257
2641
2359
80551
2082
34405
63992
6754
7361
104283
82461
5971
5618
3030
44555
6985
66934
47640
46970
71057
69712
69526
68319
104841
69640
8972
100365
2968
1199
111624
107999
8623
2174
45950
7458
37729
35957
34162
32892
7478
1955
4467
4911
5909
47465
4388
1131
64957
48711
4189
4612
6683
6986
27255
260
109487
52319
5445
132046
8865
1080
1210
7161
5299
4018
3948
2068
1265
1176
26662
232
35836
32025
31221
7376
4721
8464
27611
36401
115617
247
111
40614
54290
134853
118997
106696
1260
97938
95441
93040
72998
68358
56367
122886
1721
33794
924
3265
2997
2924
2571
2019
1274
741
31878
78209
76251
61024
8528
2502
104
3996
4993
5782
5902
5952
6350
6539
6857
7022
7090
7153
7844
8795
8874
8961
26554
26585
34321
599
1272
97752
97304
96832
96811
96728
96610
96588
96417
95761
95558
95449
95135
94969
94959
94931
91077
90866
90531
97673
97921
71108
97923
105504
105355
105197
103688
103624
103449
103372
103107
102469
102194
101895
101525
101285
99149
99114
98961
98154
90439
90376
90057
89804
80489
80463
79242
78653
1273
78039
74545
74324
73023
72741
72720
72395
72226
72176
72131
72011
71745
81562
81591
81786
87304
89759
89492
89470
89260
88810
88235
88129
86833
81845
86320
85394
83976
82463
82459
82313
81932
106100
106766
106916
128606
142488
141749
140725
140715
140174
139642
139385
137337
134881
134859
134130
133771
133645
132800
132549
132547
132458
143385
144172
146656
163949
111931
82152
66203
47044
138610
164979
164977
163056
148482
161582
161336
160954
158783
156387
155064
148626
131796
128512
106920
128360
114254
113064
112852
112556
112552
112550
112515
112290
112183
112070
111622
111505
111251
111249
110871
107636
107141
114342
114459
114662
123663
128235
127212
127206
127144
127114
127108
123695
122882
115139
118880
118700
117176
116797
116161
115713
115569
71464
78574
70293
69481
8236
8207
8195
8154
8128
8125
7926
7792
7438
7335
7243
7195
6983
6981
6874
6830
6783
6643
6515
6433
6229
8494
8584
8645
37741
45028
42217
41997
41863
41585
40819
40629
39183
38304
34517
8751
31770
26366
26151
26150
25927
25805
8767
8766
8765
5956
5795
5791
2730
3384
3111
3089
3022
2936
2927
2920
2857
2747
2202
3498
2182
2178
2109
1957
1942
1935
1572
1283
1281
3415
3539
5747
4326
5464
5289
5198
5169
4928
4763
4712
4437
4327
4262
3629
4103
3947
3811
3789
3742
3679
3671
3634
3632
45210
46664
46723
55269
56607
56286
56152
56015
55946
55442
55363
55280
55276
55253
56788
55118
55069
55063
55052
54881
54513
54286
54272
53953
56782
56805
47274
64614
67665
67429
67255
67087
66665
64839
64701
64622
64620
63876
57669
63082
61357
61323
61240
61236
60766
60069
58879
58191
53894
53123
339
48774
51540
52281
50068
49917
49824
52579
53000
52241
48738
48696
48516
47629
47423
52967
6218
3949
4011
5064
1291
745
587
300
3994
1036
44199
2989
4223
8781
7347
153
5602
434
494
4638
780
2600
4023
3916
3499
3175
3160
1617
2273
2329
2985
