1210
2529
8781
2989
7347
5602
4638
4223
4023
3916
3499
3175
3160
2985
2600
2329
2273
1617
780
494
434
153
260
3703
2571
1265
541
8125
1376
954
1
3022
924
4011
44199
78499
132046
2936
79132
1036
3629
1283
7243
3994
745
5902
3260
3978
2028
1291
5064
6218
8861
33794
3949
134853
7153
5952
27611
107999
70286
115617
72998
293
135518
2959
1250
48780
68319
62849
122886
109487
4226
3809
74458
2068
5299
4973
5971
94777
4995
27773
111624
60684
47
55247
34321
34405
8874
118997
2019
35836
31878
63131
109374
7161
6539
6942
46970
56367
64969
6350
6863
109249
66934
2396
3361
1954
3114
130682
3113
3052
2700
2692
1956
2012
2085
1199
1639
2369
1801
7373
1635
1517
27592
30745
31658
52885
58559
67997
5
186
215
236
246
300
337
350
357
377
520
529
587
628
661
904
3785
1242
1259
1358
2968
1059
4823
3893
1028
45950
37729
35957
778
2542
5608
6016
40148
47099
60072
77455
34162
32892
4322
1088
2361
7478
1997
2942
8533
45720
59725
3176
3707
1955
5984
7155
39421
53318
306
117533
1900
8623
6281
4016
4041
4306
4351
4369
4641
4701
6713
4890
5135
5349
5377
5481
5812
6953
78349
8636
65514
68954
88125
107649
2174
44191
106473
3676
5449
106918
150
8369
100365
8188
54290
6287
1732
3882
593
3301
3300
858
3275
1042
1120
1200
3257
1610
2641
2359
1061
5219
80551
2082
104841
69640
8972
3793
7458
5445
608
52319
121231
4121
1704
4069
78209
5662
3030
27904
37733
48394
63992
66097
68157
69526
69712
71057
47640
6985
7361
44555
5618
76251
82461
104283
5507
6754
8865
36401
104
1103
2502
8528
52973
55820
61024
1258
27255
6986
5909
2424
3948
8464
26614
26662
296
46578
68358
47465
93040
95441
97938
106696
4911
741
8928
40614
111
247
1079
1080
1089
1219
1256
1729
2288
4467
3546
4388
1131
1176
318
6683
1274
4612
2924
2997
3265
3996
4993
5782
4189
48711
6857
7022
7090
7844
8795
8961
26554
26585
64957
1721
4721
7376
31221
319
50
232
32025
599
364
95135
96811
96728
96610
96588
96417
95761
95558
95449
94969
89759
94959
94931
91077
90866
90531
90439
90376
90057
96832
97304
97673
97752
105197
103688
103624
103449
103372
103107
102469
102194
101895
101525
101285
99149
99114
98961
98154
97923
97921
89804
89492
67255
72226
78574
78039
74545
74324
73023
72741
72720
72395
72176
89470
72131
72011
71745
71464
71108
70293
69481
67665
78653
79242
80463
80489
89260
88810
88235
88129
87304
86833
86320
85394
83976
82463
82459
82313
81932
81845
81786
81591
81562
105355
105504
106100
134881
142488
141749
140725
140715
140174
139642
139385
137337
134859
106766
134130
133771
133645
132800
132549
132547
132458
131796
143385
144172
146656
148482
111931
111384
82152
66203
47044
138610
164979
164977
163949
163056
161582
161336
160954
158783
156387
155064
148626
128606
128512
128360
114254
112852
112556
112552
112550
112515
112290
112183
112070
111622
111505
111251
111249
110871
107636
107141
106920
106916
113064
114342
128235
114459
127212
127206
127144
127114
127108
123695
123663
122882
118880
118700
117176
116797
116161
115713
115569
115139
114662
67429
67087
588
4763
5795
5791
5747
5464
5289
5198
5169
4928
4712
8645
4437
4327
4326
4262
4103
3947
3811
3789
5956
6229
6433
6515
8494
8236
8207
8195
8154
8128
7926
7792
7438
7335
7195
6983
6981
6874
6830
6783
6643
3742
3679
3671
1957
1935
1572
1281
1273
1272
1260
1245
1232
1211
1209
1197
1172
1153
946
914
757
146501
1942
2109
3634
2178
3632
3539
3498
3415
3384
3246
3111
3089
2927
2920
2857
2747
2730
2677
2330
2202
2182
66665
8584
8751
55253
56152
56015
55946
55442
55363
55280
55276
55269
55118
8765
55069
55063
55052
54881
54513
54286
54272
53953
56286
56607
56782
56788
64839
64701
64622
64620
64614
63876
63082
61357
61323
61240
61236
60766
60069
58879
58191
57669
56805
53894
53123
53000
34517
41863
41585
40819
40629
39183
38304
37741
31770
42217
26366
26151
26150
25927
25805
8767
8766
52967
41997
45028
45210
52579
52281
52241
51540
50068
49917
49824
48774
48738
48696
48516
47629
47423
47274
46723
46664
339
4018
3751
2004
