132046
27611
5602
153
4223
7347
434
8781
494
4023
780
3916
4638
3175
3160
2989
2985
2600
2329
2273
1617
3499
2571
44199
97923
98154
97752
96728
97921
101525
94931
97304
99149
96811
96588
95558
98961
95449
95135
94959
99114
8533
1210
63082
63876
64614
61323
64620
64622
64701
64839
67429
61357
58879
60766
58191
57669
60069
55063
150
5952
7153
70286
96610
96832
47099
1265
106916
103624
106766
105355
106920
107141
105197
103372
97673
103107
102194
101895
34162
88125
106100
34405
4993
8795
1036
133645
127114
115713
128360
148626
146656
143385
142488
141749
140174
139385
137337
134881
134130
128606
1028
135518
745
4018
3246
116797
114342
114662
112290
112183
115569
116161
111622
117176
112556
306
319
364
588
1245
2330
2677
112852
260
1291
5064
293
61240
61236
127108
4011
2019
3949
3994
134859
122882
6218
79132
122886
109487
47629
49824
48774
48738
48696
48516
49917
47423
46723
45210
45028
41863
3114
3260
3978
5902
46578
112515
118880
118700
111251
61024
2028
215
2424
97938
53894
56152
2012
56788
51540
52241
56782
56607
56286
52967
54272
45950
55276
55269
55253
55118
53000
53123
54881
54513
54286
55052
587
56805
69481
8972
78653
73023
72720
72395
72226
72011
71745
71464
71108
70293
72131
67087
66665
68358
106918
48394
3751
55247
64969
5971
1250
44555
66097
3809
72998
109374
60684
112552
3703
47
924
67665
117533
4973
94777
67997
31658
105504
106696
236
111624
7161
5299
3030
68157
56367
118997
1732
66934
2068
55820
1079
55442
55069
8928
109249
1176
4226
30745
27592
6713
246
5
3546
300
337
357
377
186
5662
520
8188
2396
529
5377
7478
65514
3052
37729
6953
3113
6281
5812
3361
628
35957
3785
3893
4016
4351
32892
4641
4890
2700
2692
2288
5135
661
904
1059
1242
1259
1358
1517
1635
1639
1801
1954
1955
107649
1956
2004
2085
2369
3275
5909
1729
64957
8865
36401
2502
8528
76251
78209
7458
5445
52319
121231
3676
1258
27255
6986
6683
4612
4189
6754
7361
6985
104841
2641
2359
1061
80551
3300
3301
2082
4069
47640
5219
5507
7373
8861
27904
69712
71057
48711
1131
1256
4388
7376
31221
32025
50
232
318
2174
100365
8464
26614
93040
95441
54290
111
1080
1089
1219
4721
26585
26554
2997
296
47465
3257
4911
4467
2968
2924
3265
8623
3996
1199
5782
130682
7022
7090
7844
44191
599
8584
8765
8767
25805
25927
26150
26151
26366
31770
34517
37741
38304
39183
40629
40819
41585
42217
46664
47274
55946
56015
72176
72741
82313
83976
8766
8751
86320
8494
5198
5289
5747
5795
5956
6229
6433
6515
6643
6783
6830
6981
6983
7195
7243
7335
7792
8125
8128
8154
8195
8207
8236
85394
86833
4928
128235
132458
132547
132549
139642
140715
140725
144172
148482
155064
156387
158783
160954
161582
163056
163949
164977
164979
138610
47044
66203
82152
111384
111931
131796
127212
87304
127144
88129
88235
88810
89260
89470
89492
89759
89804
90057
90376
90439
90531
90866
91077
95761
96417
103449
103688
107636
112070
115139
123663
123695
5169
339
2857
1232
1942
1957
2109
2178
2182
2202
2747
2927
1935
2936
1997
1088
3022
3089
3111
4322
45720
3176
3415
1281
1272
1273
1211
1209
1197
1172
1153
954
1572
946
914
146501
541
53318
5984
1283
3384
1260
3498
778
3671
3679
3811
4262
4326
4327
1900
3742
78349
5608
6016
40148
2542
4103
3947
8369
3629
3539
3789
2361
4437
60072
3632
4712
6863
63131
34321
31878
107999
8874
27773
48780
3634
2920
608
62849
2730
81786
37733
3882
2959
2942
2529
3707
4763
757
111505
52579
132800
127206
7926
114459
161336
114254
113064
94969
133771
53953
112550
128512
111249
110871
102469
101285
39421
106473
63992
26662
247
6350
41997
52281
52973
6287
350
5449
4041
58559
8961
4701
4823
1103
33794
104
5481
8636
6942
68319
8645
5464
50068
5791
55280
6874
7438
55363
1704
40614
59725
7155
1274
104283
6857
741
52885
115617
69640
6539
1721
46970
5618
35836
4995
68954
1376
5349
4369
3948
134853
82461
69526
74458
77455
4306
3793
593
858
1042
1120
1200
1610
4121
82459
81932
81845
82463
81591
81562
80489
80463
78574
78039
74545
74324
67255
79242
1
78499
