1258
247
27592
2361
27904
2288
111
5608
74458
5618
27773
47
78349
60684
53318
1219
48780
3949
1732
4226
1704
1
78499
134853
115617
520
377
357
350
337
300
246
236
135518
529
1517
2369
2085
2012
2004
1956
1954
1801
1639
1635
1376
186
1358
1259
1250
1242
1059
904
661
628
587
215
8188
5
67997
97938
95441
93040
72998
68358
56367
46578
34321
27611
26662
26614
8464
7161
5299
4973
106696
109249
109374
6287
58559
52885
31658
30745
2692
6713
5662
118997
3546
2529
1256
1080
40614
54290
2396
3785
2700
4322
8533
6942
6863
2942
1997
1088
1028
77455
59725
62849
60072
47099
40148
6016
117533
1900
45720
63131
3052
541
1153
954
946
914
757
146501
588
364
64969
319
306
39421
7155
5984
3707
3176
94777
70286
8369
4016
4823
4701
4641
4369
4351
4306
4041
3978
106918
3893
3948
3751
3361
3260
3114
3113
4890
5135
5349
5377
55247
5449
3676
106473
44191
3703
107649
88125
68954
65514
8636
6953
6281
5812
5481
4018
318
2424
69640
8928
8861
7373
5507
5219
4069
3882
3809
3301
3300
3275
3257
2641
2359
1061
80551
2082
34405
37733
48394
6985
132046
104283
82461
5971
3030
44555
7361
47640
63992
46970
71057
69712
69526
68319
66934
66097
104841
8972
2068
7458
4467
2968
1199
130682
111624
107999
8623
2174
150
100365
45950
37729
35957
34162
32892
7478
1955
4911
5909
47465
260
5445
608
52319
121231
109487
79132
4995
27255
4388
6986
6683
4612
4189
48711
64957
1131
6754
8865
36401
104
7844
7153
7090
7022
6857
6539
6350
5952
5902
5782
4993
3996
3265
2997
2924
2571
2019
8795
8874
8961
32025
1265
1210
1176
1197
232
50
35836
31221
26554
7376
4721
122886
1721
33794
31878
26585
1274
924
741
153
1291
1036
780
745
494
434
293
78209
2273
76251
61024
55820
52973
8528
2502
1103
1617
2329
44199
4023
8781
7347
6218
5602
5064
4638
4223
4011
2600
3994
3916
3499
3175
3160
2989
2985
1172
599
1209
94969
96728
96610
96588
96417
95761
95558
95449
95135
94959
89492
94931
91077
90866
90531
90439
90376
90057
89804
96811
96832
97304
97673
103688
103624
103449
103372
103107
102469
102194
101895
101525
101285
99149
99114
98961
98154
97923
97921
97752
89759
89470
105355
72176
78039
74545
74324
73023
72741
72720
72395
72226
72131
89260
72011
71745
71464
71108
1211
69481
67665
67429
78574
78653
79242
80463
88810
88235
88129
87304
86833
86320
85394
83976
82463
82459
82313
81932
81845
81786
81591
81562
80489
105197
105504
67087
134881
142488
141749
140725
140715
140174
139642
139385
137337
134859
128512
134130
133771
133645
132800
132549
132547
132458
131796
143385
144172
146656
148482
111931
111384
82152
66203
47044
138610
164979
164977
163949
163056
161582
161336
160954
158783
156387
155064
148626
128606
128360
106100
111622
112852
112556
112552
112550
112515
112290
112183
112070
111505
128235
111251
111249
110871
107636
107141
106920
106916
106766
113064
114254
114342
114459
127212
127206
127144
127114
127108
123695
123663
122882
118880
118700
117176
116797
116161
115713
115569
115139
114662
67255
70293
66665
5747
6783
6643
6515
6433
6229
5956
5795
5791
5464
6874
5289
5198
5169
4928
4763
4712
4437
4327
6830
6981
4262
8195
64839
8765
8751
8645
8584
8494
8236
8207
8154
6983
8128
8125
7926
7792
7438
7335
7243
7195
4326
4103
25805
1942
2677
2330
2202
2182
2178
2109
2028
1957
1935
2747
1572
1283
1281
1273
1272
1260
1245
1232
2730
2857
3947
3539
3811
3789
3742
3679
3671
3634
3632
3629
3498
2920
3415
3384
3246
3111
3089
3022
2936
2927
8767
8766
25927
55118
56015
55946
55442
55363
55280
55276
55269
55253
55069
53000
55063
55052
54881
54513
54286
54272
26150
53894
56152
56286
56607
56782
64701
64622
64620
64614
63876
63082
61357
61323
61240
61236
60766
60069
58879
58191
57669
56805
56788
53123
53953
52967
41585
46723
52579
46664
45210
45028
42217
41997
41863
40819
47423
40629
39183
38304
37741
34517
31770
26366
26151
47274
339
47629
48516
49917
52281
52241
51540
48696
50068
49824
48738
48774
2959
1079
2542
68157
1089
1729
778
3793
4121
593
858
1042
1120
1200
1610
296
