593
4121
1610
1200
1120
1042
858
3793
50068
7438
5464
8645
6874
5791
55280
55363
55069
55442
61236
61240
52281
41997
68954
48394
4226
2959
5608
48780
79132
2692
1219
2529
47
62849
1704
1089
74458
4995
27773
1258
1358
1635
1517
1259
1376
1250
135518
1639
1801
1954
1956
2004
1242
2085
2369
2396
2700
3052
2012
350
1059
904
31658
30745
27592
8188
6713
6287
5662
3546
2288
1729
1256
1080
1079
247
111
52885
58559
67997
357
661
628
587
529
520
377
3114
5
337
300
246
236
215
186
3113
4041
3260
1088
59725
45720
8533
6942
6863
2942
1997
1028
64969
4322
78499
77455
60072
47099
40148
6016
63131
3176
778
588
1172
1153
954
946
914
757
146501
541
3707
364
319
306
53318
39421
7155
5984
2542
1
3361
4369
5481
5377
5135
4890
4823
4701
4641
4351
6281
4306
54290
4016
3978
3893
3785
3751
5812
6953
117533
55247
2361
1900
94777
78349
70286
8369
106918
5449
8636
3676
106473
44191
3703
107649
88125
65514
40614
93040
134853
3300
7373
5507
5219
4069
3882
3809
3301
3275
8928
3257
2641
2359
1732
1061
80551
2082
8861
27904
69640
69712
3030
44555
7361
6985
47640
46970
71057
69526
34405
68319
68157
66934
66097
63992
60684
37733
104841
8972
5971
150
2968
1199
130682
111624
107999
8623
2174
100365
4911
45950
37729
35957
34162
32892
7478
1955
4467
5909
7458
6986
5445
608
52319
121231
109487
260
27255
6683
47465
4612
4189
48711
64957
1131
4388
296
5618
82461
118997
232
3948
2424
2068
1265
1210
1176
318
50
4973
35836
32025
31221
7376
4721
122886
1721
4018
5299
31878
72998
115617
109374
109249
106696
97938
95441
1209
68358
7161
56367
46578
34321
27611
26662
26614
8464
33794
26585
104283
52973
1274
924
741
78209
76251
61024
55820
8528
2571
2502
1103
104
36401
8865
6754
132046
2019
2924
26554
6857
8961
8874
8795
7844
7153
7090
7022
6539
2997
6350
5952
5902
5782
4993
3996
3265
1197
599
1211
106920
97921
97752
97673
97304
96832
96811
96728
96610
96588
96417
95761
95558
95449
95135
94969
94959
94931
97923
98154
98961
103449
106766
106100
105504
105355
105197
103688
103624
103372
99114
103107
102469
102194
101895
101525
101285
99149
91077
90866
90531
78574
81786
81591
1232
80489
80463
79242
78653
78039
81932
74545
74324
73023
72741
72720
72395
72226
81845
82313
90439
88810
90376
90057
89804
89759
89492
89470
89260
88235
82459
88129
87304
86833
86320
85394
83976
82463
106916
107141
72131
107636
143385
142488
141749
140725
140715
140174
139642
139385
137337
134881
134859
134130
133771
133645
132800
132549
132547
144172
146656
148482
164977
111931
111384
82152
66203
47044
138610
164979
163949
148626
163056
161582
161336
160954
158783
156387
155064
132458
131796
128606
112515
114342
114254
113064
112852
112556
112552
112550
112290
114662
112183
112070
111622
111505
111251
111249
110871
114459
115139
128512
123695
128360
128235
127212
127206
127144
127114
127108
123663
115569
122882
118880
118700
117176
116797
116161
115713
72176
81562
72011
6643
7926
7792
7335
7243
7195
6983
6981
6830
6783
6515
8128
6433
6229
5956
5795
5747
5289
5198
5169
4928
8125
8154
71745
26150
40819
40629
39183
38304
37741
34517
31770
26366
26151
25927
8195
25805
8767
8766
8765
8751
8584
8494
8236
8207
4763
4712
4437
2028
2857
2747
2730
2677
2330
2202
2182
2178
2109
1957
4327
1942
1935
1572
1283
1281
1273
1272
1260
1245
2920
2927
2936
3022
4326
4262
4103
3947
3811
3789
3742
3679
3671
3634
3632
3629
3539
3498
3415
3384
3246
3111
3089
41585
41863
42217
55253
56788
56782
56607
56286
56152
56015
55946
55276
55269
55118
57669
55063
55052
54881
54513
54286
54272
53953
53894
53123
56805
58191
52967
64839
71464
71108
70293
69481
67665
67429
67255
67087
66665
64701
58879
64622
64620
64614
63876
63082
61357
61323
60766
60069
53000
52579
45028
49917
45210
46664
46723
47274
47423
47629
48516
48696
48738
48774
49824
52241
339
51540
3949
293
6218
4011
5064
1291
745
3994
1036
44199
780
434
494
153
5602
7347
8781
3916
4223
4638
4023
1617
2273
2329
2985
2989
3160
5349
3175
3499
2600
