4993
8795
2019
593
1042
1120
1200
1610
4121
858
1265
260
5299
904
3111
3811
1957
4103
1273
1211
1197
3679
1172
4262
5747
4326
8128
5198
7161
7153
5952
3793
4995
52973
350
4041
1103
4973
608
8874
1291
115617
1210
31878
34321
3809
1704
118997
35836
2068
79132
55820
1079
2942
3384
3498
2178
2109
3671
6229
3947
4928
7792
1272
4712
4437
8207
339
26366
5
2012
47274
8623
357
132046
46578
56367
3882
37733
5971
6539
2730
122886
94777
6218
107999
70286
72998
111624
60684
63131
3632
3089
2202
1942
1935
6983
946
2927
27611
55247
2959
109487
109249
109374
66934
68319
2920
2571
135518
1729
778
46970
46664
25927
6942
2936
64969
34405
1088
6350
7155
48780
39421
62849
2542
4226
6863
74458
1732
3707
296
1281
27773
8928
47
59725
2529
4011
520
67997
1059
30745
31658
52885
114459
58559
661
186
115569
27592
628
215
587
246
529
300
337
115139
114662
96610
8188
40614
122882
68358
118880
95441
97938
106696
118700
117176
116797
116161
54290
111
6713
247
115713
1080
1089
1219
1256
1259
2288
3546
5662
6287
1242
2369
1358
1376
6281
96588
8636
65514
68954
88125
44191
106473
3676
5449
113064
106918
8369
112852
78349
112556
1900
2361
117533
1
5608
6016
40148
47099
60072
5812
5481
5377
3113
1517
1635
1801
1954
2004
114342
2085
26614
2692
2700
3052
3361
5349
3785
3893
4016
114254
4306
4351
4369
4641
4701
4823
5135
26662
1176
8464
47044
121231
52319
163949
5445
7458
8972
69640
104841
2082
80551
1061
2359
2641
3275
3300
3301
163056
161582
4069
5219
5507
7373
27904
161336
48394
160954
66097
138610
1258
127114
66203
1955
7478
32892
34162
35957
37729
45950
100365
111931
111384
82152
130682
1199
2968
4467
4911
5909
47465
4388
1131
64957
48711
4189
4612
6683
6986
27255
158783
68157
156387
69526
1274
134859
134130
2924
3996
133771
133645
132800
6857
7090
7844
132547
8961
33794
128606
4721
7376
31221
32025
128512
50
232
318
78499
128360
3948
127206
741
134881
137337
8865
69712
71057
47640
6985
44555
3030
5618
155064
82461
104283
148626
6754
36401
139385
104
2502
8528
146656
144172
61024
76251
78209
143385
142488
141749
140174
77455
6953
4322
63876
54286
54513
54881
55052
55063
55069
55118
55253
55269
55276
55280
55363
55442
56015
56152
56286
56607
56782
56788
56805
57669
58191
58879
60069
60766
61236
61240
61323
61357
54272
53953
53894
47423
37741
38304
39183
40629
40819
41585
41863
41997
42217
45028
45210
46723
96728
47629
53123
48516
48696
1028
48774
49824
49917
50068
51540
52241
52281
52579
52967
53000
63082
64614
96811
64620
82459
82463
83976
85394
86320
86833
87304
88129
88235
88810
89260
89470
89492
89759
89804
90057
90376
90439
90531
90866
91077
94931
94959
94969
95135
95449
95558
95761
96417
81932
81845
81786
72011
64622
64701
64839
66665
67087
67255
67429
67665
69481
70293
71108
71464
71745
72131
81591
72226
72395
72720
73023
74324
74545
78039
78574
78653
79242
80463
80489
81562
31770
48738
26151
98154
5464
2330
106916
97923
2182
5791
106920
5795
107141
2028
5956
110871
111249
1572
1283
111251
111505
97921
6433
1260
6515
1245
1232
5289
5169
6643
98961
3246
103688
3415
103624
105355
3022
3629
103449
105504
103372
103107
106100
3742
102469
102194
101895
101525
101285
106766
99149
99114
2677
4763
111622
105197
588
8494
97673
7926
25805
8767
8125
757
97304
8766
146501
8765
8195
8751
541
364
319
8645
96832
53318
306
7438
7335
112290
954
1997
112550
6783
112183
6830
8533
45720
6874
6981
97752
1153
112515
7195
5984
7243
26150
8236
63992
112552
150
3114
107649
1721
8861
293
236
4890
3949
5064
127108
745
3994
7022
3265
44199
2174
2396
112070
72176
82313
164979
164977
72741
2747
107636
148482
55946
132549
34517
127144
123695
123663
3539
127212
128235
8584
139642
131796
140715
132458
140725
1956
3257
2424
26585
3703
8781
7347
5602
3160
4638
4223
4023
3499
3175
3916
2989
153
2600
2329
2273
1617
780
494
434
2985
93040
1036
7361
26554
134853
599
3634
5782
2997
914
3789
1209
2857
8154
4327
924
3751
5902
3260
3978
1250
377
1639
4018
3176
