7153
5952
5618
8795
4993
26662
741
1274
52885
6857
104283
924
8154
1209
8195
6981
914
4327
6783
3789
1232
6433
3742
25805
26150
26151
1572
3415
42217
2857
6643
44191
5902
3978
3260
31658
2019
3634
111
599
5971
107999
6985
33794
1199
60684
3030
247
106473
6350
2361
300
3546
1517
1635
357
2529
1729
1256
1639
1801
1956
1954
246
2004
2012
2085
2369
2396
2692
2700
3052
3113
1376
529
236
587
628
661
3361
904
5
1059
67997
58559
1242
186
30745
8188
1250
6713
6287
5662
350
520
377
1259
1358
337
5377
3751
146501
62849
4322
1028
1997
2942
6942
8533
45720
59725
3176
3707
5984
7155
39421
757
47099
946
1153
1172
1197
1211
1260
1273
1281
1935
1942
1957
2182
2202
2747
60072
40148
3785
5812
3893
4016
4041
4306
4351
4369
4641
4701
4823
4890
5135
5349
1080
5481
6281
6016
6953
8636
65514
88125
107649
3703
3676
5449
106918
8369
70286
1900
778
2542
1089
46578
1079
3300
5507
5219
4069
3882
3809
3301
3275
8861
3257
2641
2359
1061
80551
2082
7373
8928
69640
69712
132046
82461
44555
7361
47640
71057
69526
27904
68319
68157
66097
63992
37733
34405
104841
8972
8865
100365
5909
4911
4467
2968
130682
8623
45950
296
37729
35957
34162
32892
7478
1955
47465
4388
7458
260
5445
608
52319
121231
109487
4995
27255
1131
6986
6683
4612
4189
48711
64957
6754
36401
40614
26554
31221
7376
4721
122886
1721
26585
8961
50
7844
7090
7022
5782
3996
3265
32025
232
2924
68358
54290
109249
106696
95441
93040
72998
2927
318
27611
26614
8464
3948
1210
1176
2997
2571
104
153
1617
1291
1036
780
494
434
78209
2329
76251
61024
52973
8528
2502
1103
2273
2600
44199
4023
8781
7347
5602
5064
4638
4223
4011
2985
3994
3916
3499
3175
3160
2989
2920
135518
339
106916
61357
63082
63876
64614
64620
64622
64701
64839
66665
67087
106766
106100
67429
67665
69481
70293
71108
71464
71745
72011
105504
105355
72131
72176
105197
61323
106920
127206
107141
53953
127114
127108
123695
123663
96728
55063
115713
115139
114459
114254
113064
55946
56015
112550
112070
111505
111249
110871
107636
57669
58191
58879
60069
60766
72226
72395
72720
72741
96811
87304
88129
88235
88810
89260
89470
89492
89759
89804
90057
90376
90439
90531
90866
91077
94931
94959
94969
95135
95449
95558
95761
96417
96588
86833
86320
85394
101285
103688
73023
103624
103449
103372
103107
102469
102194
101895
78653
101525
99149
96832
99114
98961
98154
97923
97921
81786
97752
82313
97673
97304
83976
127144
122882
127212
5795
5169
5198
148482
146656
144172
143385
142488
5289
141749
5747
140725
5956
134881
140715
6515
6830
140174
139642
6983
7195
139385
128235
7335
137337
148626
4763
155064
156387
3089
3111
111931
111384
82152
66203
47044
138610
164979
164977
163949
3539
3632
163056
3679
161582
3811
161336
160954
4103
4262
4326
158783
7926
96610
8767
40629
49824
25927
48774
132800
31770
34517
8128
132549
37741
38304
39183
40819
8766
41585
41863
132547
45028
45210
46664
46723
132458
47423
47629
48516
48696
48738
128512
8236
128360
49917
134130
133771
8584
133645
8751
128606
134859
8765
131796
52579
8494
1732
109374
4018
1265
27773
66934
1704
64969
6218
4226
117533
55247
94777
46970
3949
1219
2959
7161
48394
63131
48780
6539
55820
1088
53318
2068
3629
1283
7243
27592
2936
35836
79132
47
78349
2730
97938
5608
111251
4973
118997
2174
31878
6863
52281
41997
2288
34321
112515
118880
118700
26366
7792
8207
47274
8125
4437
3384
2109
3022
3498
3671
1272
3947
2178
4712
954
4928
541
6229
2424
61236
61240
8874
55363
116797
117176
115569
114662
114342
112852
112556
116161
112290
112183
111622
293
6874
5464
50068
8645
5791
55280
7438
134853
54513
51540
52241
52967
53000
53894
54272
54286
53123
54881
55276
55253
55052
55118
56607
56286
56152
56782
56788
56805
55269
5299
115617
77455
150
111624
215
55069
55442
74458
745
2028
1258
112552
80489
80463
1245
81562
2330
81591
81845
81932
82459
3246
2677
82463
79242
74324
78574
74545
67255
3114
364
319
306
68954
588
78039
1
78499
56367
3793
593
858
1042
1120
1610
4121
1200
