2959
4223
434
494
780
1617
2273
2329
2600
2985
2989
3160
3175
3499
3916
4023
4638
5602
7347
8781
153
3949
745
39183
37741
38304
40819
40629
44199
4226
5608
5952
7153
4011
1704
778
1729
296
3260
3978
5902
1036
3994
4973
6218
3114
3176
2396
3996
7090
3751
7844
529
2924
5812
300
246
2571
150
5064
1291
1219
608
4993
8795
79132
1079
924
4041
1103
52973
350
31878
2542
3265
7022
47
48780
4995
2019
2529
2997
4890
6539
65514
132046
4018
1089
93040
6874
48696
41863
45028
45210
1172
46723
47423
47629
48516
37729
48738
1211
48774
49824
49917
50068
8645
55280
8128
7438
1197
1957
4326
5791
4103
3679
3111
1273
5198
5464
4262
3811
5747
106473
62849
5782
3703
55820
293
3809
74458
5299
111624
1265
26554
55363
37733
3882
55442
55069
61236
61240
2692
109249
8874
2424
69640
27611
68157
44555
27773
34321
47099
1176
6942
135518
118997
52281
41997
6350
8928
5971
35836
70286
68954
72998
109374
56367
2068
63131
48394
1210
7161
115617
109487
46970
94777
64957
66934
64969
6863
105504
106696
260
1028
45720
60072
5984
520
587
55247
661
904
59725
40148
1088
357
3707
1997
2942
106918
6016
8369
78349
1242
1900
77455
1059
6281
1250
4641
6953
3113
3785
2700
3893
5481
5377
4016
88125
4823
2085
2012
4701
4369
1259
4351
2004
1956
1954
107649
1801
44191
1635
4322
1517
3676
5449
1376
8533
8464
236
71057
7458
8972
104841
2082
80551
2359
2641
3257
3275
3300
3301
4069
5219
5507
7373
8861
27904
34405
60684
63992
66097
68319
69526
52319
27255
6986
130682
1955
7478
32892
34162
35957
45950
100365
2174
8623
107999
1199
6683
2968
4467
4911
5909
47465
4388
1131
48711
4189
4612
69712
47640
186
6985
39421
26662
68358
95441
97938
54290
40614
247
1080
1256
2288
3546
5662
6287
6713
8188
27592
30745
31658
52885
58559
67997
5
3948
232
32025
61024
3030
5618
82461
104283
6754
8865
36401
104
2502
8528
76251
31221
78209
741
1274
6857
8961
26585
1721
122886
4721
7376
7155
339
72720
90866
90439
90376
90057
89804
89759
89492
89470
89260
88810
88235
88129
87304
86833
86320
85394
90531
91077
97673
148626
97304
142488
96811
96728
143385
96588
144172
146656
95558
148482
95449
95135
94969
94959
94931
83976
82463
82459
82313
72176
72131
72011
71745
71464
71108
70293
69481
67665
67429
67255
67087
66665
133771
64701
72226
72395
155064
80463
81932
81845
81786
81591
81562
80489
79242
72741
78653
78574
78039
74545
74324
73023
141749
140725
64620
118880
117176
116797
116161
115713
115569
115139
114662
114459
114342
114254
113064
112852
112556
112552
112550
118700
122882
140715
123663
132800
132549
132458
131796
128606
128512
128360
128235
127212
127206
127144
134130
127114
127108
123695
112515
112290
112183
112070
102469
102194
101895
101525
101285
99149
99114
98961
98154
139385
97923
97921
139642
97752
140174
103107
103372
137337
107141
111622
111505
134859
111249
110871
107636
106920
103624
106916
106766
106100
105355
105197
134881
64622
64839
6983
4437
5169
4928
4763
163056
163949
4712
4327
8195
3947
3789
3742
3671
3634
3632
5289
5795
161582
6229
6433
6515
6643
6783
6830
6981
64614
7195
161336
7335
7792
160954
7926
3539
3498
3415
1942
111931
146501
757
914
946
1153
1209
1232
82152
1260
1272
1281
1572
1935
2109
3384
2178
2182
2202
66203
47044
2730
2747
138610
164979
2857
2920
2927
3089
164977
8154
133645
8207
52967
53123
53894
53953
54272
54286
54513
54881
55063
55118
55253
55269
55276
55946
56015
56152
56286
56607
56782
56788
56805
57669
58191
58879
60069
60766
61323
61357
63082
63876
53000
55052
25805
26151
26366
26150
25927
31770
52579
34517
41585
8767
8766
8765
8751
42217
46664
8584
47274
158783
8236
51540
52241
156387
46578
1061
121231
111384
3361
134853
2936
8125
3022
954
541
1258
78499
3629
7243
1283
7361
318
26614
5445
1639
4306
337
1
1358
50
377
8636
33794
215
111
2028
53318
364
319
1245
3246
2677
2330
588
306
2361
117533
2369
628
3052
5349
1732
3793
858
1610
4121
1200
1120
1042
593
599
5135
111251
96610
96832
5956
8494
95761
96417
103449
103688
132547
