1273
5198
4326
4262
4103
3811
1957
5747
3679
8128
1172
1197
3111
1211
260
1210
1089
2692
2571
778
1729
2959
2019
1704
2542
47
541
47274
8207
1639
1059
26366
26614
8125
954
7792
50
3022
3498
4928
3947
1272
4437
6229
4712
3384
2109
3671
2178
296
2028
4226
2730
132046
2936
3629
1283
7243
8795
4993
1079
5608
4995
3246
2677
1245
2330
306
319
364
588
7153
5952
1732
27611
68157
70286
109487
293
72998
107999
79132
135518
1250
94777
1219
48780
608
88125
215
1259
904
6857
741
52885
1274
1080
104283
1721
122886
1176
350
4041
1103
52973
2288
68319
130682
48394
2529
3703
34405
27592
1997
26662
27773
109249
62849
59725
55820
106473
66097
5618
46578
3882
37733
8928
63992
6350
3707
5984
3176
7155
3301
3300
3275
3257
2641
39421
1028
45720
8533
68954
44191
3676
106918
8369
1900
117533
8861
7373
5507
5219
4069
6016
40148
47099
60072
77455
4322
2942
146501
36401
2359
8623
1131
4388
47465
2182
5909
4911
4467
2968
1199
2202
100365
48711
45950
37729
35957
2747
34162
2920
32892
7478
1955
2927
64957
4189
757
5445
946
1061
80551
2082
104841
1153
69640
8636
8972
7458
1232
4612
1260
52319
121231
1281
27255
1572
1935
1942
6986
6683
65514
3978
6953
6281
7361
6985
232
318
47640
3948
8464
71057
69712
68358
69526
93040
95441
97938
106696
54290
40614
247
1256
3546
5662
32025
31221
7376
2997
2502
8528
61024
76251
78209
8865
924
6754
2924
3996
4721
82461
5902
7090
3030
7844
44555
8961
26554
33794
6713
8188
31658
4351
3052
3113
3260
3361
3751
3785
3893
4016
4306
4369
2396
4641
4701
4823
4890
5135
5349
5377
5481
5812
27904
2369
58559
520
67997
5
186
236
246
300
337
357
377
529
2085
587
628
661
1358
1376
1635
1801
2004
2012
30745
339
3089
97673
99149
99114
98961
98154
97923
97921
97752
97304
74545
96832
96811
96728
96610
96588
96417
95761
101285
101525
101895
102194
107636
107141
106920
106916
106766
106100
105504
105355
105197
103688
103624
103449
103372
103107
102469
95558
95449
95135
86833
85394
83976
82463
82459
82313
81932
81845
81786
81591
81562
80489
80463
79242
78653
78574
86320
87304
94969
88129
94959
94931
91077
90866
90531
90439
90376
90057
3415
89759
89492
89470
89260
88810
88235
110871
111249
111251
148482
144172
143385
142488
141749
140725
140715
140174
139642
139385
137337
134881
134859
134130
133771
133645
146656
148626
132549
155064
111931
111384
82152
66203
47044
138610
164979
164977
163949
163056
161582
161336
160954
158783
156387
132800
132547
111505
116161
115569
115139
114662
114459
114342
114254
113064
112852
112556
112550
112515
112290
112183
112070
111622
115713
116797
132458
117176
131796
128606
128512
128360
128235
127212
127206
127144
127114
127108
123695
123663
122882
118880
118700
78039
89804
74324
6981
7195
7335
7438
7926
8195
8236
8494
73023
8584
8645
8751
8765
8766
54286
8767
6983
6874
55276
6830
55253
55118
55069
55063
55052
54881
54513
5464
5791
26150
5956
6433
6515
6643
6783
54272
53953
53894
53123
45210
45028
42217
41997
41863
41585
40819
25927
40629
39183
38304
37741
34517
31770
26151
46664
46723
47423
50068
53000
52967
52579
52281
52241
51540
49917
25805
49824
48774
48738
48696
48516
47629
55269
5795
5289
60766
61236
61240
61323
3632
3539
63082
63876
64614
64620
64622
64701
64839
66665
67087
67255
67429
67665
69481
70293
71108
71464
71745
72011
72131
72176
72226
72395
72720
72741
3742
61357
55442
56782
56607
56286
56152
56015
56788
4763
5169
55946
56805
55363
57669
58191
58879
60069
55280
74458
6942
2424
53318
66934
2068
109374
4018
64969
111
56367
3949
46970
78349
6539
7161
63131
31878
35836
1258
3809
118997
8874
34321
2361
55247
4973
60684
111624
1088
3114
5971
5299
112552
6863
4011
107649
115617
134853
5064
150
104
1242
5449
6287
1956
745
6218
3793
3994
44199
599
1042
858
4121
1610
1200
593
1120
78499
3634
153
2989
8781
7347
5602
4638
4223
780
4023
3916
3499
3160
3175
2985
434
494
2600
2329
2273
1617
5782
2174
8154
914
2857
1265
1209
3789
4327
2700
1
7022
3265
1291
26585
1036
1954
1517
