2330
3246
306
1245
319
364
588
2677
2028
215
296
47
1
318
232
78499
2959
134853
1729
778
3361
2288
88125
5377
115617
1089
5608
27773
68157
27592
4226
293
1258
97938
111384
2542
121231
130682
1079
48394
1219
2529
1061
1997
48780
62849
1704
66097
74458
1732
64957
4995
79132
3751
3052
1376
1358
1517
1259
1250
3785
3260
3113
2369
1635
2085
1639
1801
1954
1059
1956
2700
2692
2004
2396
2012
1242
135518
904
5
1080
1256
3546
5662
6287
6713
8188
30745
31658
52885
58559
67997
186
661
236
3978
246
300
337
350
357
377
520
529
587
628
3893
65514
4016
8533
3707
3176
64969
63131
59725
45720
6942
47099
6863
2942
1088
1028
4322
77455
5984
7155
39421
53318
541
146501
757
914
946
954
1153
1172
1197
1209
1211
1232
1260
60072
40148
4041
5135
8636
6953
6281
5812
5481
5349
4890
6016
4823
4701
4641
4369
4351
4306
111
68954
107649
3703
44191
106473
3676
5449
55247
106918
8369
70286
78349
94777
1900
2361
117533
247
72998
40614
5219
37733
34405
27904
8928
8861
7373
5507
4069
54290
3882
3809
3301
3300
3275
3257
2641
60684
63992
66934
68319
6754
132046
104283
82461
5971
5618
3030
44555
7361
6985
47640
46970
71057
69712
69526
2359
80551
2082
5909
4467
2968
1199
111624
107999
8623
2174
100365
45950
37729
35957
34162
32892
7478
1955
4911
47465
104841
4388
69640
8972
7458
5445
608
52319
109487
260
27255
6986
6683
4612
4189
48711
1131
8865
36401
104
4018
2068
1265
1210
1176
35836
32025
31221
7376
4721
122886
1721
33794
31878
26585
26554
3948
4973
8874
5299
118997
109374
109249
106696
95441
93040
1273
68358
56367
46578
34321
27611
26662
8464
7161
8961
8795
1103
924
4121
3793
1610
1200
1120
1042
858
593
78209
76251
61024
55820
52973
8528
2502
741
1274
7844
2019
7153
7090
7022
6857
6539
6350
5952
5902
5782
4993
3996
3265
2997
2924
2571
1272
599
1281
90531
97752
97673
97304
96832
96811
96728
96610
96588
96417
95761
95558
95449
95135
94969
94959
94931
91077
97921
97923
98154
103372
106100
105504
105355
105197
103688
103624
103449
103107
98961
102469
102194
101895
101525
101285
99149
99114
90866
90439
71745
90376
81591
81562
80489
80463
1283
78653
78574
78039
74545
74324
73023
72741
72720
72395
72226
72176
72131
81786
81845
81932
88235
90057
89804
89759
89492
89470
89260
88810
88129
82313
87304
86833
86320
85394
83976
82463
82459
106766
106916
106920
107141
142488
141749
140725
140715
140174
139642
139385
137337
134881
134859
134130
133771
133645
132800
132549
132547
132458
143385
144172
146656
163949
111931
82152
66203
47044
138610
164979
164977
163056
148482
161582
161336
160954
158783
156387
155064
148626
131796
128606
128512
112290
114254
113064
112852
112556
112552
112550
112515
112183
114459
112070
111622
111505
111251
111249
110871
107636
114342
114662
128360
123663
128235
127212
127206
127144
127114
127108
123695
122882
115139
118880
118700
117176
116797
116161
115713
115569
72011
79242
71464
71108
8584
8494
8236
8207
8195
8154
8128
8125
7926
7792
7438
7335
7243
7195
6983
6981
6874
6830
6783
6643
6515
8645
8751
8765
39183
46664
45210
45028
42217
41997
41863
41585
40819
40629
38304
8766
37741
34517
31770
26366
26151
26150
25927
25805
8767
6433
6229
5956
2857
3498
3415
3384
3111
3089
3022
2936
2927
2920
2747
3629
2730
2202
2182
2178
2109
1957
1942
1935
1572
3539
3632
5795
4437
5791
5747
5464
5289
5198
5169
4928
4763
4712
4327
3634
4326
4262
4103
3947
3811
3789
3742
3679
3671
46723
47274
47423
55280
56788
56782
56607
56286
56152
56015
55946
55442
55363
55276
57669
55269
55253
55118
55069
55063
55052
54881
54513
47629
56805
58191
53953
64622
70293
69481
67665
67429
67255
67087
66665
64839
64701
64620
58879
64614
63876
63082
61357
61323
61240
61236
60766
60069
54272
54286
53894
52281
48516
48696
48738
48774
49824
49917
50068
51540
52241
53123
339
53000
52579
52967
2424
3114
150
26614
50
6218
3949
4011
1291
5064
745
3994
1036
44199
494
8781
780
434
153
4023
7347
5602
4638
1617
2273
4223
2600
2985
2989
3160
3175
3499
3916
2329
