2571
541
8125
3022
954
924
2936
7243
1283
3629
3260
3978
5902
2028
377
33794
132046
5952
7153
79132
27611
1210
135518
2529
3703
260
1610
858
1042
1120
1200
593
4121
3793
70286
8861
72998
6863
2174
3300
1376
5445
5219
4306
5618
1997
109487
107999
112552
8874
3751
5971
741
104283
1274
6857
52885
2959
7373
1250
107649
48780
1088
47
62849
122886
2068
3030
4226
74458
247
130682
94777
4018
4995
6350
27773
26662
34405
63131
5299
106473
2019
7161
46970
115617
4011
64969
34321
118997
35836
1265
134853
6539
109249
2004
1801
3114
3113
3052
2700
2396
1954
2692
1956
2369
1153
2085
1172
47099
1358
1639
1211
67997
5
186
215
236
246
300
337
1232
350
357
520
1635
529
587
628
661
904
1059
1242
1259
1209
1197
1517
946
364
3361
914
65514
68954
45720
88125
8533
6942
2942
44191
1028
4322
3676
5449
55247
106918
8369
78499
78349
1900
2361
117533
1
77455
778
2542
60072
5608
6016
8636
6953
6281
4369
3785
3893
757
146501
4016
4041
588
40148
4351
319
306
53318
4641
58559
4701
4823
4890
5135
39421
7155
5984
3707
3176
59725
5377
5481
5812
68358
31658
5507
8972
69640
104841
2082
80551
1061
1732
2359
3257
3275
3301
3809
3882
4069
8928
30745
27904
37733
48394
60684
63992
66097
66934
68157
69526
69712
71057
47640
6985
7361
7458
608
52319
121231
1955
7478
32892
34162
35957
37729
45950
100365
150
8623
111624
1199
2968
4467
4911
5909
47465
296
4388
1131
64957
48711
4189
4612
6683
6986
27255
1258
1704
44555
82461
6754
318
2424
3948
4973
8464
26614
46578
56367
1260
93040
95441
97938
106696
109374
54290
40614
111
1079
1080
1089
1219
1256
1729
2288
3546
5662
6287
6713
8188
27592
1176
232
8865
50
36401
104
1103
2502
8528
52973
55820
61024
76251
78209
2924
2997
3265
3996
4993
5782
7022
7090
7844
8795
8961
26554
26585
31878
1721
4721
7376
31221
32025
1245
599
1272
90531
97752
97673
97304
96832
96811
96728
96610
96588
96417
95761
95558
95449
95135
94969
94959
94931
91077
97921
97923
98154
103372
106100
105504
105355
105197
103688
103624
103449
103107
98961
102469
102194
101895
101525
101285
99149
99114
90866
90439
71745
90376
81591
81562
80489
1273
79242
78653
78574
78039
74545
74324
73023
72741
72720
72395
72226
72176
72131
81786
81845
81932
88235
90057
89804
89759
89492
89470
89260
88810
88129
82313
87304
86833
86320
85394
83976
82463
82459
106766
106916
106920
107141
143385
142488
141749
140725
140715
140174
139642
139385
137337
134881
134859
134130
133771
133645
132800
132549
132547
144172
146656
148482
164977
111931
111384
82152
66203
47044
138610
164979
163949
148626
163056
161582
161336
160954
158783
156387
155064
132458
131796
128606
112290
114342
114254
113064
112852
112556
112550
112515
112183
114662
112070
111622
111505
111251
111249
110871
107636
114459
115139
128512
123695
128360
128235
127212
127206
127144
127114
127108
123663
115569
122882
118880
118700
117176
116797
116161
115713
72011
80463
71464
7335
8494
8236
8207
8195
8154
8128
7926
7792
7438
7195
8645
6983
6981
6874
6830
6783
6643
6515
6433
6229
8584
8751
71108
38304
45210
45028
42217
41997
41863
41585
40819
40629
39183
37741
8765
34517
31770
26366
26151
26150
25927
25805
8767
8766
5956
5795
5791
2677
3384
3246
3111
3089
2927
2920
2857
2747
2730
2330
5747
2202
2182
2178
2109
1957
1942
1935
1572
1281
3415
3498
3539
3632
5464
5289
5198
5169
4928
4763
4712
4437
4327
4326
4262
4103
3947
3811
3789
3742
3679
3671
3634
46664
46723
53123
56805
56782
56607
56286
56152
56015
55946
55442
55363
55280
55276
55269
55253
55118
55069
55063
55052
54881
54513
54286
54272
53953
56788
57669
47274
58191
70293
69481
67665
67429
67255
67087
66665
64839
64701
64622
64620
64614
63876
63082
61357
61323
61240
61236
60766
60069
58879
53894
339
53000
52281
49917
49824
52967
48774
48738
51540
48696
50068
52241
52579
48516
47629
47423
68319
6218
293
3949
1291
5064
745
3994
1036
44199
434
153
494
780
2985
1617
2273
8781
7347
5602
4638
4223
4023
3916
3499
3175
3160
2989
2600
2329
2641
5349
2012
