4993
8795
5952
7153
2019
2571
1
1265
318
78499
5902
3260
3978
260
79132
132046
8961
377
924
134853
115617
3361
27611
5299
135518
5971
6218
111384
70286
2068
1210
121231
72998
111624
60684
1061
55247
34321
8874
118997
109487
35836
31878
63131
7161
27773
6539
6942
46970
94777
56367
64969
6350
4018
6863
122886
66934
107999
68319
3703
628
587
529
520
357
661
54290
8188
904
1059
337
106696
1242
1250
1259
1358
1376
1517
1635
1639
1801
40614
215
300
111
6287
5662
27592
3546
1956
30745
2529
31658
2288
52885
1256
1219
58559
67997
5
186
1080
6713
247
236
246
1954
3785
2004
4322
59725
45720
8533
2942
1997
1088
1028
77455
3707
62849
60072
47099
40148
6016
5608
117533
3176
5984
1900
757
1209
1197
1172
1153
954
946
914
146501
7155
588
541
364
319
306
53318
39421
2361
78349
2012
3751
4641
4369
4351
4306
4016
3893
95441
3114
4823
3113
3052
2700
2692
2396
2369
2085
4701
4890
8369
68954
106918
5449
3676
106473
44191
107649
88125
65514
5135
8636
6953
6281
5812
5481
5377
5349
97938
50
93040
36401
7373
5507
5219
4069
3301
3300
3275
3257
2641
2359
80551
2082
104841
69640
8972
8861
27904
34405
7361
6754
104283
82461
5618
3030
44555
6985
48394
47640
71057
69712
69526
66097
63992
7458
5445
52319
100365
2968
1199
130682
8623
2174
150
45950
4911
37729
35957
34162
32892
7478
1955
4467
5909
48780
6683
4995
4226
1704
1258
27255
6986
4612
47465
4189
48711
74458
64957
1131
4388
8865
104
68358
2502
7090
7022
6857
5782
3996
3265
2997
2924
1274
741
44199
8781
7347
5602
5064
7844
26554
26585
232
26662
26614
8464
3948
2424
1176
1232
33794
47
32025
31221
7376
4721
1721
4638
4223
4121
494
1042
1036
858
780
745
593
434
1200
293
153
78209
76251
61024
8528
1120
1291
4023
3175
4011
3994
3949
3916
3793
3499
3160
1610
2989
2985
2600
2329
2273
1617
1211
599
1245
94931
96588
96417
95761
95558
95449
95135
94969
94959
91077
96728
90866
90531
90439
90376
90057
89804
89759
89492
96610
96811
64839
101285
103624
103449
103372
103107
102469
102194
101895
101525
99149
96832
99114
98961
98154
97923
97921
97752
97673
97304
89470
89260
88810
72011
74324
73023
72741
72720
72395
72226
72176
72131
71745
88235
71464
71108
70293
69481
1260
67429
67255
67087
74545
78039
78574
78653
88129
87304
86833
86320
85394
83976
82463
82459
82313
81932
81845
81786
81591
81562
80489
80463
79242
103688
105197
105355
134859
141749
140725
140715
140174
139642
139385
137337
134881
134130
128360
133771
133645
132800
132549
132547
132458
131796
128606
142488
143385
144172
146656
111931
82152
66203
47044
138610
164979
164977
163949
163056
161582
161336
160954
158783
156387
155064
148626
148482
128512
128235
105504
111505
112556
112552
112550
112515
112290
112183
112070
111622
111251
127212
111249
110871
107636
107141
106920
106916
106766
106100
112852
113064
114254
114342
127206
127144
127114
127108
123695
123663
122882
118880
118700
117176
116797
116161
115713
115569
115139
114662
114459
66665
67665
64701
5791
6830
6783
6643
6515
6433
6229
5956
5795
5747
25805
5464
5289
5198
5169
4928
4763
4712
4437
6874
6981
6983
7195
8766
8765
8751
64622
8584
8494
8236
8207
8195
8154
8128
8125
7926
7792
7438
7335
7243
4327
4326
4262
2920
2747
2730
2677
2330
2202
2182
2178
2109
2028
1957
1942
1935
1572
1283
1281
1273
1272
2857
2927
4103
2936
3947
3811
3789
3742
3679
3671
3634
3632
3629
3539
3498
3415
3384
3246
3111
3089
3022
8767
8645
53953
56015
55442
55363
55280
55276
55269
55253
55118
55069
55063
55052
54881
54513
54286
54272
53894
53123
53000
55946
56152
52579
56286
64620
64614
63876
63082
61357
61323
61240
61236
60766
60069
58879
58191
57669
56805
56788
56782
56607
52967
339
52281
41997
26366
46723
52241
46664
45210
45028
42217
26150
41863
47629
41585
40819
40629
39183
38304
26151
37741
34517
47423
47274
31770
25927
51540
50068
48696
48738
48516
48774
49824
49917
109374
2542
46578
109249
4973
2959
8928
1732
68157
1089
3882
37733
778
1729
3809
55820
1079
4041
1103
350
52973
296
608
