1219
1997
318
5608
2959
3361
3949
47
4226
1704
858
1200
1120
593
1042
4121
1610
608
130682
111384
121231
350
1103
52973
4041
1061
3793
1258
3809
27773
55820
37733
3882
1079
4973
8928
109249
46578
109374
1732
337
1635
215
236
1517
246
1376
300
1358
628
186
1250
357
377
1242
520
529
1059
587
904
661
1259
27592
5
67997
134853
118997
115617
106696
97938
95441
93040
72998
68358
56367
34321
27611
26662
26614
8464
7161
5299
54290
40614
111
6287
58559
52885
31658
30745
1801
8188
6713
5662
247
3546
2529
2288
1729
1256
1089
1080
1639
135518
1954
55247
78499
77455
62849
60072
47099
40148
6016
2542
778
1
117533
2361
1900
94777
78349
70286
8369
4322
1028
1088
3707
364
319
306
53318
39421
7155
5984
3176
2942
64969
63131
59725
45720
8533
6942
6863
106918
5449
2004
3676
4351
4306
4016
3978
3893
3785
3751
3260
3114
3113
3052
4018
2692
2396
2369
2085
2012
4369
4641
4701
8636
106473
44191
3703
107649
88125
68954
65514
6953
4823
6281
5812
5481
5377
5349
5135
4890
2700
7376
3948
3301
34405
27904
8861
7373
5507
5219
4069
3300
60684
3275
3257
2641
2359
80551
2082
104841
48394
63992
8972
6985
104283
82461
5971
5618
3030
44555
7361
47640
66097
46970
71057
69712
69526
68319
68157
66934
69640
7458
2424
150
4467
2968
1199
111624
107999
8623
2174
100365
5909
45950
37729
35957
34162
32892
7478
1955
4911
47465
5445
6986
52319
109487
79132
48780
4995
260
27255
6683
296
4612
4189
48711
74458
64957
1131
4388
132046
6754
8865
5952
7844
7153
7090
7022
6857
6539
6350
5902
8874
5782
4993
3996
3265
2997
2924
2571
8795
8961
36401
32025
2068
1265
1210
1176
232
50
35836
31221
26554
588
4721
122886
1721
33794
31878
26585
2019
1274
924
434
2273
1617
1291
1036
780
745
494
293
741
153
78209
76251
61024
8528
2502
104
2329
2600
2985
2989
44199
8781
7347
6218
5602
5064
4638
4223
4023
4011
3994
3916
3499
3175
3160
541
599
146501
94931
96588
96417
95761
95558
95449
95135
94969
94959
91077
96728
90866
90531
90439
90376
90057
89804
89759
89492
96610
96811
757
101285
103624
103449
103372
103107
102469
102194
101895
101525
99149
96832
99114
98961
98154
97923
97921
97752
97673
97304
89470
89260
88810
72011
74324
73023
72741
72720
72395
72226
72176
72131
71745
88235
71464
71108
70293
69481
67665
67429
67255
67087
74545
78039
78574
78653
88129
87304
86833
86320
85394
83976
82463
82459
82313
81932
81845
81786
81591
81562
80489
80463
79242
103688
105197
105355
134859
141749
140725
140715
140174
139642
139385
137337
134881
134130
128360
133771
133645
132800
132549
132547
132458
131796
128606
142488
143385
144172
146656
111931
82152
66203
47044
138610
164979
164977
163949
163056
161582
161336
160954
158783
156387
155064
148626
148482
128512
128235
105504
111505
112556
112552
112550
112515
112290
112183
112070
111622
111251
127212
111249
110871
107636
107141
106920
106916
106766
106100
112852
113064
114254
114342
127206
127144
127114
127108
123695
123663
122882
118880
118700
117176
116797
116161
115713
115569
115139
114662
114459
66665
64839
64701
4327
5464
5289
5198
5169
4928
4763
4712
4437
4326
3632
4262
4103
3947
3811
3789
3742
3679
3671
5747
5791
5795
5956
8128
8125
7926
7792
7438
7335
7243
7195
6983
6981
6874
6830
6783
6643
6515
6433
6229
3634
3629
8195
1245
1942
1935
1572
1283
1281
1273
1272
1260
1232
3539
1211
1209
1197
1172
1153
954
946
914
1957
2028
2109
2178
3498
3415
3384
3246
3111
3089
3022
2936
2927
2920
2857
2747
2730
2677
2330
2202
2182
8154
339
64622
55063
55442
55363
55280
55276
55269
55253
55118
55069
55052
52579
54881
54513
54286
54272
53953
53894
53123
53000
55946
56015
56152
56286
64620
64614
63876
63082
61357
61323
61240
61236
60766
60069
58879
58191
57669
56805
56788
56782
56607
52967
52281
8207
25927
39183
38304
37741
34517
31770
26366
26151
26150
25805
52241
8767
8766
8765
8751
8645
8584
8494
8236
40629
40819
41585
41863
51540
50068
49917
49824
48774
48738
48696
48516
47629
47423
47274
46723
46664
45210
45028
42217
41997
1956
