2677
2330
1245
588
364
319
306
3246
3257
4016
2700
4011
293
2959
2028
215
2571
1721
2924
1
4306
3052
26614
50
7844
7090
3996
339
3114
3793
745
62849
78499
4226
2542
7347
153
434
2600
780
1617
2273
494
8781
2329
5602
4023
2985
4638
4223
3916
2989
3499
3160
3175
40148
2529
7022
3265
1729
778
5608
2424
3949
1200
593
1120
1042
4121
1610
858
48780
132046
44199
65514
150
134853
31878
79132
47
4995
1036
59725
1219
106473
1704
1291
5064
296
1079
27611
63992
6942
27773
1210
115617
135518
70286
260
1732
1258
3751
109487
3948
4069
377
2396
4018
3703
6218
4890
1250
1089
122886
68157
107999
1176
68319
34405
2019
109249
2288
112852
1080
112552
3546
1256
112556
6713
5662
6287
8188
27592
112550
30745
31658
52885
58559
67997
5
186
112515
113064
106696
247
111
8795
8961
26554
26585
117176
33794
116797
4721
7376
31221
32025
116161
115713
232
115569
115139
8464
114662
26662
114459
46578
68358
93040
95441
97938
246
114342
114254
54290
236
628
300
350
4369
4641
4701
4823
5135
5349
5377
5481
5812
6281
6953
8636
111251
68954
88125
107649
99149
44191
111249
3676
5449
106918
8369
78349
1900
2361
117533
110871
107636
4351
111505
4041
1635
357
520
529
587
7153
661
904
1059
1242
1259
1358
1376
1517
1639
111622
1801
1954
1956
2004
2012
2085
2369
2692
112290
112183
112070
3260
3978
118700
5782
118880
5219
608
5445
7458
8972
69640
104841
2082
80551
2359
2641
164977
3275
3301
3882
5507
3030
7373
8861
8928
27904
37733
48394
163949
66097
69526
69712
71057
47640
6985
7361
52319
164979
138610
47044
1955
7478
32892
34162
35957
37729
45950
100365
111931
2174
8623
130682
1199
2968
4467
4911
5909
47465
4388
1131
64957
48711
4189
4612
6683
6986
27255
82152
66203
44555
5618
122882
127212
134881
134859
134130
133771
133645
132800
132549
132547
132458
131796
128606
128512
128360
128235
127206
82461
127144
741
924
1274
127114
127108
2997
123695
123663
4993
106920
5902
5952
6857
137337
139385
139642
140174
104283
163056
6754
8865
36401
104
1103
2502
8528
52973
55820
61024
76251
78209
161582
161336
160954
158783
156387
155064
148626
148482
146656
144172
143385
142488
141749
140725
140715
107141
101285
106916
56782
56286
56152
56015
55946
55442
55363
55280
55276
55269
55253
55118
55069
55063
55052
54881
56607
56788
66665
56805
64701
64622
64620
64614
63876
63082
61357
61323
61240
61236
60766
60069
58879
58191
57669
54513
54286
54272
53953
46723
46664
45210
45028
42217
41997
41863
41585
40819
40629
6016
38304
37741
34517
31770
47274
47423
47629
52241
53894
53123
53000
52967
52579
52281
51540
48516
50068
49917
49824
48774
48738
48696
64839
67087
26151
95135
94959
94931
91077
90866
90531
90439
90376
90057
89804
89759
89492
89470
89260
88810
88235
94969
95449
67255
95558
99114
98961
98154
97923
97921
97752
97673
97304
96832
96811
96728
96610
96588
96417
95761
88129
87304
86833
86320
73023
72741
72720
72395
72226
72176
72131
72011
71745
71464
71108
70293
69481
67665
67429
74324
74545
78039
81845
85394
83976
82463
82459
82313
81932
81786
78574
81591
81562
80489
80463
79242
78653
26366
39183
26150
1283
2109
102469
1957
1942
1935
1572
1281
2182
1273
1272
1260
103107
1232
1211
2178
2202
3632
3022
3539
3498
3415
3384
101525
3111
2936
102194
2927
2920
2857
2747
2730
101895
1209
1197
1172
1028
45720
8533
105355
2942
1997
1088
4322
1153
105504
77455
106100
60072
47099
106766
105197
3176
3707
5984
7155
39421
53318
103688
103624
103449
541
103372
146501
757
914
946
954
3629
3089
3634
6433
6643
6783
6830
6874
6981
3671
7195
7243
7335
7438
7792
7926
8125
8128
8154
8195
8207
8236
8494
8584
8645
8751
8765
8766
8767
25805
25927
6515
6983
6229
5198
3679
3742
3789
3811
3947
4103
4262
4326
4327
4437
4712
4928
5169
4763
599
5464
5956
5289
5795
5791
5747
66934
6863
94777
6350
64969
46970
56367
6539
7161
63131
109374
2068
35836
118997
34321
8874
55247
1061
60684
111624
121231
111384
5971
5299
4973
3809
3361
74458
72998
1265
318
337
3113
3785
3300
3994
40614
3893
