4973
2369
608
111624
3809
1265
109249
8874
5299
5971
31878
1079
2942
2359
6942
93040
8928
34321
6350
35836
56367
118997
46578
6218
109374
1732
115617
67997
6539
64957
1088
66934
7155
39421
3707
59725
246
186
236
135518
300
58559
52885
31658
30745
5
587
337
904
1376
1358
1259
1250
1242
1059
661
350
628
27592
529
520
377
357
27773
1080
8188
6713
2068
2424
3948
4018
7161
8464
26614
26662
27611
68358
72998
95441
97938
106696
134853
54290
40614
111
247
1635
1089
1219
1256
1729
2288
2529
3546
5662
6287
1517
2396
1639
2361
6016
5608
2959
2542
778
1
117533
1900
47099
94777
78349
70286
8369
106918
55247
5449
40148
60072
106473
63131
914
757
146501
53318
5984
3176
64969
45720
62849
8533
6863
1997
1028
4322
78499
77455
3676
44191
1801
3052
4016
3978
3893
3751
3361
3260
3114
2700
4306
2692
1176
2085
2012
2004
1956
1954
4041
4351
3703
5812
107649
88125
68954
65514
8636
6953
6281
5481
4369
5377
5349
5135
4890
4823
4701
4641
1210
7376
318
132046
7373
5507
5219
4069
3882
3301
3300
3275
3257
2641
1061
80551
2082
104841
69640
8972
7458
8861
27904
34405
46970
82461
5618
3030
44555
7361
6985
47640
71057
37733
69712
69526
68319
68157
66097
63992
60684
5445
52319
121231
150
4467
2968
1199
130682
107999
8623
2174
100365
5909
45950
37729
35957
34162
32892
7478
1955
4911
47465
109487
27255
79132
48780
4995
4226
1704
1258
260
6986
296
6683
4612
4189
48711
74458
1131
4388
104283
6754
232
8865
5782
4993
3996
3265
2997
2924
2571
2019
1274
924
741
44199
8781
7347
5602
5064
4638
5902
5952
6857
1721
50
47
32025
31221
1153
4721
122886
33794
7022
26585
26554
8961
8795
7844
7153
7090
4223
4121
4023
76251
780
745
593
494
434
153
78209
61024
1036
55820
52973
8528
2502
1103
104
36401
858
1042
4011
2989
3994
3949
3916
3793
3499
3175
3160
2985
1120
2600
2329
2273
1617
1610
1291
1200
946
599
64839
94931
96588
96417
95761
95558
95449
95135
94969
94959
91077
96728
90866
90531
90439
90376
90057
89804
89759
89492
96610
96811
105197
101285
103624
103449
103372
103107
102469
102194
101895
101525
99149
96832
99114
98961
98154
97923
97921
97752
97673
97304
89470
89260
88810
72011
74324
73023
72741
72720
72395
72226
72176
72131
71745
88235
71464
71108
70293
69481
67665
67429
67255
67087
74545
78039
78574
78653
88129
87304
86833
86320
85394
83976
82463
82459
82313
81932
81845
81786
81591
81562
80489
80463
79242
103688
105355
1172
134859
141749
140725
140715
140174
139642
139385
137337
134881
134130
143385
133771
133645
132800
132549
132547
132458
131796
128606
142488
144172
105504
163949
111931
111384
82152
66203
47044
138610
164979
164977
163056
146656
161582
161336
160954
158783
156387
155064
148626
148482
128512
128360
128235
111505
112556
112552
112550
112515
112290
112183
112070
111622
111251
127212
111249
110871
107636
107141
106920
106916
106766
106100
112852
113064
114254
114342
127206
127144
127114
127108
123695
123663
122882
118880
118700
117176
116797
116161
115713
115569
115139
114662
114459
66665
339
64701
5747
6643
6515
6433
6229
5956
5795
5791
5464
6830
5289
5198
5169
4928
4763
4712
4437
6783
6874
8767
64622
8765
8751
8645
8584
8494
8236
8207
8154
6981
8128
7926
7792
7438
7335
7195
6983
4327
4326
4262
1572
2202
2182
2178
2109
1957
1942
1935
1281
4103
1273
1272
1260
1232
1211
1209
1197
2730
2747
2857
2920
3947
3811
3789
3742
3679
3671
3634
3632
3539
3498
3415
3384
3111
3089
2927
8766
8195
25805
56015
55442
55363
55280
55276
55269
55253
55118
55069
55063
55052
54881
25927
54286
54272
53953
53894
53123
55946
56152
52967
56286
64620
64614
63876
63082
61357
61323
61240
61236
60766
60069
58879
58191
57669
56805
56788
56782
56607
53000
54513
52579
46723
38304
39183
40629
31770
40819
41585
41863
42217
45028
45210
34517
46664
26151
26366
37741
48774
52241
47423
26150
47629
48516
48696
51540
50068
49917
47274
49824
48738
293
48394
215
2936
52281
41997
319
306
588
1245
364
2677
2330
3246
8125
541
3022
954
1283
7243
3629
2028
3113
3785
