50
26614
135518
1250
1801
1639
1635
1517
1376
1358
1259
1242
1956
1059
904
661
628
587
529
520
1954
2012
2004
3361
4306
4041
4016
3978
3893
3785
3751
3260
357
3113
3052
2700
2692
2396
2369
2085
377
350
4369
134853
1256
1219
1080
247
111
40614
54290
118997
337
115617
109374
109249
106696
97938
95441
93040
2288
2529
3546
5662
300
246
236
186
5
67997
58559
52885
31658
30745
27773
27592
8188
6713
6287
4351
4641
68358
4701
146501
541
53318
39421
7155
5984
3707
3176
64969
63131
59725
45720
8533
6942
6863
2942
1997
757
914
946
1273
2109
1957
1942
1935
1572
1283
1281
1272
954
1260
1232
1211
1209
1197
1172
1153
1088
1028
4322
6953
44191
3703
107649
88125
68954
65514
8636
6281
3676
5812
5481
5377
5349
5135
4890
4823
106473
5449
78499
1
77455
62849
60072
47099
40148
6016
5608
117533
55247
2361
1900
94777
78349
70286
8369
106918
72998
56367
2182
2359
3882
3809
3301
3300
3275
3257
2641
1061
5219
80551
2082
104841
69640
8972
7458
5445
4069
5507
52319
66097
47640
46970
71057
69712
69526
68319
66934
63992
7373
60684
48394
37733
34405
27904
8928
8861
608
121231
46578
2174
4467
2968
1199
130682
111624
107999
8623
100365
5909
45950
37729
35957
34162
32892
7478
1955
4911
47465
109487
27255
79132
48780
4995
4226
1704
1258
260
6986
4388
6683
4612
4189
48711
74458
64957
1131
6985
7361
44555
8961
4721
122886
1721
33794
31878
26585
26554
8874
31221
8795
7844
7153
7090
7022
6857
6539
7376
32025
3030
4018
34321
27611
26662
8464
7161
5299
4973
3948
35836
2068
1265
1210
1176
318
232
47
6350
5952
5902
104
76251
61024
55820
52973
8528
2502
1103
36401
5782
8865
6754
132046
104283
82461
5971
5618
78209
593
858
1042
4993
3996
3265
2997
2924
2571
2019
1274
924
741
4121
3793
1610
1200
1120
2178
599
2202
97752
97304
96832
96811
96728
96610
96588
96417
95761
95558
95449
95135
94969
94959
94931
91077
90866
90531
97673
97921
90376
97923
105504
105355
105197
103688
103624
103449
103372
103107
102469
102194
101895
101525
101285
99149
99114
98961
98154
90439
90057
69481
81562
80463
78653
78574
78039
74545
74324
73023
72741
72720
72395
72226
72176
72131
72011
71745
71464
71108
80489
81591
89804
81786
89759
89492
89470
89260
88810
88235
88129
87304
86833
86320
85394
83976
82463
82459
82313
81932
81845
106100
106766
106916
144172
142488
141749
140725
140715
140174
139642
139385
137337
134881
134859
134130
133771
133645
132800
132549
132547
132458
143385
146656
106920
148482
111931
111384
82152
66203
47044
138610
164979
164977
163949
163056
161582
161336
160954
158783
156387
155064
148626
131796
128606
128512
128360
114254
113064
112852
112556
112552
112550
112515
112290
112183
112070
111622
111505
111251
111249
110871
107636
107141
114342
114459
114662
123663
128235
127212
127206
127144
127114
127108
123695
122882
115139
118880
118700
117176
116797
116161
115713
115569
70293
79242
67665
6830
8765
8751
8645
8584
8494
8236
8207
8195
8154
8128
8125
7926
7792
7438
7335
7243
7195
6983
6981
8766
8767
25805
40819
46723
67429
45210
45028
42217
41997
41863
41585
40629
25927
39183
38304
37741
34517
31770
26366
26151
26150
6874
6783
47423
6643
3742
3679
3671
3634
3632
3629
3539
3498
3415
3384
3111
3089
3022
2936
2927
2920
2857
2747
2730
3789
3811
3947
5289
6515
6433
6229
5956
5795
5791
5747
5464
5198
4103
5169
4928
4763
4712
4437
4327
4326
4262
47274
46664
54881
56782
56286
56152
56015
55946
55442
55363
55280
55276
55269
55253
55118
55069
55063
55052
54513
54286
54272
53953
53894
56607
56788
53000
56805
67255
67087
66665
64839
64701
64622
64620
64614
63876
63082
61357
61323
61240
61236
60766
60069
58879
58191
57669
53123
339
52967
47629
52281
52241
51540
48696
48738
48774
50068
48516
49917
49824
52579
1732
1079
293
2542
2959
68157
2424
1089
6218
1729
778
3949
4011
5064
1291
3114
745
3994
215
1036
2028
44199
150
296
2989
3246
2677
780
8781
494
434
7347
5602
153
1245
4638
4223
2985
4023
3916
3499
1617
2273
2330
3175
2329
588
2600
364
319
306
3160
