246
1120
1042
858
593
4121
1610
1200
3793
1954
1801
1956
1639
2012
2085
2369
2396
1635
1517
1376
1358
2004
135518
1250
3893
4369
4351
4306
4041
4016
3978
3785
2692
3751
3361
3260
3113
3052
2700
1259
1242
4701
54290
2288
1256
1219
1080
247
111
40614
134853
3546
118997
115617
109374
109249
106696
97938
95441
2529
5662
1059
5
904
661
628
529
357
350
337
67997
6713
58559
52885
31658
30745
27773
27592
8188
4641
4823
72998
4890
946
914
757
146501
541
53318
39421
7155
5984
3707
3176
64969
63131
59725
45720
8533
6942
954
1153
1172
1572
2202
2182
2178
2109
1957
1942
1935
1283
1197
1281
1273
1272
1260
1232
1211
1209
6863
2942
1997
65514
3676
106473
44191
3703
107649
88125
68954
8636
106918
6953
6281
5812
5481
5377
5349
5135
55247
8369
1088
40148
1028
4322
78499
77455
62849
60072
47099
6016
70286
5608
1
117533
2361
1900
94777
78349
93040
34321
68358
80551
3301
3300
3275
3257
2641
2359
1061
2082
56367
104841
69640
8972
7458
5445
608
52319
3809
3882
4069
5219
69712
69526
68319
66934
66097
63992
60684
48394
37733
34405
27904
8928
8861
7373
5507
121231
109487
79132
4911
2968
1199
130682
111624
107999
8623
2174
100365
45950
37729
35957
34162
32892
7478
1955
4467
5909
48780
47465
4995
4226
1704
1258
260
27255
6986
6683
4612
4189
48711
74458
64957
1131
4388
71057
46970
47640
50
35836
32025
31221
7376
4721
122886
1721
33794
31878
26585
26554
8961
8874
8795
7844
47
232
7090
318
46578
2747
27611
26662
26614
8464
7161
5299
4973
4018
3948
2068
1265
1210
1176
7153
7022
6985
61024
52973
8528
2502
1103
36401
8865
6754
132046
104283
82461
5971
5618
3030
44555
7361
55820
76251
6857
78209
6539
6350
5952
5902
5782
4993
3996
3265
2997
2924
2571
2019
1274
924
741
2730
599
2857
95135
96811
96728
96610
96588
96417
95761
95558
95449
94969
105504
94959
94931
91077
90866
90531
90439
90376
90057
96832
97304
97673
97752
105197
103688
103624
103449
103372
103107
102469
102194
101895
101525
101285
99149
99114
98961
98154
97923
97921
89804
89759
89492
79242
2920
78039
74545
74324
73023
72741
72720
72395
72226
72176
72131
72011
71745
71464
71108
70293
69481
78653
80463
89470
80489
89260
88810
88235
88129
87304
86833
86320
85394
83976
82463
82459
82313
81932
81845
81786
81591
81562
105355
106100
67429
134881
142488
141749
140725
140715
140174
139642
139385
137337
134859
106766
134130
133771
133645
132800
132549
132547
132458
131796
143385
144172
146656
148482
111931
111384
82152
66203
47044
138610
164979
164977
163949
163056
161582
161336
160954
158783
156387
155064
148626
128606
128512
128360
114254
112852
112556
112552
112550
112515
112290
112183
112070
111622
111505
111251
111249
110871
107636
107141
106920
106916
113064
114342
128235
114459
127212
127206
127144
127114
127108
123695
123663
122882
118880
118700
117176
116797
116161
115713
115569
115139
114662
67665
78574
67255
7195
25927
25805
8767
8766
8765
8751
8645
8584
8494
8236
8207
8195
8154
8128
8125
7926
7792
7438
7335
26150
26151
26366
42217
48516
47629
47423
67087
46723
46664
45210
45028
41997
31770
41863
41585
40819
40629
39183
38304
37741
34517
7243
6983
48738
6981
4103
3947
3811
3789
3742
3679
3671
3634
3632
3629
3539
3498
3415
3384
3111
3089
3022
2936
2927
4262
4326
4327
5795
6874
6830
6783
6643
6515
6433
6229
5956
5791
4437
5747
5464
5289
5198
5169
4928
4763
4712
48696
47274
55118
55253
56152
56015
55946
55442
55363
55280
55276
55269
48774
56607
55069
55063
55052
54881
54513
54286
54272
53953
56286
56782
53123
61357
66665
64839
64701
64622
64620
64614
63876
63082
61323
56788
61240
61236
60766
60069
58879
58191
57669
56805
53894
339
53000
52241
49917
49824
50068
51540
52967
52281
52579
1732
1079
2542
2959
68157
1089
778
1729
3114
2424
2028
6218
150
587
296
6287
377
300
104
236
5449
186
3949
4011
1291
5064
293
745
1245
2677
2330
3246
215
306
319
364
588
3994
1036
44199
3916
1617
2273
8781
780
7347
5602
3175
3160
4023
494
434
3499
153
4638
4223
2600
2985
2989
2329
520
