7153
5952
1957
4103
4262
4326
3111
5198
3679
3811
1273
1211
1197
1172
8128
5747
4993
8795
5377
2019
1283
7243
3629
3260
3978
5902
7090
2924
3996
7844
3994
2571
1265
4306
5349
529
8636
8961
3022
954
541
8125
4023
4223
153
3916
3499
3175
8781
2600
3160
4638
2329
434
5602
2273
1617
2985
780
2989
494
7347
924
40614
41997
52281
31878
2936
3265
7022
7792
3384
47274
1272
2109
2178
3947
3498
6229
3671
4437
26366
4712
4928
8207
65514
44199
72998
1210
132046
79132
6218
232
48394
2730
74458
6539
1250
260
5064
1291
4011
3809
6863
3949
5299
4973
608
1200
4121
1610
858
1120
1042
593
2359
27611
2068
135518
70286
4041
52973
350
1103
5971
745
1036
34321
6942
118997
69640
63131
3793
8874
94777
35836
7161
67997
111624
109374
60684
55247
109487
46970
55820
64969
6350
3882
37733
56367
1079
122886
109249
107999
8928
2174
46578
112552
68319
66934
1732
34405
105504
106696
1088
115617
1028
4226
64957
1131
1704
48711
1258
6281
27255
5481
5812
6683
4612
4189
6986
104283
4995
3893
2396
2692
2082
104841
2700
3052
3113
8972
7458
3361
3785
5445
48780
61024
52319
4351
4369
121231
4641
4701
4388
4823
4890
5135
6953
44191
296
62849
5608
6016
37729
40148
35957
34162
47099
32892
60072
77455
45950
4322
7478
1997
2942
1955
78209
8533
45720
59725
2959
100365
47465
3676
5909
68954
4911
88125
4467
107649
2968
1199
2369
106918
2542
130682
8369
76251
78349
1900
8623
2361
117533
778
80551
1259
2085
31221
47
50
318
1176
8861
7373
3948
5507
5219
8464
26614
26662
4069
8865
68358
93040
95441
97938
36401
54290
3301
32025
7376
2012
4721
6754
5618
3030
44555
741
7361
1274
6985
47640
2997
71057
69712
69526
68157
6857
66097
63992
26554
27904
33794
1721
111
247
1080
1089
357
377
520
3257
2641
628
661
904
1059
1242
82461
1061
1358
1376
1517
1635
1639
1801
1954
1956
2004
8528
337
3275
27592
1219
1256
1729
2288
2529
3546
5662
6713
8188
3300
300
27773
30745
31658
52885
58559
5
186
236
246
587
599
3176
90376
97304
96832
96811
96728
96610
96588
96417
95761
95558
95449
95135
94969
94959
94931
91077
90866
90531
97673
97752
97921
102469
105355
105197
103688
103624
103449
103372
103107
102194
97923
101895
101525
101285
99149
99114
98961
98154
90439
90057
106766
89804
80489
80463
79242
78653
78574
78039
74545
74324
73023
72741
72720
72395
72226
72176
72131
3707
71745
81562
81591
81786
87304
89759
89492
89470
89260
88810
88235
88129
86833
81845
86320
85394
83976
82463
82459
82313
81932
106100
106916
71108
131796
143385
142488
141749
140725
140715
140174
139642
139385
137337
134881
134859
134130
133771
133645
132800
132549
132547
144172
146656
148482
164977
111931
111384
82152
66203
47044
138610
164979
163949
148626
163056
161582
161336
160954
158783
156387
155064
132458
128606
106920
128512
114342
114254
113064
112852
112556
112550
112515
112290
112183
112070
111622
111505
111251
111249
110871
107636
107141
114459
114662
115139
123695
128360
128235
127212
127206
127144
127114
127108
123663
115569
122882
118880
118700
117176
116797
116161
115713
71464
72011
70293
8645
8494
8236
8195
8154
7926
7438
7335
7195
6983
6981
6874
6830
6783
6643
6515
8584
8751
5956
8765
41863
41585
40819
40629
39183
38304
37741
69481
31770
26151
26150
25927
25805
8767
8766
6433
5795
45028
2182
1935
1572
1281
1260
1232
1209
1153
946
914
757
146501
53318
39421
7155
5984
1942
2202
5791
2747
5464
5289
5169
4763
4327
3789
3742
3634
3632
3539
3415
3089
2927
2920
2857
42217
34517
56286
55253
58879
58191
57669
56805
56788
56782
56607
45210
56152
56015
55946
55442
55363
55280
55276
60069
60766
61236
64701
67665
67429
67255
67087
66665
64839
64622
61240
64620
64614
63876
63082
61357
61323
55269
339
55118
53000
46664
46723
47423
47629
48516
48696
48738
48774
49824
49917
51540
52241
52579
52967
50068
55069
53953
54286
55052
54272
54881
55063
54513
53894
53123
4018
2424
3703
106473
134853
150
5782
78499
26585
3114
3751
1
4016
2502
2028
293
5449
6287
104
215
306
3246
319
364
588
2330
2677
1245
