5952
7153
4993
8795
2019
6942
3978
5902
3260
1088
4369
1721
924
306
319
364
588
1245
2330
2677
339
3246
8972
4995
6218
2942
59725
7155
2424
2028
6016
215
2359
34162
8961
33794
35957
40614
2571
150
1704
63992
111624
74458
35836
293
2174
3994
72998
67997
112552
39421
6863
3114
1265
132046
3707
79132
2529
48780
4973
62849
27611
4226
135518
70286
27773
2068
4011
63131
7161
1210
5299
46970
109487
94777
64969
6350
34321
118997
260
337
520
1059
529
300
587
246
628
661
904
1376
1242
1250
1259
1358
131796
1517
1635
1639
1801
1954
1956
2004
2012
2085
2369
236
113064
186
5
46578
68358
132800
93040
95441
97938
109249
109374
54290
132549
111
247
1080
1089
1256
132547
3546
5662
6287
6713
8188
30745
31658
52885
2692
58559
132458
2396
128606
2700
45720
117533
112852
127212
40148
47099
60072
127206
77455
4322
127144
127114
127108
123695
8533
123663
3052
3176
122882
5984
118880
118700
53318
117176
116797
116161
541
115713
146501
757
914
2361
1900
78349
8369
3113
26662
128512
3361
3785
3893
128360
4016
4351
128235
4641
4701
4823
4890
5135
5377
5481
5812
6281
6953
8636
65514
107649
44191
106473
3676
5449
55247
106918
133645
133771
26614
3301
161582
121231
52319
7458
161336
104841
2082
80551
1061
160954
2641
3257
3275
3300
3809
8464
5219
7373
8861
8928
27904
34405
60684
158783
68157
68319
69526
69712
71057
47640
163056
163949
164977
164979
1955
7478
32892
111931
111384
37729
45950
100365
82152
66203
8623
107999
47044
1199
2968
4467
4911
5909
47465
4388
1131
64957
138610
48711
4189
4612
6683
6986
27255
6985
7361
44555
2997
3996
142488
5782
141749
140725
6857
7022
7090
140715
7844
140174
139642
26554
26585
139385
137337
122886
4721
7376
31221
32025
134881
50
232
318
134859
134130
3948
954
3265
2924
3030
143385
5618
5971
82461
104283
156387
6754
8865
36401
104
2502
8528
61024
76251
78209
155064
593
858
1042
1120
1200
1610
3793
148626
4121
148482
741
146656
1274
144172
946
599
1153
63082
1172
56286
56607
56782
56788
56805
57669
58191
58879
60069
60766
101525
61323
61357
63876
48696
64614
101285
64620
64622
64701
64839
66665
67087
67255
67429
67665
69481
70293
71108
56152
56015
55946
101895
48738
105197
49824
49917
103688
51540
103624
52241
103449
52579
52967
53000
53123
53894
53953
54272
54286
54513
54881
55052
55063
103372
55118
55253
103107
55269
55276
102469
102194
71464
71745
99149
78039
90531
78574
90439
78653
79242
80463
90376
90057
80489
81562
81591
81786
81845
81932
82313
82459
82463
83976
85394
86320
86833
87304
88129
88235
88810
89260
89470
89492
89759
90866
91077
99114
94931
98961
72011
98154
97923
97921
97752
72131
97673
72176
72226
97304
96832
72395
96811
96728
96610
96588
96417
95761
95558
95449
95135
72720
94969
72741
73023
74324
94959
74545
105355
48774
111505
3632
3811
3789
3742
3679
3671
3634
3629
111249
3539
3498
3415
3384
112290
112515
3947
4103
112183
4262
4326
4327
4437
4712
4763
4928
112070
5169
5198
5289
111622
5747
5795
114342
112550
114254
115139
1197
1209
1211
1232
115569
1260
1272
1273
1281
1283
1572
1935
1942
1957
2109
3111
2178
2182
2202
114662
114459
2730
2747
2857
112556
2920
2927
2936
3022
3089
111251
89804
5956
8751
8766
6229
25805
25927
26150
26151
26366
106920
106916
106766
31770
34517
37741
38304
39183
40629
40819
41585
41863
106100
42217
45028
45210
46664
46723
47274
47423
47629
48516
8765
8767
7335
6433
107636
6981
6983
7195
6643
7243
107141
110871
6515
6783
6830
8494
7792
7926
8125
8128
8154
8584
8195
8207
8236
66934
56367
115617
66097
1028
31878
8874
106696
105504
1997
3703
130682
1176
27592
1258
88125
2288
47
1219
3751
3882
37733
55820
134853
69640
4018
5608
608
6539
78499
1
350
5445
52973
4306
1103
357
4041
4069
5507
1291
5064
745
3949
1036
44199
4638
7347
5602
8781
4223
434
494
2273
2329
4023
2600
2985
1617
2989
780
153
3160
3175
3499
3916
377
1732
48394
68954
296
5349
1079
52281
41997
61236
61240
2542
55069
55442
55363
2959
6874
7438
8645
5791
5464
50068
55280
778
1729
