8961
1
78499
50
3948
26614
134853
6218
293
115617
3499
3916
5602
153
434
8781
4638
4223
4023
494
7347
3175
3160
780
2989
2985
2600
2329
2273
1617
44199
111624
1036
3994
5064
1291
3113
4369
4351
4306
4041
4016
3893
3785
3361
135518
3052
350
661
628
587
529
520
377
357
337
1059
300
246
236
215
186
5
58559
904
1242
2700
1956
2692
4701
2396
2369
2085
2012
2004
1954
1250
1801
1639
1635
1517
1376
1358
1259
4641
4890
4823
1957
1935
1572
1283
1281
1273
1272
1260
1245
1232
1211
1209
1197
1172
1153
954
946
914
1942
2028
31658
2109
3415
3384
3246
3111
3089
3022
2936
2927
2920
2857
2747
2730
2677
2330
2202
2182
2178
757
146501
588
541
8369
106918
55247
5449
3676
44191
107649
88125
68954
65514
8636
6953
6281
5812
5481
5349
5135
70286
78349
1900
8533
364
319
306
53318
5984
3176
45720
1997
2361
1088
4322
77455
60072
47099
40148
117533
52885
109374
30745
5507
8972
104841
2082
80551
1061
2641
3257
3275
3300
3301
3809
3882
4069
5219
7373
5445
8861
8928
27904
34405
37733
48394
60684
66097
68157
68319
69526
69712
71057
47640
7458
608
27592
4467
1955
7478
32892
34162
35957
37729
45950
100365
2174
8623
107999
130682
1199
2968
4911
52319
5909
47465
4388
1131
64957
48711
4189
4612
6683
6986
27255
260
109487
121231
6985
7361
44555
97938
4721
7376
31221
32025
318
1176
1210
8464
26662
27611
68358
72998
93040
95441
109249
3030
3539
54290
40614
111
247
1080
1089
1256
2288
3546
5662
6287
6713
8188
122886
33794
26585
26554
5618
5971
82461
104283
132046
6754
8865
36401
104
1103
2502
8528
52973
55820
61024
76251
78209
741
1274
2571
2924
2997
3265
3996
5782
6857
7022
7090
7844
3498
599
3629
97752
97304
96832
96811
96728
96610
96588
96417
95761
95558
95449
95135
94969
94959
94931
91077
90866
90531
97673
97921
71464
97923
106100
105355
105197
103688
103624
103449
103372
103107
102469
102194
101895
101525
101285
99149
99114
98961
98154
90439
90376
90057
89804
81562
80489
80463
79242
78653
78574
78039
74545
74324
73023
72741
72720
72395
72226
72176
72131
72011
81591
3632
81786
87304
89759
89492
89470
89260
88810
88235
88129
86833
81845
86320
85394
83976
82463
82459
82313
81932
106766
106916
106920
131796
143385
142488
141749
140725
140715
140174
139642
139385
137337
134881
134859
134130
133771
133645
132800
132549
132547
144172
146656
148482
164977
111931
111384
82152
66203
47044
138610
164979
163949
148626
163056
161582
161336
160954
158783
156387
155064
132458
128606
107141
128512
114342
114254
113064
112852
112556
112552
112550
112515
112290
112183
112070
111622
111505
111251
111249
110871
107636
114459
114662
115139
123695
128360
128235
127212
127206
127144
127114
127108
123663
115569
122882
118880
118700
117176
116797
116161
115713
71745
339
71108
70293
47629
5289
47423
5464
5747
5791
47274
46723
48696
5795
46664
5956
45210
45028
42217
6229
48516
48738
41863
6983
53953
53894
53123
53000
52967
52579
4763
4928
48774
52241
5169
51540
50068
49917
49824
5198
41997
41585
4712
6874
8645
8584
8494
8236
8207
8195
8154
8128
8765
8125
7926
7792
6981
7438
7335
7243
8751
8766
40819
6643
40629
39183
38304
37741
34517
6433
6515
6783
8767
31770
26366
26151
6830
26150
25927
25805
54272
52281
7195
56015
56286
56607
4326
4262
64622
56788
56805
57669
66665
64839
58191
4103
54286
3947
58879
60069
60766
61236
61240
61323
61357
63082
64701
63876
64614
3811
64620
56152
56782
55946
55253
3634
69481
3671
3679
54513
54881
55052
3742
55063
67665
3789
4437
55069
55118
67429
55276
67255
55269
67087
55363
4327
55280
55442
63992
2942
3707
39421
67997
6942
46578
59725
745
6863
1721
6350
2359
106473
66934
6016
64969
2424
94777
7155
46970
924
150
2019
1265
3793
63131
4973
56367
2068
5902
3260
3978
8795
4993
1028
7161
118997
31878
5952
7153
3114
858
1200
593
4121
1610
1120
1042
106696
35836
34321
105504
8874
232
79132
1258
1732
27773
3703
4995
4018
5299
296
74458
1704
62849
1079
47
48780
4011
3949
2542
2529
1219
5377
3751
69640
4226
5608
1729
778
6539
2959
