1036
4993
8795
1617
3160
494
434
153
2329
2600
2985
2989
2273
3175
3499
3916
4023
8781
7347
5602
4223
780
4638
7153
5952
44199
296
318
1291
2019
26585
1120
1042
1200
1610
858
593
4121
745
5782
1704
3949
5064
122886
41863
58559
45210
49917
49824
48774
45028
46723
47629
47423
48696
48516
48738
4011
70286
260
3994
79132
6218
1729
778
5902
3978
3260
68157
293
3361
2959
44555
1089
47099
1210
4995
5608
111384
2542
121231
71108
72131
67087
78653
73023
72720
72395
72226
72011
71745
71464
70293
69481
66665
4226
1079
1061
109487
60684
67665
132046
1219
46578
34405
94777
1265
1732
27773
27611
67997
135518
3793
107999
47
68319
3703
72998
78209
150
2085
2369
2396
2700
3052
3113
3114
2174
3785
3751
2004
3893
100365
4016
4041
4306
4351
4369
4641
4701
4823
2012
1801
1956
1954
5909
4911
4467
2968
357
130682
377
111624
520
529
8623
587
628
661
904
1059
1242
1259
1358
1376
1517
1635
1639
4890
5377
5135
1088
2942
6863
8533
45720
63131
64969
3176
3707
5984
7155
39421
53318
146501
757
914
946
1153
1172
1197
1209
1211
1232
1260
1997
1028
4388
4322
5481
5812
6281
6953
107649
106473
3676
5449
55247
106918
8369
45950
37729
1900
2361
35957
34162
32892
7478
6016
40148
1955
60072
47465
64957
1131
37733
6539
6857
27904
8928
8874
26554
8861
7373
5507
4721
7376
31221
5219
32025
4069
3882
3809
35836
3301
3300
3275
3257
1273
6350
66934
76251
69526
55820
52973
8528
2502
1103
104
36401
8865
6754
104283
82461
5971
5618
3030
7361
6985
47640
46970
71057
741
1274
69712
2997
2641
2359
80551
50
27255
6986
1256
6683
2288
5662
6287
6713
8188
27592
4612
30745
31658
52885
4189
48711
5
186
236
246
300
337
350
1080
52319
247
8464
2082
104841
232
69640
8972
7458
3948
4973
5299
7161
26614
111
26662
5445
34321
608
56367
93040
95441
97938
106696
54290
1272
599
1281
95449
89492
89759
89804
90057
90376
90439
90531
90866
91077
94931
94959
94969
95135
95558
89260
95761
96417
96588
96610
96728
96811
96832
97304
97673
97752
97921
97923
98154
89470
88810
99114
56286
53953
54272
54286
54513
54881
55052
55118
55253
55269
55276
55946
56015
56152
56607
88235
56782
56788
56805
72176
72741
81786
82313
83976
85394
86320
86833
87304
88129
98961
99149
53123
155064
128235
128512
131796
132458
132547
132549
132800
133771
139642
140715
140725
144172
148482
156387
127206
158783
160954
161336
161582
163056
163949
164977
164979
138610
47044
66203
82152
111931
127212
127144
101285
106766
101525
101895
102194
102469
103107
103372
103449
103624
103688
105197
105355
105504
106100
106916
123695
106920
107141
107636
110871
111249
111505
112070
112550
113064
114254
114459
115139
123663
53894
339
53000
4327
5747
26150
26151
5289
5198
5169
4928
4763
4712
4437
4326
5795
4262
4103
3947
3811
3789
26366
6515
3742
3679
3671
25927
25805
3632
8154
6783
6830
6981
6983
7195
6433
7335
7792
7926
8128
8195
5956
8207
8236
8494
8584
8751
8765
52967
8766
8767
6229
3634
31770
2202
37741
2182
2178
39183
40629
40819
41585
2109
42217
46664
1957
1942
47274
1935
51540
52241
1572
52579
38304
6643
2747
34517
2927
2920
2857
3384
3089
2730
3111
3415
3498
3539
68954
2692
66097
63992
55442
55069
55363
6942
1250
2424
50068
6874
7438
5464
8645
5791
55280
59725
2936
1199
88125
8125
3022
954
541
215
44191
8636
5349
1721
8961
41997
52281
7243
1283
3629
48394
306
364
319
2677
3246
588
2330
1245
2028
77455
62849
2529
924
48780
67255
74324
74545
78039
82459
78574
81932
79242
82463
80489
81562
81591
81845
80463
1258
78349
109374
1176
117533
112552
3546
40614
2571
118997
111251
61024
4018
118880
118700
112515
7022
3265
115617
127108
134859
122882
74458
109249
33794
68358
112290
117176
115569
116161
116797
111622
112852
112183
114342
112556
114662
141749
127114
142488
140174
143385
146656
115713
139385
137337
134881
134130
133645
128606
128360
148626
2068
65514
78499
61236
61240
31878
1
64701
64620
55063
64622
64614
57669
58191
58879
60069
60766
61323
61357
63082
64839
63876
67429
7844
7090
3996
2924
134853
