1219
1079
1172
904
4262
3679
5747
1259
4326
1957
3111
4103
3811
5198
1211
529
8128
1273
1197
1028
5608
2959
778
1729
1704
109249
106696
4226
3809
3949
2542
1732
541
954
1080
3022
8125
47
4973
296
1258
8928
2936
118997
7243
3629
1283
46578
109374
2028
6539
4995
66934
1176
79132
377
3113
1956
2004
2012
2085
2369
2396
2692
2700
3052
3260
3114
27773
3361
3751
27592
3785
3893
3978
4016
4306
4351
1954
1635
1801
215
4641
520
337
587
300
628
246
236
1059
1242
1358
1639
186
1376
5
67997
58559
52885
31658
30745
1517
357
4369
106473
4701
45720
7155
5984
3707
3176
64969
63131
8533
4823
6863
2942
1997
1088
4322
78499
39421
53318
306
319
364
588
146501
757
946
1153
1232
1245
1260
1281
1572
1935
1942
77455
62849
60072
44191
4890
5135
5349
5377
5481
5812
6281
6953
8636
65514
68954
88125
107649
3703
6713
47099
3676
5449
55247
106918
8369
70286
78349
94777
1900
2361
117533
1
6016
40148
8188
135518
6287
8861
5507
5219
4069
3301
3300
3275
3257
2641
2359
1061
80551
2082
104841
69640
8972
7373
27904
82461
34405
5618
3030
44555
7361
6985
47640
46970
71057
69712
69526
68319
68157
66097
60684
48394
7458
5445
52319
121231
1199
130682
111624
107999
8623
2174
150
100365
45950
37729
35957
34162
32892
7478
1955
2968
4467
4911
4612
109487
48780
260
27255
6986
6683
4189
5909
48711
74458
64957
1131
4388
47465
5971
104283
5662
27611
26614
8464
7161
5299
4018
3948
2068
1265
318
232
50
35836
32025
31221
7376
26662
34321
132046
56367
3546
2529
2288
1256
1089
247
40614
54290
134853
115617
97938
95441
93040
72998
68358
4721
122886
33794
31878
2924
2571
2019
1274
924
741
78209
76251
61024
8528
2502
104
36401
8865
6754
2997
3265
3996
7153
26585
26554
8961
8874
8795
7844
7090
4993
7022
6857
6350
5952
5902
5782
111
339
86320
66665
90531
90439
137337
90376
90057
89804
89759
89492
89470
89260
88810
88235
88129
87304
86833
90866
91077
94931
96610
97752
97673
97304
96832
96811
96728
96588
94959
96417
95761
95558
95449
95135
94969
139385
139642
85394
71745
72720
72395
72226
72176
72131
72011
71464
73023
71108
70293
69481
67665
67429
67255
128512
74324
83976
81591
82463
82459
82313
81932
81845
81786
81562
74545
80489
80463
79242
78653
78574
78039
97921
97923
98154
112556
114662
114459
114342
114254
113064
112852
112552
115569
112550
112515
112290
112183
112070
111622
115139
115713
111251
127108
128360
128235
127212
127206
127144
127114
123695
116161
123663
122882
118880
118700
117176
116797
111505
111249
98961
133771
101895
132458
132547
132549
132800
133645
134130
102469
134859
101525
134881
101285
99149
99114
102194
131796
110871
105504
107636
107141
106920
106916
106766
106100
105355
103107
105197
103688
103624
103449
128606
103372
67087
72741
64839
138610
66203
2927
3089
3246
47044
3415
8767
82152
8766
8765
8751
8645
8584
164979
2920
25805
3539
2202
38304
37741
161582
31770
143385
26151
2330
2747
2677
111931
111384
26150
64701
25927
8494
3632
40629
155064
148626
5956
5795
3742
5791
5464
5289
6515
5169
156387
4763
158783
163056
160954
6433
6643
164977
148482
8236
144172
8195
163949
146656
7926
7438
6783
7335
7195
6983
6981
6874
6830
39183
34517
40819
55280
56286
56152
56015
55946
140715
55442
55363
140725
41585
55276
55269
55253
55118
55069
55063
55052
56607
56782
140174
56788
64622
64620
64614
63876
63082
61357
61323
61240
61236
60766
60069
58879
58191
57669
56805
54881
161336
54513
142488
2182
48696
141749
48516
47629
47423
46723
49824
46664
45210
45028
42217
41997
41863
48774
48738
49917
52967
54286
54272
53953
53894
53123
50068
53000
52579
52281
52241
51540
293
6218
4011
5064
745
3994
1036
44199
608
1210
2985
2989
8781
7347
5602
4638
4223
3916
3499
3175
3160
4023
2600
2329
2273
1617
780
494
434
153
3882
37733
55820
63992
6942
599
2424
2730
3634
59725
1103
3947
6229
4928
4712
4437
4327
3671
3789
8154
3498
914
3384
1209
2857
1272
7792
8207
52973
350
1291
26366
2178
2109
661
1250
4041
47274
3793
1610
1200
1120
1042
858
593
4121
1721
