318
4041
1103
52973
377
350
337
150
608
3361
55820
3114
37733
3882
111384
121231
1061
2424
27773
186
236
1200
1042
300
1610
4121
1120
339
858
593
3793
2012
1517
1635
1639
1801
1954
1956
2004
3893
3785
2085
2369
2396
3751
3260
54290
3113
3052
2700
2692
1376
1089
1358
1259
52885
31658
1079
30745
27592
8188
6713
6287
5662
3546
2529
2288
1729
1256
1080
58559
67997
5
628
1219
1242
1059
904
661
3978
587
246
529
520
40614
357
111
247
1250
4369
4016
62849
39421
7155
5984
3707
3176
64969
63131
59725
45720
8533
6942
6863
2942
1997
1088
1028
4322
53318
541
146501
1232
1935
1572
1283
1281
1273
1272
1260
1211
757
1209
1197
1172
1153
954
946
914
77455
47099
4306
40148
88125
68954
65514
8636
6953
6281
5812
5481
5377
5349
5135
4890
4823
4701
4641
109374
4351
107649
3703
44191
1900
6016
5608
2959
2542
778
117533
2361
94777
106473
78349
70286
8369
106918
55247
5449
3676
118997
27611
109249
4069
3301
3300
3275
3257
2641
2359
1732
80551
2082
104841
69640
8972
7458
5445
52319
3809
5219
79132
5507
71057
69712
69526
68319
68157
66934
66097
63992
60684
48394
34405
27904
8928
8861
7373
109487
48780
47640
4911
2968
1199
130682
111624
107999
8623
2174
100365
45950
37729
35957
34162
32892
7478
1955
4467
5909
4995
47465
4226
1704
1258
260
27255
6986
6683
4612
4189
48711
74458
64957
1131
4388
296
46970
6985
106696
1265
1176
232
47
35836
32025
31221
7376
4721
122886
1721
33794
31878
26585
26554
8961
1210
2068
8795
3948
97938
95441
93040
72998
68358
56367
46578
34321
1957
26662
8464
7161
5299
4973
4018
8874
7844
7361
741
76251
61024
8528
2502
104
36401
8865
6754
132046
104283
82461
5971
5618
3030
44555
78209
924
7153
1274
7090
7022
6857
6539
6350
5952
5902
5782
4993
3996
3265
2997
2924
2571
2019
1942
135518
74545
97673
96832
96811
96728
96610
96588
96417
95761
95558
95449
95135
94969
94959
94931
91077
90866
90531
90439
97304
97752
90057
97921
105355
105197
103688
103624
103449
103372
103107
102469
102194
101895
101525
101285
99149
99114
98961
98154
97923
90376
89804
69481
80489
79242
78653
78574
78039
2109
74324
73023
72741
72720
72395
72226
72176
72131
72011
71745
71464
71108
80463
81562
89759
81591
89492
89470
89260
88810
88235
88129
87304
86833
86320
85394
83976
82463
82459
82313
81932
81845
81786
105504
106100
106766
143385
141749
140725
140715
140174
139642
139385
137337
134881
134859
134130
133771
133645
132800
132549
132547
132458
131796
142488
144172
106916
146656
111931
82152
66203
47044
138610
164979
164977
163949
163056
161582
161336
160954
158783
156387
155064
148626
148482
128606
128512
128360
128235
113064
112852
112556
112552
112550
112515
112290
112183
112070
111622
111505
111251
111249
110871
107636
107141
106920
114254
114342
114459
122882
127212
127206
127144
127114
127108
123695
123663
118880
114662
118700
117176
116797
116161
115713
115569
115139
70293
599
67665
8765
8645
8584
8494
8236
8207
8195
8154
8128
8125
7926
7792
7438
7335
7243
7195
6983
6981
6874
6830
8751
8766
6643
8767
46664
67429
45028
42217
41997
41863
41585
40819
40629
39183
38304
37741
34517
31770
26366
26151
26150
25927
25805
6783
6515
47274
3679
3634
3632
3629
3539
3498
3415
3384
3111
3089
3022
2936
2927
2920
2857
2747
2730
2202
2182
2178
3671
3742
6433
3789
6229
5956
5795
5791
5747
5464
5289
5198
5169
4928
4763
4712
4437
4327
4326
4262
4103
3947
3811
46723
45210
55052
56788
56607
56286
56152
56015
55946
50068
51540
52241
52281
52579
52967
53000
53123
53894
53953
54272
54286
54513
55442
54881
55363
55063
55069
55118
55253
55269
55280
56782
56805
64620
49917
67255
67087
47423
66665
47629
64839
48516
48696
48738
64701
48774
64622
55276
64614
63876
63082
61357
61323
61240
61236
49824
60766
60069
58879
58191
57669
115617
215
2028
134853
6218
3949
3246
588
364
2330
2677
319
306
1245
4011
1291
5064
745
3994
78499
1036
26614
50
44199
1
60072
2329
780
153
1617
2273
3175
2600
2985
2989
3160
3499
3916
4023
4223
4638
5602
7347
8781
434
494
293
