1089
296
858
4121
1610
1200
1120
1042
593
745
2677
3246
306
319
364
588
1245
2330
3052
1
608
2359
1639
318
78499
4041
52973
1103
350
3114
2542
68157
3793
2028
215
2329
2989
3175
2985
3499
3916
2600
2273
4023
4223
1617
4638
780
5602
7347
8781
494
434
153
3160
67997
293
1079
106473
134853
55820
778
1729
44199
3361
3882
37733
1036
3994
1291
5064
4011
1732
8928
2959
3809
109249
3949
115617
111384
46578
121231
4226
2692
1061
48780
27773
109374
4973
1704
377
1517
300
3629
7243
1283
954
3022
8125
541
4995
52281
41997
150
2936
5608
48394
1219
1176
47
1258
1250
914
2012
2085
2369
757
2396
357
337
2700
946
3113
246
236
3260
2004
1954
1956
1259
1242
1059
904
3751
3176
1358
1376
1232
1635
661
628
587
1801
529
520
45720
3676
3785
3893
7155
1211
39421
1209
1197
117533
186
2361
1172
1153
1900
78349
8369
106918
5812
6281
5449
6953
8636
53318
65514
68954
88125
107649
3703
146501
5984
6016
5377
3978
4016
4306
44191
4369
4641
4701
4823
4890
5135
5349
5481
40148
8533
2942
1997
1088
1028
4322
3707
77455
62849
60072
47099
4351
599
5
58559
69640
104841
2082
80551
2641
3257
3275
3300
3301
4069
5219
5507
7373
8861
27904
34405
66097
68319
69526
69712
71057
47640
6985
7361
44555
3030
5618
82461
104283
8972
7458
5445
2968
1955
7478
32892
34162
35957
37729
45950
100365
2174
8623
107999
130682
1199
4467
52319
4911
5909
47465
4388
1131
64957
74458
48711
4189
4612
6683
6986
27255
6754
8865
36401
111
50
232
3948
8464
1260
26662
68358
93040
95441
97938
106696
54290
40614
247
31221
1080
1256
2288
2529
3546
5662
6287
6713
8188
27592
30745
31658
52885
32025
7376
104
4993
2502
8528
61024
76251
78209
741
924
1274
2019
2924
2997
3265
3996
5782
4721
5902
5952
6857
7022
7090
7153
7844
8795
8961
26554
26585
33794
122886
26614
339
1272
97673
96832
96811
96728
96610
96588
96417
95761
95558
95449
95135
94969
94959
94931
91077
90866
90531
90439
97304
97752
106100
97921
105355
105197
103688
103624
103449
103372
103107
102469
102194
101895
101525
101285
99149
99114
98961
98154
97923
90376
90057
89804
89759
80463
79242
78653
78574
78039
74545
74324
73023
72741
72720
72395
72226
72176
1273
72011
71745
71464
80489
81562
81591
86833
89492
89470
89260
88810
88235
88129
87304
86320
81786
85394
83976
82463
82459
82313
81932
81845
105504
106766
70293
143385
141749
140725
140715
140174
139642
139385
137337
134881
134859
134130
133771
133645
132800
132549
132547
132458
131796
142488
144172
106916
146656
111931
82152
66203
47044
138610
164979
164977
163949
163056
161582
161336
160954
158783
156387
155064
148626
148482
128606
128512
128360
128235
113064
112852
112556
112552
112550
112515
112290
112183
112070
111622
111505
111251
111249
110871
107636
107141
106920
114254
114342
114459
122882
127212
127206
127144
127114
127108
123695
123663
118880
114662
118700
117176
116797
116161
115713
115569
115139
71108
72131
69481
6983
8195
8154
8128
7926
7792
7438
7335
7195
6981
5791
6874
6830
6783
6643
6515
6433
6229
5956
8207
8236
8494
8584
41585
40819
40629
39183
38304
37741
34517
26366
26151
26150
25927
25805
8767
8766
8765
8751
8645
5795
5747
42217
2730
3415
3384
3111
3089
2927
2920
2857
2747
2202
5464
2182
2178
2109
1957
1942
1935
1572
1281
3498
3539
3632
3634
5289
5198
5169
4928
4763
4712
4437
4327
4326
4262
4103
3947
3811
3789
3742
3679
3671
41863
31770
45028
55253
58879
58191
57669
56805
56788
56782
45210
56286
56152
56015
55946
55442
55363
55280
55276
60069
60766
61236
64701
67665
67429
67255
67087
66665
64839
64622
61240
64620
64614
63876
63082
61357
61323
55269
56607
55118
48774
52967
52579
52241
51540
50068
55069
49824
48738
53123
48696
48516
47629
47423
47274
46723
46664
53000
49917
53894
54513
53953
54272
55063
55052
54286
54881
66934
6942
6218
260
6863
4018
6350
64969
56367
94777
46970
6539
109487
7161
1210
63131
31878
35836
118997
2068
8874
34321
55247
72998
60684
111624
70286
135518
5971
5299
27611
63992
2424
59725
132046
79132
2571
1265
1721
