2959
1258
27773
4226
5618
778
1729
1732
27592
247
2288
2529
296
1219
47
74458
5608
1079
111
6857
104283
52885
1274
741
55820
48780
3030
2361
67997
79132
68157
26662
1089
56805
51540
52241
54881
55052
52967
56782
56607
56286
53000
53123
56152
53894
55276
54272
55269
55253
54286
54513
56788
55118
47629
46723
47423
30745
1256
31658
58559
1080
41863
45028
5909
45210
6713
48738
48774
48516
49824
49917
48696
60684
69481
71108
71464
71745
72011
72131
67087
72226
72720
70293
73023
78653
66665
72395
608
6350
2542
3947
4437
2178
26366
4712
3498
3671
8207
47274
7792
6229
1272
2109
3384
4928
70286
106473
1704
3546
67665
31878
2730
46578
8874
4467
1200
1120
1042
858
593
5662
2502
1610
4121
96811
97304
97921
97923
98154
98961
96588
99114
99149
101525
96728
95558
95449
95135
94959
94931
954
8125
541
3022
97752
107999
1103
4041
350
52973
8861
2968
79242
81591
78574
67255
82463
81932
81845
82459
81562
74324
78039
74545
80463
80489
44555
111384
1199
2359
47099
55069
55442
4995
77455
34405
7022
3265
2936
96610
96832
2924
3996
7090
7844
3114
4973
62849
318
3793
78499
5971
53318
2692
3809
109249
4326
1172
5747
4103
8128
3811
3679
3111
1273
1957
33794
37729
1197
4262
904
1211
5198
8464
3882
37733
27904
78349
55247
1265
3703
26585
1061
5299
47465
4911
8928
65514
97938
3629
1283
7243
72998
5782
40614
109374
3634
94777
1176
34321
118997
114254
114459
102469
113064
7926
112550
111505
111249
110871
757
127206
101285
94969
52579
4763
132800
133771
53953
161336
128512
117533
3361
52319
4327
3789
64620
8154
61323
914
1209
67429
64839
64701
64622
64614
2857
63082
61357
63876
60069
58879
58191
57669
55063
60766
115617
7458
6539
100365
81786
109487
122882
134859
112515
118880
118700
599
66934
1210
121231
69712
64957
61024
35836
2920
4189
4612
6683
6986
2004
1956
27255
1801
54290
5445
2085
1639
1635
1517
1376
1358
1259
1250
1242
1059
69640
8972
2369
48711
32892
4701
4641
4369
4351
4306
1955
4016
7478
3893
3785
34162
628
35957
45950
3113
3052
150
8623
2396
130682
4388
1131
661
357
587
26554
82461
8188
6754
8865
36401
8528
78209
2997
4890
8961
122886
529
4721
7376
31221
32025
232
3948
68358
93040
95441
106696
7361
6985
47640
71057
377
134853
104841
2082
337
300
246
80551
236
186
2641
3257
5
3300
3301
4069
5219
5507
7373
66097
69526
4823
339
5135
3742
106766
8195
8236
8494
106100
105504
105355
8751
8765
8766
105197
8767
25805
26150
26151
106916
7335
106920
6515
83976
112290
112183
5795
5956
6433
6643
7195
6783
6830
111622
6981
111251
107141
31770
103688
103624
89470
90439
90376
90057
89804
89759
89492
89260
90531
88810
88235
88129
87304
86833
86320
56015
90866
37741
103372
38304
39183
40629
40819
41585
103449
42217
91077
103107
102194
101895
97673
96417
95761
5169
5289
112556
3176
1900
1
158783
6016
156387
155064
148626
4322
1028
146656
1997
144172
8533
45720
143385
8369
106918
160954
82152
5377
111931
5812
6281
6953
8636
66203
161582
88125
47044
138610
163949
163056
3676
112852
85394
1153
127114
128606
1572
132547
1260
133645
1232
117176
2182
116797
146501
116161
134130
134881
115713
115569
137337
139385
140174
115139
114662
114342
141749
5984
142488
3415
128360
64969
46970
7161
63131
2942
3707
68319
2068
39421
6942
4018
260
135518
27611
3751
127108
7155
132046
25927
46664
72176
8584
34517
55946
107636
112070
3539
2747
123663
123695
127144
72741
128235
139642
164979
82313
164977
148482
140725
140715
127212
132549
132458
131796
3949
946
1942
3089
2927
2202
1935
3632
6983
1281
520
2700
924
68954
61236
61240
55363
2424
44191
1088
26614
50
6863
111624
59725
60072
48394
112552
8645
7438
55280
50068
6874
5791
5464
56367
107649
3260
5902
3978
52281
41997
2012
1954
5349
4011
1721
40148
745
6218
44199
2019
2028
2571
76251
215
8795
4993
7153
5952
1291
5064
1036
3994
2174
104
5449
6287
3275
5481
293
306
2330
319
364
588
1245
2677
3246
3499
3916
780
3175
3160
8781
153
434
494
7347
5602
4638
4223
1617
2273
2329
2600
2985
2989
4023
63992
