745
4226
1617
3160
2273
8781
7347
5602
4638
4223
3916
3499
3175
4023
153
780
2329
434
2985
2600
2989
494
106473
4011
3949
44199
2959
5608
1036
3994
48780
5064
1291
26366
7792
3671
6229
4928
4712
8207
3947
47274
4437
3498
2178
3384
1272
2109
79132
2692
2730
1219
2529
6218
293
47
62849
1704
1089
74458
4995
27773
1258
3114
6713
52885
6287
5
67997
2700
1256
58559
30745
31658
186
1729
5662
2288
3546
27592
8188
3052
337
215
1517
529
377
587
628
357
661
904
1059
1242
1259
1358
1376
1635
246
1639
1801
1954
1956
350
2004
2012
2085
2369
2396
520
300
135518
4041
3113
63131
8533
6863
2942
1997
1088
1028
4322
78499
77455
60072
47099
40148
6016
2542
778
45720
64969
117533
3176
954
946
914
757
146501
588
541
364
319
306
53318
39421
7155
5984
3707
1
2361
3361
5812
5377
5349
5135
4890
4823
4701
4641
4369
4351
4306
247
4016
3893
3785
3751
5481
6281
1900
6953
94777
78349
70286
8369
106918
55247
5449
3676
44191
3703
107649
88125
68954
65514
8636
1080
5299
111
27904
7373
5507
5219
4069
3882
3301
3300
3275
3257
2641
2359
1061
80551
2082
104841
8861
34405
5971
37733
3030
44555
7361
6985
47640
46970
71057
69712
69526
68319
68157
66934
66097
60684
48394
69640
8972
7458
5445
2968
1199
130682
111624
107999
8623
2174
100365
45950
37729
35957
34162
32892
7478
1955
4467
4911
5909
6683
52319
121231
109487
260
27255
6986
4612
47465
4189
48711
64957
1131
4388
296
5618
82461
40614
4018
2068
1176
318
232
50
35836
32025
31221
7376
4721
122886
33794
31878
26585
26554
3948
1172
104283
7161
54290
134853
118997
106696
97938
95441
93040
72998
68358
56367
34321
27611
26662
26614
8464
8961
8874
7844
7090
858
593
78209
76251
61024
55820
52973
8528
2502
1103
104
36401
8865
6754
132046
1042
1120
1200
3265
7022
6857
6539
6350
5782
3996
2997
1610
2924
2571
1274
741
4121
3793
1153
599
1197
97752
97304
96832
96811
96728
96610
96588
96417
95761
95558
95449
95135
94969
94959
94931
91077
90866
90531
97673
97921
90376
97923
105504
105355
105197
103688
103624
103449
103372
103107
102469
102194
101895
101525
101285
99149
99114
98961
98154
90439
90057
70293
81562
80463
79242
78653
78574
78039
74545
74324
73023
72741
72720
72395
72226
72176
1209
72011
71745
71464
80489
81591
89804
81786
89759
89492
89470
89260
88810
88235
88129
87304
86833
86320
85394
83976
82463
82459
82313
81932
81845
106100
106766
106916
144172
142488
141749
140725
140715
140174
139642
139385
137337
134881
134859
134130
133771
133645
132800
132549
132547
132458
143385
146656
106920
148482
111931
111384
82152
66203
47044
138610
164979
164977
163949
163056
161582
161336
160954
158783
156387
155064
148626
131796
128606
128512
128360
114254
113064
112852
112556
112552
112550
112515
112290
112183
112070
111622
111505
111251
111249
110871
107636
107141
114342
114459
114662
123663
128235
127212
127206
127144
127114
127108
123695
122882
115139
118880
118700
117176
116797
116161
115713
115569
71108
72131
39183
6874
8125
7926
7438
7335
7243
7195
6983
6981
6830
8154
6783
6643
6515
6433
5956
5795
5791
5747
8128
8195
41863
26150
40819
40629
69481
38304
37741
34517
31770
26151
25927
8236
25805
8767
8766
8765
8751
8645
8584
8494
5464
5289
5198
1942
2857
2747
2677
2330
2202
2182
2028
1957
1935
5169
1572
1283
1281
1273
1260
1245
1232
1211
2920
2927
2936
3022
4763
4327
4326
4262
4103
3811
3789
3742
3679
3634
3632
3629
3539
3415
3246
3111
3089
41585
339
41997
60069
58191
57669
56805
56788
56782
56607
56286
42217
56015
55946
55442
55363
55280
55276
55269
58879
60766
55118
61236
67665
67429
67255
67087
66665
64839
64701
64622
64620
64614
63876
63082
61357
61323
61240
55253
56152
50068
47423
51540
52241
49824
48774
52281
48738
52579
52967
48696
53000
48516
47629
53123
55069
46723
53894
53953
46664
54272
45210
54286
45028
54513
54881
55052
55063
49917
1210
63992
1250
6942
1732
115617
46578
59725
109249
8928
4973
924
1265
1079
2019
150
3260
5902
3978
4993
8795
109374
1721
608
236
7153
5952
3809
2424
