4121
593
1610
1120
1042
858
1200
2273
7347
5602
4638
4223
4023
3916
3499
3175
3160
2989
2985
2600
2329
1617
8781
434
153
780
494
5952
7153
745
8795
4993
44199
2028
1517
1
3114
293
3793
1036
2019
3994
7243
3629
1283
78499
5902
3260
3978
1291
5064
26614
50
319
1245
364
2677
2330
3246
588
306
541
8125
954
3022
1209
4327
914
8154
2857
3789
924
3634
150
2936
599
134853
4011
6539
106473
69640
215
2424
41997
52281
6218
3949
48394
115617
260
1210
5782
105504
2068
2997
26585
40148
106696
3265
7022
63131
60072
1028
94777
7161
26554
7361
46970
132046
64969
1250
4018
6863
122886
70286
107999
72998
27611
109487
68319
2571
135518
3703
34405
111
3546
2288
1256
1080
247
40614
6713
54290
111249
111251
111505
97938
95441
5662
90531
68358
8188
27592
30745
31658
52885
58559
67997
5
186
110871
236
246
300
111622
112070
350
26662
116161
115713
115569
6857
115139
7090
114662
7844
114459
114342
114254
33794
1721
113064
4721
7376
31221
32025
112852
232
1176
112556
112552
112550
3948
112515
112290
8464
112183
337
357
117176
6281
4016
4041
4351
4369
4641
4701
4823
4890
90439
5349
5377
5481
5812
6953
3893
8636
65514
88125
107649
44191
106100
3676
55247
106918
8369
105355
78349
105197
106766
3785
377
1635
520
529
587
628
661
904
1059
1242
107636
1259
1358
1376
107141
1639
3751
1801
1954
1956
2004
2012
2085
2369
2396
2700
3052
3113
106920
106916
116797
3996
2361
118700
47044
104841
2082
80551
2359
2641
3257
3275
3300
3301
3882
4069
5219
5507
7373
8861
27904
37733
138610
60684
63992
66097
68157
164979
69526
69712
71057
164977
47640
8972
7458
5445
2968
1955
7478
32892
34162
35957
37729
45950
100365
111931
2174
8623
130682
1199
4467
52319
4911
5909
47465
4388
1131
48711
4189
4612
6683
6986
27255
82152
66203
6985
163949
44555
128512
139385
137337
134881
134859
134130
133771
133645
132800
132549
132547
132458
131796
128606
128360
140174
128235
127212
127206
127144
127114
127108
741
123695
1274
123663
122882
2924
118880
139642
140715
3030
76251
5618
82461
104283
163056
6754
8865
36401
1103
2502
8528
52973
55820
61024
78209
140725
161582
161336
160954
158783
156387
155064
148626
148482
146656
144172
143385
142488
141749
1900
5135
117533
48774
52579
90866
52241
51540
49917
49824
48738
56286
48696
48516
47629
47423
47274
46723
52967
53000
53123
53894
53953
54272
54286
54513
54881
55052
55063
55118
55253
55269
55276
55946
56015
46664
45210
45028
8767
7792
7926
94959
8128
94931
8195
8207
8236
8494
103688
8584
8751
8765
8766
25805
42217
25927
26150
26151
26366
31770
34517
37741
38304
39183
40629
40819
41585
41863
91077
56152
56607
94969
80489
82313
81932
81845
81786
81591
81562
80463
56782
79242
78653
78574
78039
74545
74324
82459
82463
83976
85394
86320
86833
87304
88129
88235
88810
89260
89470
89492
89759
89804
90057
90376
73023
72741
72720
64701
56788
56805
57669
58191
58879
60069
60766
61323
61357
63082
63876
64614
64620
64622
64839
72395
66665
67087
67255
67429
67665
69481
70293
71108
71464
71745
72011
72131
72176
72226
7335
339
7195
1942
1153
1172
1197
97921
1211
1232
97752
1260
1272
1273
1281
97673
1572
1935
1957
3111
97304
2109
2178
6983
2202
96832
96811
2730
2747
96728
2920
2927
96610
96588
97923
946
98154
757
6016
103624
47099
103449
77455
103372
4322
103107
1088
1997
2942
102469
8533
45720
59725
102194
101895
3176
3707
5984
7155
39421
53318
101525
101285
99149
99114
98961
146501
3089
2182
4103
95449
6830
3742
6783
5169
4928
6515
4763
3679
4712
3811
3947
4437
4262
4326
96417
5198
95135
6229
3384
3415
3498
5795
5956
6981
5747
3671
3539
95761
3632
6433
95558
5289
6643
1061
121231
111384
2542
296
3361
66934
68954
1258
6942
64957
35836
1089
27773
4995
778
1729
118997
34321
56367
74458
109374
61236
61240
62849
1732
46578
55069
55442
6350
55363
93040
1704
8928
2692
47
318
6874
6287
8961
104
5464
8645
5791
5449
7438
4306
55280
50068
79132
31878
5299
2529
5971
1219
8874
1079
1265
48780
109249
3809
111624
608
5608
2959
4226
4973
