5952
7153
8795
4993
2019
54881
56152
55276
55269
55253
55118
55052
54286
54513
56607
54272
53894
53123
53000
51540
56286
56788
56782
52967
52241
56805
58191
58879
60069
60766
55063
61323
63082
63876
64614
64622
64701
64839
67429
61357
64620
57669
5902
3978
3260
61240
61236
55069
55442
41997
52281
48394
1283
7243
3629
924
2028
2329
494
780
1617
2273
8781
4638
7347
2600
2985
4223
4023
5602
3916
3499
434
3175
3160
2989
153
1120
1200
1610
858
4121
1042
593
6539
2571
58559
4995
293
150
3793
1704
61024
56367
3949
47
1036
35836
88125
3994
50068
8645
5464
5791
55280
6874
7438
69640
132046
1721
8972
5349
33794
44191
8125
541
954
3022
5064
1291
5608
1
55247
26614
50
55363
745
6218
2959
2936
5299
2424
1729
778
27611
115617
1219
72998
59725
6942
1199
7155
135518
60072
94777
68954
8874
34321
134853
31878
70286
66097
1210
1258
118997
2068
3114
7161
2288
1079
63131
4973
296
65514
4226
63992
105504
4011
27592
106696
34405
46970
1265
1732
64969
60684
109487
39421
6350
1028
6863
3707
7844
7090
2924
3996
2942
260
66934
107999
1089
3265
7022
52319
7458
111624
55820
130682
3809
69712
64957
8928
109249
109374
5909
4823
5812
4890
6953
5135
5377
5481
4911
6281
4701
4467
82461
4641
4369
1801
1954
1956
1131
2004
4388
2085
2369
2396
2692
2700
3052
3113
3785
3893
4016
4351
47465
3676
2968
35957
4721
4322
122886
1088
34162
6857
32892
8533
45720
7478
1955
26585
26554
3176
8961
6016
37729
5782
45950
32025
107649
1635
5449
106918
8369
31221
8623
78349
7376
1900
2361
2174
117533
100365
1639
1242
1517
5445
3275
3257
2359
80551
2082
104841
93040
5984
111
95441
97938
76251
78209
26662
741
54290
3300
3301
4069
5219
5618
3030
7361
6985
47640
104283
71057
69526
6754
8865
36401
104
2502
27904
5507
40614
247
1376
661
300
337
357
520
529
628
4612
904
1274
4189
1059
48711
5971
1250
1259
1358
246
6683
236
186
1080
8464
1256
27255
3546
5662
6287
6713
8188
2997
232
31658
52885
6986
5
30745
599
53318
99114
102469
102194
101895
101525
101285
99149
98961
103372
98154
97923
97921
97752
97673
97304
103107
103449
112183
107141
111622
111505
111251
111249
110871
107636
106920
103624
106916
106766
106100
105355
105197
103688
96832
96811
96728
87304
89492
89470
89260
88810
88235
88129
86833
96610
86320
85394
83976
82313
81786
72741
89759
89804
90057
90376
90439
90531
90866
91077
94931
94959
94969
95135
95449
95558
95761
96417
96588
112070
112290
56015
140174
144172
143385
142488
141749
140725
140715
139642
148482
139385
137337
134881
134859
134130
133771
146656
148626
112515
164977
111931
82152
66203
47044
138610
164979
163949
155064
163056
161582
161336
160954
158783
156387
133645
132800
132549
114459
116797
116161
115713
115569
115139
114662
114342
132547
114254
113064
112852
112556
112552
112550
117176
118700
118880
122882
123663
123695
127108
127114
127144
127206
127212
128235
128360
128512
128606
131796
132458
72176
339
26151
6983
7335
7792
7926
8128
8154
8195
3671
8207
3111
8236
8494
8584
8751
8765
8766
3089
8767
25805
25927
26150
3789
26366
31770
3634
37741
7195
6981
39183
6830
3947
4103
4262
3632
4326
4327
4437
4712
3539
4763
4928
5169
5198
5289
3498
5747
5795
5956
6229
3415
6433
3384
6515
6643
6783
38304
34517
1273
52579
1942
53953
1935
1572
1281
40629
1272
1260
1232
1211
1209
1197
1172
55946
3742
1153
946
914
3679
757
146501
1957
3811
46664
47274
2109
2747
2857
42217
2920
2927
41585
40819
2202
2182
2178
2730
27773
1176
68157
1061
121231
111384
68319
2641
3361
48780
106473
2542
79132
215
78499
4018
1997
2677
306
588
364
3246
2330
1245
319
8861
318
4306
377
7373
3948
8528
46578
62849
74458
67997
77455
3703
40148
2529
37733
3882
3751
2012
68358
587
8636
44199
608
74324
74545
78039
82463
79242
67255
80463
80489
81562
81591
81845
82459
81932
78574
47099
44555
67665
350
1103
52973
4041
72720
72131
67087
78653
69481
70293
71108
73023
71464
66665
71745
72011
72395
72226
48774
47629
47423
48738
49824
48696
48516
41863
45028
45210
46723
49917
