55442
55069
54286
55253
51540
52241
52967
53000
53123
53894
54272
54513
55052
55118
54881
55269
56805
56152
56286
56782
56788
56607
55276
7438
6874
55280
5464
5791
8645
50068
4226
3996
7090
7844
2924
31878
4973
41997
52281
38304
40819
37741
39183
40629
3949
5608
48394
2396
2202
2927
246
3089
1942
946
6983
6016
3632
45950
1935
8464
6218
55363
2959
3265
7022
6942
1281
25927
46664
2936
55820
67997
72395
72131
66665
67087
73023
72011
69481
70293
71108
71464
71745
78653
72720
72226
56367
2920
1219
65514
5812
4890
1265
111624
5299
8874
47
1704
48780
97673
107141
106920
105197
105355
106916
103372
103624
106766
106100
101895
102194
103107
2692
55247
34321
118997
2529
68157
2359
88125
67665
2028
100365
68954
35836
3809
608
1258
1089
62849
6539
6350
79132
4011
93040
319
306
588
364
2330
3246
1245
2677
2068
109249
115617
3629
7243
1283
5971
63131
1079
4995
46970
105504
27773
66934
215
64969
3176
3893
1120
2997
858
1042
1200
1610
4641
4121
4306
32025
593
3114
106696
8928
64957
66097
4018
6863
7161
5782
6985
61236
61240
1729
778
7361
26554
3793
1732
150
296
8861
106473
293
2542
52319
1028
7458
2424
69712
4701
4823
3882
3301
3300
5349
3275
3257
2641
4369
5481
1061
6281
80551
2082
104841
6953
8636
4069
5219
8972
3113
2012
2085
2369
63992
60684
2700
3052
37733
5507
3361
3751
3785
27904
4041
7373
4351
69640
134853
1956
47465
4911
4467
2968
1199
130682
107999
8623
40148
2174
37729
35957
60072
32892
78499
7478
1955
4322
5909
1
121231
2361
27255
6986
6683
4612
107649
3703
44191
4189
48711
3676
5449
1131
106918
8369
78349
4388
1900
2004
1954
68319
8795
1080
4993
2019
1256
1274
2288
741
3546
5662
78209
6287
6713
8188
76251
27592
52973
8528
6857
26585
97938
33794
95441
1088
68358
26662
26614
54290
3948
1176
318
50
111
31221
7376
4721
122886
247
1721
2502
1103
104
36401
628
661
3030
904
47640
1059
71057
1242
1250
1259
1358
1376
1517
1635
1639
1801
69526
587
529
520
186
30745
31658
52885
58559
8865
6754
5
104283
377
236
82461
5618
300
337
350
357
599
339
1997
95449
89759
89804
90057
90376
90439
90531
90866
91077
94931
94959
95135
95558
89470
95761
96417
96588
96610
96728
96811
96832
97304
97752
97921
97923
89492
89260
55946
81591
67255
72176
72741
74324
74545
78039
78574
79242
80463
80489
81562
81845
88810
81932
82313
82459
82463
83976
85394
2942
86833
87304
88129
88235
98154
98961
99114
158783
140715
140725
141749
142488
143385
144172
146656
148482
148626
155064
156387
160954
99149
161582
163056
163949
164977
164979
138610
47044
66203
82152
111384
111931
140174
139642
139385
137337
101525
103449
103688
107636
112070
115139
115713
123663
123695
127108
127114
127144
127212
128235
128360
128606
131796
132458
132547
132549
133645
134130
134881
56015
86320
8195
6981
7195
7335
7792
3671
8125
8128
3539
3498
8154
4327
8207
8236
8494
3415
8584
8751
8765
3384
8766
3679
6830
25805
3742
4326
4712
4262
4928
4103
5169
5198
5289
5747
5795
5956
6229
6433
3947
3811
6515
6643
3789
6783
8767
4437
26150
914
1232
1211
1209
1197
1172
26151
954
146501
1272
541
53318
39421
7155
5984
3707
8533
1260
1153
1273
31770
42217
3022
1572
41585
2747
34517
2182
2857
3111
47274
2178
1957
2109
26366
745
260
70286
109487
5064
1291
109374
74458
94777
1036
77455
153
780
434
2989
1617
2273
8781
7347
5602
4638
4223
4023
3916
3499
3175
3160
2985
2600
2329
494
59725
135518
2571
117533
3634
27611
1210
2730
34405
134859
122882
81786
232
113064
114254
133771
127206
112550
114459
132800
757
8961
161336
7926
111249
110871
128512
4763
102469
94969
101285
53953
52579
111505
112552
132046
46578
924
61024
40614
3994
5952
7153
44555
111251
47099
5377
45720
5135
5902
3260
3978
4016
118700
112515
118880
114342
111622
112183
112290
112852
112556
114662
115569
117176
116797
116161
72998
44199
63082
55063
57669
58191
58879
60069
60766
61357
61323
67429
64614
64620
64622
64701
64839
63876
45210
49917
41863
47629
48516
45028
48696
48774
48738
46723
47423
49824
34162
5445
