82459
74324
80463
81562
79242
81591
80489
78039
74545
78574
81845
67255
82463
81932
78499
2959
296
1089
1258
68157
1732
858
593
1042
1120
1200
4121
1610
77455
79132
4226
74458
48780
111
924
2361
306
3246
2677
2330
1245
364
588
319
778
1729
260
2542
1210
5952
7153
76251
1080
2502
1
58559
3114
5618
2997
7361
5902
3260
3978
3793
5608
5782
608
1079
33794
2529
2028
46578
215
56367
47
2730
50
47274
68954
4928
8207
2700
1272
1259
2109
2178
3384
3498
3671
3947
4437
4712
6229
1256
7792
26614
26366
26554
1704
4995
93040
4993
8795
62849
1219
3809
48516
45210
45028
46723
41863
49917
47629
47423
49824
48738
48774
48696
106473
150
134853
2019
52973
350
1103
4041
70286
115617
4973
1265
107999
5971
27773
67665
53318
104283
741
6857
52885
1274
1250
55363
2692
52319
35836
6539
5299
78349
55820
7458
55442
55069
67997
122886
68319
3030
71108
71464
66665
67087
78653
69481
70293
73023
72226
71745
72011
72131
72395
72720
44555
2288
109487
109249
293
47099
247
6874
50068
55280
8645
5464
5791
7438
4763
102469
110871
111249
111505
7926
101285
112550
113064
53953
114254
114459
127206
94969
128512
132800
133771
757
161336
52579
132046
8928
2571
8961
60684
111624
109374
3882
37733
27592
8874
2068
26585
81786
26662
122882
134859
31878
118700
118880
112515
52281
41997
6350
55118
56805
56152
54272
56286
56607
55276
54881
55269
56782
55253
56788
54513
53894
54286
51540
53123
53000
52967
55052
52241
34321
2920
69712
64957
7022
3265
118997
3634
27611
69640
135518
7161
7155
55247
48394
1176
63131
117533
66934
46970
61236
61240
64969
39421
6863
94777
105504
3707
106696
2942
1028
48711
3052
1131
47640
104
4189
4612
4388
6683
2369
71057
2085
2012
2004
1956
1954
1801
1639
1635
3113
3785
5909
34162
6281
5812
5481
5377
1955
5135
4823
4701
4641
7478
7090
4369
32892
35957
3361
37729
45950
100365
4351
2174
3996
4016
8623
6985
8865
130682
3893
6986
1517
36401
1376
27255
27904
8188
1061
2359
82461
2641
6713
6287
5662
32025
3546
3948
3257
8528
3275
3300
3301
8464
8861
68358
6953
7373
4069
95441
97938
7844
5507
6754
5219
30745
31658
318
520
1358
69526
1242
1059
904
661
2924
121231
628
587
4721
5445
529
377
80551
7376
337
300
246
31221
8972
236
104841
232
5
66097
2082
78209
186
599
89260
72176
96811
96832
97304
97673
97752
97921
97923
98154
98961
99114
99149
101525
101895
102194
103107
103372
103449
103624
103688
105197
105355
106100
106766
106916
106920
107141
107636
96728
96610
96588
89759
82313
83976
85394
86320
86833
87304
88129
88235
88810
65514
89470
89492
89804
96417
90057
90376
90439
90531
90866
91077
94931
94959
95135
95449
95558
95761
111251
111622
112070
156387
139642
140174
140715
140725
141749
142488
143385
144172
146656
148482
148626
155064
158783
137337
160954
161582
163056
163949
164977
164979
138610
47044
66203
82152
111384
111931
139385
134881
112183
123663
112290
112552
112556
112852
114342
114662
115139
115569
115713
116161
116797
117176
123695
134130
127108
127114
127144
127212
128235
128360
128606
131796
132458
132547
132549
133645
72741
339
6783
5289
3629
3539
8765
3415
3089
8766
3022
8767
25805
25927
2936
26150
2927
2857
2747
2202
2182
1942
1935
8751
3632
3742
7195
5956
6433
6515
6643
5169
6830
6981
6983
4327
8584
3789
7243
7335
8125
8154
8195
8236
8494
1572
1283
26151
40148
42217
46664
1997
55946
56015
1088
4322
60072
6016
40819
1900
8369
106918
5449
3676
44191
107649
88125
1281
41585
40629
541
1260
1232
1209
31770
1153
954
946
914
39183
146501
5984
3176
34517
37741
45720
38304
8533
5795
34405
61024
3703
4011
60069
64614
63876
57669
67429
64839
64701
64622
64620
58879
58191
63082
55063
61357
61323
60766
3949
4018
5349
8636
745
1199
40614
4911
47465
4467
6218
2424
63992
6942
2968
3751
5198
1197
1211
5747
1172
8128
3111
3679
1273
1957
3811
4103
4262
4326
1291
72998
5064
44199
1036
59725
4890
4306
3994
357
2600
434
4023
3916
3499
4223
4638
5602
3175
2329
153
7347
494
8781
780
3160
2989
1617
2985
2273
2396
1721
54290
