1610
593
858
1042
1120
4121
1200
3793
4973
5971
1729
778
2959
5618
1079
2571
2542
1265
608
111624
3809
1732
109249
296
8874
5299
31878
6350
132046
5608
93040
8928
34321
741
6857
52885
1274
104283
56367
118997
46578
109374
35836
3030
1219
2529
27611
247
115617
6539
64957
47
135518
6942
62849
1704
66934
107999
70286
74458
72998
26662
4995
106473
27773
1210
1258
109487
260
337
236
904
4041
4306
4351
661
4369
4641
628
246
587
4701
529
3893
300
520
377
357
350
4016
1242
3785
3751
1801
4823
1635
1956
2004
1517
2012
2085
1376
1358
2369
2396
2700
3052
3113
3114
1259
1250
1639
3361
1059
1954
8636
4890
914
146501
588
541
364
319
306
53318
39421
7155
5984
3707
3176
64969
63131
59725
757
946
8533
954
1942
1935
1572
1283
1281
1273
1272
1260
1245
1232
1211
1209
1197
1172
1153
45720
6863
5135
106918
5449
3676
44191
3703
107649
88125
68954
65514
186
6953
6281
5812
5481
5377
5349
55247
8369
2942
78349
1997
1088
1028
4322
78499
77455
60072
47099
40148
6016
1
117533
2361
1900
94777
215
106696
5
69640
2082
80551
1061
2359
2641
3257
3275
3300
3301
3882
4069
5219
5507
7373
8861
27904
34405
37733
48394
60684
63992
66097
68157
68319
69526
69712
71057
46970
47640
104841
8972
67997
7458
1955
7478
32892
34162
35957
37729
45950
100365
150
2174
8623
130682
1199
2968
4467
4911
5909
47465
4388
1131
48711
4189
4612
6683
6986
27255
121231
52319
5445
6985
7361
44555
82461
318
1176
2068
2424
3948
4018
7161
8464
26614
68358
95441
97938
2028
134853
54290
40614
111
1080
1256
2288
3546
5662
6287
6713
8188
27592
30745
31658
58559
232
50
32025
2997
6754
8865
36401
104
1103
2502
8528
52973
55820
61024
76251
78209
2924
3265
31221
3996
5782
7022
7090
7844
8961
26554
26585
33794
1721
122886
4721
7376
1957
599
2109
90531
97752
97673
97304
96832
96811
96728
96610
96588
96417
95761
95558
95449
95135
94969
94959
94931
91077
97921
97923
98154
103372
106100
105504
105355
105197
103688
103624
103449
103107
98961
102469
102194
101895
101525
101285
99149
99114
90866
90439
106916
90376
81591
81562
80489
80463
79242
78653
78574
78039
74545
74324
73023
72741
72720
72395
72226
72176
72131
81786
2178
81932
88235
90057
89804
89759
89492
89470
89260
88810
88129
82313
87304
86833
86320
85394
83976
82463
82459
106766
106920
71745
131796
143385
142488
141749
140725
140715
140174
139642
139385
137337
134881
134859
134130
133771
133645
132800
132549
132547
144172
146656
148482
164977
111931
111384
82152
66203
47044
138610
164979
163949
148626
163056
161582
161336
160954
158783
156387
155064
132458
128606
107141
128512
114342
114254
113064
112852
112556
112552
112550
112515
112290
112183
112070
111622
111505
111251
111249
110871
107636
114459
114662
115139
123695
128360
128235
127212
127206
127144
127114
127108
123663
115569
122882
118880
118700
117176
116797
116161
115713
72011
81845
71464
6783
8766
8765
8751
8645
8584
8494
8236
8207
8195
8154
8128
8125
7926
7792
7438
7335
7243
7195
6983
6981
6874
8767
25805
25927
41863
47629
47423
47274
46723
46664
45210
45028
42217
41997
41585
26150
40819
40629
39183
38304
37741
34517
31770
26366
26151
6830
6643
48696
6515
3634
3632
3629
3539
3498
3415
3384
3246
3111
3089
3022
2936
2927
2920
2857
2747
2730
2677
2330
2202
2182
3671
3679
3742
5169
6433
6229
5956
5795
5791
5747
5464
5289
5198
4928
3789
4763
4712
4437
4327
4326
4262
4103
3947
3811
71108
48516
339
60069
58191
55946
56805
56788
56782
52281
52579
52967
53000
53123
53894
53953
56607
54272
56286
54286
54513
54881
55052
55063
56152
55069
56015
55118
55253
55269
55276
55280
55363
58879
57669
52241
64701
70293
69481
48738
67665
67429
48774
67255
49824
49917
67087
50068
60766
64839
66665
64622
63082
61236
61240
61323
61357
51540
63876
64614
64620
55442
79132
48780
1089
2692
924
3978
3260
5902
4226
2019
6218
293
3949
8795
4993
7153
5952
4011
5064
1291
745
3994
1036
44199
8781
2600
434
494
780
1617
2273
2329
3160
2985
2989
7347
3175
153
3916
4023
4223
4638
5602
3499
