608
1997
350
52973
1103
4041
745
3175
3160
2989
2985
494
2600
2329
2273
1617
4638
3499
3916
5602
780
339
4223
434
7347
153
4023
8781
2997
2396
1
3114
3809
78499
55820
5782
44199
37733
3882
26554
7361
1079
1036
93040
4890
4973
3994
150
1291
5064
8928
130682
4011
134853
109249
3949
46578
109374
106473
1732
293
6218
115617
2424
47
2178
2330
4712
8207
1272
1245
2109
3384
2677
3246
7792
4437
6229
364
3498
3671
4928
3947
588
26366
319
3052
47274
306
1210
2730
2028
215
1250
132046
70286
72998
122886
107999
260
34405
94777
27611
109487
68319
2571
135518
3703
79132
34321
95441
114459
114662
68358
56367
115139
115569
3546
26662
26614
8464
7161
5299
115713
97938
106696
114342
112556
2288
1729
1256
1219
1089
1080
247
114254
111
40614
54290
112852
118997
113064
4018
116161
2068
6857
8874
8795
7844
7153
7090
7022
6539
118880
6350
5952
5902
122882
4993
3996
8961
26585
1265
35836
116797
1176
318
232
50
117176
32025
31878
31221
7376
4721
118700
1721
33794
2529
5662
123663
3260
4016
3978
3893
3785
3751
3361
112070
4306
3113
112183
2692
112290
2369
2085
111622
4351
1956
5481
68954
65514
96811
6953
6281
5812
5377
4369
5349
5135
111505
4823
4701
4641
2012
1954
6713
67997
300
246
236
112552
186
5
58559
112550
52885
31658
30745
27773
27592
8188
337
357
1801
1242
1639
1635
1376
1358
1259
112515
1059
377
904
661
628
587
529
520
3265
96832
88125
8972
2359
164979
1061
80551
104841
69640
7458
3257
5445
138610
52319
121231
47044
48780
2641
3275
4226
163056
63992
60684
48394
161336
161582
27904
8861
3300
7373
5507
5219
4069
163949
164977
4995
1704
123695
100365
82152
111624
111384
8623
2174
111931
45950
2968
37729
35957
34162
32892
7478
1955
1199
4467
1258
48711
66203
27255
6986
6683
4612
4189
74458
4911
64957
1131
4388
296
47465
5909
66097
66934
68157
134881
3793
132800
133645
133771
134130
134859
137337
132547
139385
139642
1610
140174
1200
1120
132549
132458
160954
127144
2019
1274
924
741
127108
127114
127206
131796
127212
128235
128360
128512
4121
128606
1042
140715
858
44555
156387
104283
82461
5971
5618
3030
158783
140725
6985
47640
46970
71057
69712
69526
6754
8865
36401
155064
2502
8528
148626
148482
61024
76251
78209
146656
144172
143385
142488
593
141749
2924
8636
107649
61357
55276
55269
55253
55118
55069
55063
55052
54881
54513
54286
54272
53953
53894
53123
53000
55280
55363
55442
57669
61240
61236
60766
60069
58879
58191
56805
55946
56788
56782
56607
56286
56152
56015
52967
52579
52281
34517
41585
40819
40629
39183
38304
37741
31770
41997
97673
26151
26150
25927
25805
8767
41863
42217
52241
48696
51540
50068
49917
49824
48774
48738
48516
45028
47629
47423
97304
46723
46664
45210
61323
63082
8765
63876
89759
89492
89470
89260
88810
88235
88129
87304
86833
86320
85394
83976
82463
82459
82313
89804
90057
90376
95449
96728
96610
96588
96417
95761
95558
95135
90439
94969
94959
94931
91077
90866
90531
81932
81845
81786
67255
71464
71108
70293
69481
67665
67429
67087
72011
66665
64839
64701
64622
64620
64614
71745
72131
81591
78039
81562
80489
80463
79242
78653
78574
74545
72176
74324
73023
72741
72720
72395
72226
44191
8766
8751
106766
914
757
146501
105504
541
106100
106916
954
53318
39421
7155
5984
3707
3176
946
1153
103624
1273
8645
1942
1935
1572
1283
1281
105197
1172
1260
105355
1232
1211
1209
1197
64969
63131
59725
110871
2542
778
107636
117533
2361
1900
78349
45720
111249
8369
106918
55247
3676
111251
2959
5608
6016
40148
47099
60072
62849
77455
107141
4322
1028
1088
106920
2942
6863
6942
8533
103688
1957
103449
99114
6783
6643
6515
6433
97923
5956
5795
5791
5747
5464
5289
5198
5169
98154
4763
6830
6874
6981
8128
8584
8494
8236
97752
8195
8154
8125
6983
7926
97921
7438
7335
7243
7195
2182
98961
599
2202
4327
3415
101895
102194
3111
3089
3022
2936
2927
2920
2857
2747
102469
103107
103372
101525
3539
3629
3632
4326
4262
4103
99149
3811
3789
3742
3679
101285
3634
2082
2700
6287
104
3948
5449
3301
2004
1517
