2959
7090
7844
2924
3996
1729
778
2542
4226
319
1245
588
2677
2330
3246
306
364
47
5608
7022
3265
2997
7361
1258
31878
26614
50
296
1089
1274
104283
741
6857
52885
5618
1732
4973
1079
1265
5782
3114
65514
7438
8645
6874
50068
5791
5464
55280
48780
62849
2028
106473
4326
4103
5747
1211
1957
8128
4262
5198
3811
1273
1172
3679
1197
3111
215
8961
3275
6016
1080
318
33794
93040
1219
26554
1210
1704
40148
55363
2692
55069
55442
61236
61240
2529
79132
293
107999
74458
52281
41997
5971
2361
6350
27773
26662
3809
48394
2288
2396
2109
2178
4712
6229
47274
4437
1272
337
26366
3947
7792
3671
3948
8207
4928
3384
5445
3498
60072
5299
68954
27592
2730
608
111624
94777
924
8874
1250
3361
68157
111
4995
88125
150
4890
34321
3030
109249
53318
109374
118997
247
6539
132046
35836
78349
46578
70286
111384
72998
56367
8928
115617
109487
121231
130682
122886
1061
55247
34405
1997
2571
27611
63131
1176
7161
66934
66097
135518
6942
2068
68319
46970
64957
64969
6863
1
357
2174
1259
587
4306
4641
5349
26585
3629
1283
7243
78499
1103
350
52973
4041
69640
3022
8125
541
954
2936
55820
37733
3882
107649
112552
1088
105504
106696
1028
5219
4069
3301
2942
7373
3300
3257
8533
2641
45720
5507
1242
8861
27904
80551
69526
69712
4322
71057
47640
6985
44555
77455
82461
6754
2359
2082
8865
35957
5909
4911
8623
100365
45950
37729
34162
104841
146501
32892
757
7478
1955
914
47465
4388
1131
48711
4189
4612
39421
6683
6986
27255
7155
5984
3707
3176
52319
7458
8972
47099
2502
36401
236
377
300
246
3785
3893
4016
186
1059
4351
5
4369
67997
4701
4823
3113
3052
520
529
628
2369
2085
2004
1956
1954
1801
1639
1635
1376
1358
661
904
58559
31658
5135
97938
8528
61024
76251
78209
4721
7376
31221
32025
232
117533
8464
68358
1900
95441
54290
30745
8369
106918
40614
3676
1256
3546
5662
946
8188
6953
6281
5812
5481
5377
6713
599
1153
95761
101285
99149
99114
98961
98154
97923
97921
97752
97673
97304
96832
96811
96728
96610
96588
101525
101895
102194
106100
110871
107636
107141
106920
106916
106766
105355
102469
105197
103688
103624
103449
103372
103107
96417
95558
111251
95449
87304
86833
86320
85394
83976
82463
82459
82313
81932
81845
81786
81591
81562
80489
80463
88129
88235
88810
90531
95135
94969
94959
94931
91077
90866
90439
89260
90376
90057
1209
89759
89492
89470
111249
111505
78653
132549
144172
143385
142488
141749
140725
140715
140174
139642
139385
137337
134881
134859
134130
133771
133645
146656
148482
148626
164977
111931
82152
66203
47044
138610
164979
163949
155064
163056
161582
161336
160954
158783
156387
132800
132547
111622
132458
115713
115569
115139
114662
114459
114342
114254
113064
112852
112556
112550
112515
112290
112183
112070
116161
116797
117176
127206
131796
128606
128512
128360
128235
127212
127144
118700
127114
127108
123695
123663
122882
118880
79242
89804
78574
55063
46723
46664
45210
45028
42217
41863
41585
34517
31770
26151
26150
25927
25805
8767
8766
8765
8751
47423
47629
48516
53000
78039
54513
54286
54272
53953
53894
53123
52967
48696
52579
52241
51540
49917
49824
48774
48738
8584
8494
8236
2747
3632
3539
3415
3089
2927
2920
2857
2202
3742
2182
1942
1935
1572
1281
1260
1232
3634
3789
8195
6783
8154
7926
7335
7195
6983
6981
6830
6643
4327
6515
6433
5956
5795
5289
5169
4763
55052
54881
56152
64701
64620
64614
63876
63082
61357
61323
60766
60069
58879
58191
57669
56805
56788
56782
56607
56286
56015
55946
55276
64622
64839
55253
66665
74545
74324
73023
72741
72720
72395
72226
72176
72131
72011
71745
71464
71108
70293
69481
67665
67429
67255
67087
55269
339
55118
134853
3703
858
593
1610
1200
1120
1042
4121
4018
60684
2968
5902
3260
3978
260
4467
2424
63992
3793
1517
2012
3751
2700
4011
2019
59725
44191
1199
3949
7153
5952
8795
4993
6218
745
1721
1291
5449
104
6287
5064
3994
1036
44199
8636
5602
8781
7347
780
494
434
1617
3916
4638
2329
4023
3499
3175
3160
2989
2273
2985
4223
2600
153
38304
40629
40819
37741
39183
