4226
2959
5608
47
1219
4262
8128
1172
1197
1211
5747
1273
5198
4326
1957
4103
3111
3679
3811
1245
3246
2677
2330
588
364
306
319
3949
4011
215
1258
1265
293
8795
4993
4973
2692
2028
5464
50068
40629
39183
38304
37741
8645
6874
55280
5791
7438
40819
6539
48780
1704
6218
260
62849
8961
8636
1059
628
1639
337
1635
1259
5377
26614
1242
5445
50
8464
44191
52281
41997
55363
318
55442
55069
4638
2329
2600
2985
2989
3160
8781
3175
3499
3916
7347
1617
4023
4223
5602
2273
780
494
434
153
79132
61240
61236
2019
2529
5299
48394
40148
44199
7161
94777
27773
69640
31878
2068
2288
2542
2571
4995
2361
3809
68954
34321
115617
8874
1199
118997
111624
60684
5812
8623
3996
5
1
2924
1956
5135
7844
7090
132046
1036
5971
745
63131
27592
1283
3629
7243
78499
1732
6350
1089
88125
232
109487
46970
1291
1079
100365
109249
1729
778
954
8125
541
3022
111
56367
64969
117533
74458
134853
27611
78349
109374
70286
65514
111384
1210
2936
3265
7022
135518
121231
53318
122886
130682
3361
1061
55247
107999
1997
105504
106696
66934
8928
35836
46578
68319
1028
66097
296
1176
93040
64957
34405
2202
6683
1153
1080
2730
52319
2747
2920
946
97938
757
7458
146501
8972
104841
2082
80551
68358
7478
2641
3257
3275
1256
2927
27255
48711
2182
1232
37729
2178
2109
35957
45950
95441
54290
2968
4467
4911
1942
1935
1572
5909
1281
47465
34162
4388
1131
3176
1272
1260
32892
5984
45720
3300
76251
3030
82461
104283
6754
8188
8865
36401
104
8528
4369
61024
30745
5449
78209
741
1274
31658
6857
52885
58559
4721
7376
31221
300
3676
44555
3301
5662
32025
8533
3546
4322
4069
77455
5219
60072
5507
7373
8861
68157
3948
69526
69712
71057
6287
47640
1900
6985
6713
26662
8369
106918
47099
339
3089
96832
96728
96610
96588
96417
95761
95558
95449
95135
94969
94959
94931
91077
90866
90531
90439
90376
90057
96811
97304
89759
97673
103688
103624
103449
103372
103107
102469
102194
101895
101525
101285
99149
99114
98961
98154
97923
97921
97752
89804
89492
67429
79242
3384
78039
74545
74324
73023
72741
72720
72395
72226
72176
72131
72011
71745
71464
71108
70293
69481
78653
80463
89470
80489
89260
88810
88235
88129
87304
86833
86320
85394
83976
82463
82459
82313
81932
81845
81786
81591
81562
105197
105355
106100
143385
141749
140725
140715
140174
139642
139385
137337
134881
134859
134130
133771
133645
132800
132549
132547
132458
131796
142488
144172
106766
146656
111931
82152
66203
47044
138610
164979
164977
163949
163056
161582
161336
160954
158783
156387
155064
148626
148482
128606
128512
128360
128235
113064
112852
112556
112550
112515
112290
112183
112070
111622
111505
111251
111249
110871
107636
107141
106920
106916
114254
114342
114459
122882
127212
127206
127144
127114
127108
123695
123663
118880
114662
118700
117176
116797
116161
115713
115569
115139
67665
78574
53894
6983
34517
31770
26366
26151
26150
25927
25805
54881
8767
8766
8765
8751
8584
55052
8494
8236
8207
55063
8195
7926
7335
7195
55118
41585
54513
41863
48696
52241
51540
49917
49824
52967
53000
53123
67255
48774
48738
53953
42217
48516
47629
47423
47274
54272
46723
46664
54286
45210
45028
55253
7792
6981
60766
3742
56607
3671
3632
56782
3539
56788
56805
57669
58191
58879
60069
61323
6830
3498
61357
63082
63876
64614
64620
64622
64701
64839
66665
67087
3415
3947
52579
4437
5795
6783
55269
6643
55276
6515
6433
55946
5956
56015
6229
5289
56152
5169
56286
4928
4763
4712
2396
5618
27904
6863
106473
37733
26554
63992
2997
26585
2942
3707
247
6986
1955
246
5349
4306
3893
529
1954
7361
4641
3052
587
6281
904
6953
4189
4612
5782
5064
39421
67997
1088
150
3114
59725
72998
112552
4018
608
1721
3882
107649
3703
1120
1042
4121
593
1610
1200
858
2359
6016
55820
3994
7155
3793
33794
4823
4701
2424
6942
4041
350
52973
1103
599
5952
7153
3634
40614
1250
2369
2857
2174
3789
236
4327
3751
661
520
1358
2012
1801
914
8154
2085
1209
4890
5481
4351
186
924
377
4016
1517
2502
357
5902
3260
3978
1376
2004
2700
3785
3113
