2959
2600
2273
5602
4638
153
434
494
780
1617
2329
8781
4223
2985
2989
3160
3175
3499
3916
7347
4023
4011
3949
4226
293
44199
296
48780
50068
6874
5791
5464
7438
55280
8645
1729
778
1089
2542
52281
41997
1036
3994
5608
47
745
68157
55363
55442
55069
50
26614
61240
61236
62849
1291
5064
2529
1042
858
1200
593
4121
1120
1610
2028
48394
79132
3679
3111
5445
3811
1
4103
4262
8128
5198
5747
4326
1172
1197
1211
1273
5481
1957
2571
318
1219
319
588
364
1245
2330
2677
306
3246
6218
74458
7243
1283
3629
1079
78499
68954
3793
4993
8795
4995
27773
40148
1704
2692
3022
954
541
8125
60072
215
2019
132046
2936
134853
70286
3361
52319
1732
88125
7458
115617
27611
67997
135518
71464
78653
66665
67087
69481
70293
71108
71745
72011
72131
72226
72395
72720
73023
111384
109487
121231
68319
4701
1517
3948
150
72998
67665
1061
69712
64957
2288
1210
27592
46578
66097
3114
260
2424
130682
350
337
520
529
300
357
44191
377
3703
106473
6713
246
236
47099
117533
30745
1900
94777
31658
52885
58559
8369
106918
5
55247
5449
186
3676
107649
904
65514
1639
4641
1954
1956
4369
2004
2012
2085
2369
4351
4306
2396
4041
4016
3893
3785
3751
3113
1801
1635
587
1376
628
8636
661
6953
6281
5812
5377
3052
5349
5135
4890
1059
1242
4823
1250
1259
1358
8188
32025
6287
5662
2359
2641
3257
3275
3300
3301
3809
3882
4069
5219
5507
7373
8861
8928
27904
34405
37733
60684
63992
66934
69526
71057
46970
47640
6985
7361
44555
3030
5618
80551
2082
104841
2968
1955
7478
32892
34162
35957
37729
45950
100365
2174
8623
107999
111624
1199
4467
69640
4911
5909
47465
4388
1131
48711
4189
4612
6683
6986
27255
608
8972
5971
82461
104283
56367
31221
35836
232
1176
1265
2068
4018
4973
5299
7161
8464
26662
34321
68358
4721
93040
95441
97938
106696
109249
109374
118997
54290
40614
247
1080
1256
3546
7376
122886
6754
2997
8865
36401
104
1103
8528
52973
55820
61024
76251
78209
741
1274
2924
3265
1721
3996
5782
6350
6539
6857
7022
7090
7844
8874
8961
26554
26585
31878
77455
599
4322
96728
97923
97921
97752
97673
97304
96832
96811
96610
98961
96588
96417
95761
95558
95449
95135
94969
98154
99114
107141
103624
106916
106766
106100
105504
105355
105197
103688
103449
99149
103372
103107
102469
102194
101895
101525
101285
94959
94931
91077
80463
82313
81932
81845
81786
81591
81562
80489
79242
90866
78574
78039
74545
74324
72741
1028
67429
82459
82463
83976
85394
90531
90439
90376
90057
89804
89759
89492
89470
89260
88810
88235
88129
87304
86833
86320
106920
107636
64839
137337
142488
141749
140725
140715
140174
139642
139385
134881
144172
134859
134130
133771
133645
132800
132549
132547
143385
146656
110871
163949
111931
82152
66203
47044
138610
164979
164977
163056
148482
161582
161336
160954
158783
156387
155064
148626
132458
131796
128606
112550
114459
114342
114254
113064
112852
112556
112552
112515
128512
112290
112183
112070
111622
111505
111251
111249
114662
115139
115569
115713
128360
128235
127212
127206
127144
127114
127108
123695
123663
122882
118880
118700
117176
116797
116161
67255
72176
64701
4327
5795
5289
5169
4928
4763
4712
4437
3947
8765
3789
3742
3671
3634
3632
3539
3498
5956
6229
6433
6515
8584
8494
8236
64622
8195
8154
7926
7792
7335
7195
6983
6981
6830
6783
6643
3415
3384
3089
946
757
146501
39421
7155
5984
3707
3176
64969
63131
59725
45720
8533
6863
2942
1088
914
1153
2927
1209
2920
2857
2747
2730
2202
2182
2178
2109
1942
1935
1572
1281
1272
1260
1232
8751
8207
8766
52579
55946
55276
55269
55253
55118
55063
55052
54881
54513
54286
54272
8767
53894
53123
53000
56015
56152
56286
60766
64620
64614
63876
63082
61357
61323
60069
56607
58879
58191
57669
56805
56788
56782
52967
53953
52241
37741
42217
41863
41585
40629
39183
38304
34517
45210
31770
26366
26151
26150
25927
25805
45028
40819
46664
48696
51540
49917
49824
48774
46723
48738
339
47423
47629
48516
47274
78349
1258
5952
7153
53318
111
2361
1997
2700
2502
3978
5902
3260
6942
33794
924
6016
