5952
7153
3978
5902
3260
924
4993
8795
78499
74324
74545
78039
78574
80463
67255
80489
81562
81591
81932
82459
82463
81845
79242
1200
4121
593
858
1042
1610
1120
55820
54881
54513
56805
55118
52967
55052
54286
54272
52241
53000
53894
51540
53123
55253
55269
55276
56152
56286
56607
56782
56788
2019
608
296
41863
49917
48696
46723
47423
47629
48516
45028
48738
48774
49824
45210
1
111
4641
6016
27773
1103
4041
350
52973
7022
3265
26585
5782
47
1265
77455
68157
35836
3809
2288
44555
8961
37741
58559
3052
40629
40819
38304
1358
39183
7361
5618
1079
6942
47099
4973
111384
56367
3793
2361
55247
55442
55069
109487
27592
1258
134853
115617
37733
3882
778
1729
5971
74458
7844
2924
7090
3996
31878
2997
1732
5299
1089
88125
247
109374
7155
73023
72720
72395
72226
71108
70293
72131
72011
71745
66665
71464
67087
69481
78653
109249
33794
318
34321
2068
8874
8928
46578
26554
2542
118997
94777
67665
6857
104283
52885
1274
741
93040
1061
65514
52319
63131
7458
6350
130682
260
111624
3030
4306
2700
300
8636
6539
70286
1997
46970
67997
64969
107999
7161
122886
39421
66097
4018
6863
26662
69712
64957
3707
106473
2942
59725
3361
1210
121231
68319
3703
2012
1639
1635
2085
1801
1517
1376
1954
1956
1259
2004
4351
2369
106918
78349
1900
117533
40148
4322
1028
1088
8533
45720
3176
5984
53318
541
146501
757
8369
3676
2396
107649
3113
3114
3751
3785
3893
4016
1059
4369
4701
4823
4890
5135
5377
5812
6281
1250
599
904
3300
69640
104841
2082
80551
2359
2641
3257
3275
3301
661
4069
5219
5507
7373
8861
27904
34405
63992
8972
27255
6986
6683
1955
7478
32892
35957
37729
45950
100365
150
2174
8623
4911
5909
47465
1131
48711
4189
4612
69526
71057
47640
54290
1256
3546
5662
6713
8188
30745
31658
5
186
236
246
357
377
520
529
587
628
1080
106696
6985
97938
82461
6754
8865
36401
2502
78209
1721
4721
7376
31221
32025
232
2424
3948
8464
946
95441
914
339
954
99149
103107
102469
102194
101895
101525
101285
99114
103449
98961
98154
97923
97921
97752
97673
103372
103624
112183
107141
111622
111505
111251
111249
110871
107636
106920
103688
106916
106766
106100
105504
105355
105197
97304
96832
96811
88129
89759
89492
89470
89260
88810
88235
87304
96728
86833
86320
85394
83976
82313
81786
89804
1153
90376
90439
90531
90866
91077
94931
94959
94969
95135
95449
95558
95761
96417
96588
96610
112070
112290
72176
140174
144172
143385
142488
141749
140725
140715
139642
148482
139385
137337
134881
134859
134130
133771
146656
148626
112515
164977
111931
82152
66203
47044
138610
164979
163949
155064
163056
161582
161336
160954
158783
156387
133645
132800
132549
114459
116797
116161
115713
115569
115139
114662
114342
132547
114254
113064
112852
112556
112552
112550
117176
118700
118880
122882
123663
123695
127108
127114
127144
127206
127212
128235
128360
128512
128606
131796
132458
72741
90057
2178
6981
1935
4928
1572
1283
4763
7926
8125
8128
8154
4712
8195
8207
8236
8494
1281
8584
4437
8751
8765
8766
8767
5169
1942
1957
2747
6983
7195
7243
6830
7335
6783
6643
6515
2730
6433
7792
2202
2182
6229
5956
2109
5795
5747
5289
5198
25805
25927
26150
1211
2920
1273
3632
1272
1260
3629
3539
1232
3498
3415
26151
3384
3111
3089
3022
2936
1209
2927
1197
1172
56015
3634
55946
3671
4327
26366
31770
34517
4326
41585
4262
42217
46664
47274
4103
2857
52579
53953
3947
3811
3789
3742
3679
2959
1036
135518
27611
215
2028
132046
4995
44199
2677
2330
3246
306
319
1245
588
364
1219
62849
72998
60684
44191
2571
1176
2968
60072
2529
48394
6218
5608
4467
2692
40614
1704
1199
5445
68358
8528
5349
76251
48780
50
26614
41997
52281
3949
1291
5064
66934
79132
55363
337
34162
745
4011
293
55280
50068
6874
8645
5791
5464
7438
68954
3994
4226
5481
61024
153
5602
8781
4638
4223
4023
3916
3499
3175
3160
2989
2985
2600
2329
2273
1617
780
494
434
7347
1242
4388
6953
6287
5449
104
61240
61236
67429
63876
64614
64620
64622
64701
64839
63082
61323
55063
60766
60069
58879
58191
57669
61357
