296
50
300
26614
1729
778
2959
2542
1079
106473
3114
745
1089
1732
111
904
1
608
246
661
599
68157
293
26585
78499
1209
914
3789
8154
2857
4327
52973
350
4041
1103
8494
95761
132547
96417
103449
5956
103688
7022
3265
3634
5782
96610
96832
111251
2361
3809
55820
37733
3882
4973
1258
8928
117533
46578
109374
134853
115617
1211
2396
236
2692
2700
3052
3113
1232
3260
2369
1245
1935
215
3361
3751
2085
3785
186
3893
5
67997
3978
58559
52885
4016
1197
2028
1801
1957
1259
1572
1283
1281
357
377
520
529
587
1273
1272
1059
1358
2012
1942
4306
1376
1260
1517
1635
1639
337
1954
1956
2004
53318
4890
4351
4369
146501
588
541
364
5608
6016
40148
47099
60072
62849
77455
4322
1028
1088
1997
2942
6863
319
8533
45720
63131
64969
3176
3707
5984
306
7155
757
946
1900
6953
4641
4701
4823
39421
5135
5349
5377
5481
5812
1172
1153
6281
8636
78349
65514
68954
30745
88125
107649
44191
954
3676
5449
55247
106918
8369
31658
54290
27773
2359
4069
3301
3300
3275
3257
2641
1061
5507
80551
2082
104841
69640
8972
7458
5219
7373
5971
71057
3030
44555
7361
6985
47640
46970
69712
8861
69526
66934
66097
60684
48394
27904
5445
52319
121231
100365
2968
1199
130682
111624
8623
2174
45950
48780
37729
35957
34162
32892
7478
1955
4467
4911
5909
47465
4388
1131
64957
74458
48711
4189
4612
6683
6986
27255
1704
4226
4995
5618
82461
27592
5299
68358
56367
34321
26662
8464
7161
4018
95441
3948
1265
1176
318
232
47
93040
97938
104283
2288
8188
6713
6287
5662
3546
2529
1256
106696
1219
1080
247
40614
2178
118997
35836
32025
31221
76251
2997
2924
1274
924
741
78209
61024
7376
8528
2502
104
36401
8865
6754
3996
4993
5902
5952
6350
6539
6857
7090
7153
7844
8795
8874
8961
26554
31878
33794
4721
2109
339
2182
95449
97752
97673
97304
96811
96728
96588
95558
95135
97923
94969
94959
94931
91077
90866
90531
90439
97921
98154
71464
103372
106916
106766
106100
105504
105355
105197
103624
103107
98961
102469
102194
101895
101525
101285
99149
99114
90376
90057
89804
74324
80489
80463
79242
78653
78574
78039
74545
73023
89759
72741
72720
72395
72226
72176
72131
72011
81562
81591
81786
81845
89492
89470
89260
88810
88235
88129
87304
86833
86320
85394
83976
82463
2202
82313
81932
106920
107141
107636
139642
144172
143385
142488
141749
140725
140715
140174
139385
132458
137337
134881
134859
134130
133771
133645
132800
146656
148482
148626
155064
111931
111384
82152
66203
47044
138610
164979
164977
163949
163056
161582
161336
160954
158783
156387
132549
131796
110871
112552
114662
114459
114342
114254
113064
112852
112556
112550
128606
112515
112290
112183
112070
111622
111505
111249
115139
115569
115713
116161
128512
128360
128235
127212
127206
127144
127114
127108
123695
123663
122882
118880
118700
117176
116797
71745
82459
71108
5747
70293
48738
5791
48696
48516
47629
47423
47274
46723
46664
45210
45028
42217
41997
41863
48774
5464
41585
5289
3632
3671
6643
3742
3811
3947
4103
4262
4326
4437
4712
4763
4928
5169
5198
5795
40819
3539
8645
8236
8207
8195
8128
8125
7926
7792
7438
7335
7243
7195
6983
6981
6874
6830
8584
8751
40629
6515
39183
38304
37741
34517
31770
26366
26151
26150
25927
6229
25805
8767
8766
6433
8765
3629
3679
3498
60766
58879
58191
57669
56805
2730
56788
2747
56782
56607
56286
56152
56015
55946
2920
55442
55363
3415
60069
61236
2936
61240
69481
67665
67429
67255
67087
66665
64839
64701
64622
64620
64614
2330
63876
63082
61357
61323
2677
2927
55280
3022
53953
3384
3246
3111
49824
49917
50068
3089
51540
52241
52281
52579
52967
53000
53123
53894
6783
54881
55276
55269
55253
55118
54286
55069
55063
55052
54513
54272
109249
3793
4121
858
593
1610
1200
1120
1042
79132
2068
2019
94777
1250
34405
3703
135518
2571
68319
109487
27611
6218
72998
107999
70286
63992
1036
122886
3949
6942
4011
5064
1291
132046
3994
59725
150
628
1242
2424
44199
8781
7347
153
434
5602
780
1617
2273
4638
4223
4023
3916
3499
3175
3160
2989
2985
2600
2329
494
1721
1210
260
