260
1210
132046
1250
122886
70286
107999
72998
27611
109487
68319
2571
135518
3703
34405
94777
2019
2068
79132
134853
109249
115617
377
520
1517
1376
1358
1259
34162
1242
1059
350
904
1639
661
357
628
587
529
1635
4467
1801
300
3785
3751
3361
3114
3113
3052
2700
2692
2396
2369
2085
2012
2004
1956
1954
337
236
246
4016
1219
1089
247
111
40614
54290
118997
109374
106696
97938
95441
93040
35957
68358
56367
1256
2288
2529
31658
215
186
5
67997
58559
52885
30745
3546
27773
27592
8188
6713
6287
5662
3893
4041
34321
8533
7155
5984
3707
3176
64969
63131
45720
6863
60072
2942
1997
1088
1028
4322
78499
77455
39421
53318
306
319
1245
1232
1211
1209
1197
1172
1153
954
946
914
757
146501
588
541
364
62849
47099
4306
5377
68954
65514
8636
6953
6281
5812
5481
5349
40148
5135
4890
4823
4701
4641
4369
4351
88125
107649
32892
44191
6016
5608
1
117533
2361
1900
1955
78349
7478
8369
106918
55247
5449
3676
106473
46578
37729
4911
48394
69712
69526
111624
68157
66934
66097
60684
37733
3882
130682
27904
8928
8861
7373
5507
5219
71057
46970
47640
6985
8528
2502
1103
104
36401
8865
6754
8623
104283
82461
5971
5618
3030
44555
7361
4069
3809
55820
4612
4226
1704
1258
2968
27255
6986
6683
4189
3301
48711
74458
64957
1131
4388
47465
5909
4995
48780
1199
121231
3300
3275
3257
2641
2359
1061
80551
2082
104841
69640
8972
7458
5445
608
52319
52973
61024
26662
8795
4721
100365
31878
26585
26554
8961
8874
7844
3265
7090
7022
6857
6539
6350
5782
4993
7376
31221
32025
35836
26614
8464
7161
5299
4973
4018
3948
1272
1265
45950
1176
318
232
50
47
3996
2997
76251
1291
3160
2989
2985
2600
2329
2273
1617
1036
2924
780
745
494
434
293
153
78209
3175
3499
3916
3949
150
2174
1274
741
44199
8781
7347
6218
5602
5064
4638
4223
4023
4011
3994
1260
599
1273
95135
96811
96728
96610
96588
96417
95761
95558
95449
94969
89759
94959
94931
91077
90866
90531
90439
90376
90057
96832
97304
97673
97752
105197
103688
103624
103449
103372
103107
102469
102194
101895
101525
101285
99149
99114
98961
98154
97923
97921
89804
89492
67255
72226
78574
78039
74545
74324
73023
72741
72720
72395
72176
89470
72131
1281
71745
71464
71108
70293
69481
67665
78653
79242
80463
80489
89260
88810
88235
88129
87304
86833
86320
85394
83976
82463
82459
82313
81932
81845
81786
81591
81562
105355
105504
106100
134881
142488
141749
140725
140715
140174
139642
139385
137337
134859
106766
134130
133771
133645
132800
132549
132547
132458
131796
143385
144172
146656
148482
111931
111384
82152
66203
47044
138610
164979
164977
163949
163056
161582
161336
160954
158783
156387
155064
148626
128606
128512
128360
114254
112852
112556
112552
112550
112515
112290
112183
112070
111622
111505
111251
111249
110871
107636
107141
106920
106916
113064
114342
128235
114459
127212
127206
127144
127114
127108
123695
123663
122882
118880
118700
117176
116797
116161
115713
115569
115139
114662
67429
72011
67087
37741
7335
7243
7195
6983
6981
6874
6830
6783
6643
6515
6433
6229
5956
5795
5791
5747
5464
5289
5198
7438
7792
7926
8765
31770
26366
66665
26150
25927
25805
8767
8766
8751
8125
8645
8584
8494
8236
8207
8195
8154
8128
5169
4928
4763
2202
2936
2927
2920
2857
2747
2730
2677
2330
2182
3089
2178
2109
2028
1957
1942
1935
1572
1283
3022
3111
4712
3742
4437
4327
4326
4262
4103
3947
3811
3789
3679
3246
3671
3634
3632
3629
3539
3498
3415
3384
34517
26151
38304
53953
56286
56152
56015
55946
55442
55363
55280
55276
55269
55253
55118
55069
39183
55052
54881
54513
54286
56607
56782
56788
61357
64839
64701
64622
64620
64614
63876
63082
61323
56805
61240
61236
60766
60069
58879
58191
57669
54272
55063
53894
48774
48696
48516
53123
47423
47274
46723
46664
45210
45028
42217
41997
41863
41585
40819
40629
48738
47629
339
51540
49824
53000
49917
52281
52579
50068
52241
52967
63992
6942
2424
59725
7153
5952
33794
3793
3978
3260
5902
1120
593
1080
4121
1610
924
1042
1721
1200
858
1732
296
1079
2542
2959
778
1729
