608
2019
1283
1250
3629
904
7243
1219
2028
1103
52973
350
4041
954
8125
3022
541
4993
8795
5608
52281
41997
2936
7153
5952
3809
55820
2959
48394
1210
37733
3882
3949
1079
4973
4226
1704
8928
46578
109374
47
1732
1258
2012
587
3052
2700
2692
628
2396
2369
2085
661
1376
1358
1059
1956
1242
1954
1801
1639
1259
1635
1517
2004
135518
529
1729
6713
6287
5662
3546
2529
2288
1256
27592
1089
1080
247
40614
54290
106696
8188
27773
520
236
377
357
337
300
246
3114
215
30745
186
5
67997
58559
52885
31658
3113
4351
3260
4322
45720
8533
6942
2942
1997
1088
1028
78499
3361
77455
62849
60072
47099
40148
6016
2542
59725
3176
3707
5984
1209
1197
1172
1153
946
914
757
146501
588
364
319
306
53318
39421
7155
778
1
117533
5812
5377
5349
5135
4890
4823
4701
4641
4369
95441
4306
4016
3978
3893
3785
3751
5481
6281
1900
6953
78349
70286
8369
106918
55247
5449
3676
106473
44191
3703
107649
88125
68954
65514
8636
97938
2424
93040
3275
8861
7373
5507
5219
4069
3301
3300
3257
7458
2641
2359
1061
80551
2082
104841
69640
27904
34405
60684
63992
82461
5971
5618
3030
44555
7361
6985
47640
71057
69712
69526
68319
68157
66934
66097
8972
5445
72998
2174
4467
2968
1199
130682
111624
107999
8623
150
52319
100365
45950
37729
35957
34162
32892
7478
4911
5909
47465
296
121231
109487
79132
48780
4995
27255
6986
6683
4612
4189
48711
74458
64957
1131
4388
104283
132046
6754
7022
31878
26585
26554
8961
8874
7844
7090
6857
8865
5902
5782
3996
3265
2997
2924
2571
33794
1721
122886
4721
68358
56367
27611
26662
26614
8464
3948
1232
1176
318
232
50
32025
31221
7376
1274
924
741
2273
1291
1036
780
745
494
434
293
153
78209
76251
61024
8528
2502
104
36401
1617
2329
44199
2600
8781
7347
5602
5064
4638
4223
4023
4011
3994
3916
3499
3175
3160
2989
2985
1211
599
1245
95449
96832
96811
96728
96610
96588
96417
95761
95558
95135
67665
94969
94959
94931
91077
90866
90531
90439
90376
97304
97673
97752
97921
105355
105197
103688
103624
103449
103372
103107
102469
102194
101895
101525
101285
99149
99114
98961
98154
97923
90057
89804
89759
80463
78653
78574
78039
74545
74324
73023
72741
72720
72395
72226
72176
72131
72011
1260
71464
71108
70293
79242
80489
89492
81562
89470
89260
88810
88235
88129
87304
86833
86320
85394
83976
82463
82459
82313
81932
81845
81786
81591
105504
106100
106766
144172
142488
141749
140725
140715
140174
139642
139385
137337
134881
134859
134130
133771
133645
132800
132549
132547
132458
143385
146656
128606
148482
111931
111384
82152
66203
47044
138610
164979
164977
163949
163056
161582
161336
160954
158783
156387
155064
148626
131796
128512
106916
114342
113064
112852
112556
112552
112550
112515
112290
112183
112070
111622
111505
111251
111249
110871
107636
107141
106920
114254
114459
128360
114662
128235
127212
127206
127144
127114
127108
123695
123663
122882
118880
118700
117176
116797
116161
115713
115569
115139
69481
71745
38304
41585
7926
7792
7438
7335
7195
6983
6981
6874
6830
6783
6643
6515
6433
6229
5956
5795
5791
5747
5464
8128
8154
8195
25927
40629
39183
37741
34517
31770
26366
26151
26150
25805
8207
8767
8766
8765
8751
8645
8584
8494
8236
5289
5198
5169
2182
2927
2920
2857
2747
2730
2677
2330
2202
2178
3111
2109
1957
1942
1935
1572
1281
1273
1272
3089
3246
4928
3811
4763
4712
4437
4327
4326
4262
4103
3947
3789
3384
3742
3679
3671
3634
3632
3539
3498
3415
40819
339
41863
55363
54513
63876
54881
55052
55063
55069
63082
55118
55253
55269
55276
61357
55280
42217
55442
61236
55946
56015
56152
56286
56607
56782
56788
56805
57669
61323
61240
58191
58879
60069
54286
54272
53953
53894
45028
45210
67429
46664
46723
47274
47423
47629
67255
48516
48696
67087
48738
66665
64839
64701
64622
48774
64620
49824
49917
50068
51540
52241
52579
52967
53000
53123
64614
60766
260
2361
1955
111
109249
6539
1265
35836
6863
4018
118997
6350
34321
64969
6218
94777
46970
7161
5299
63131
134853
115617
2068
3793
1200
1120
1042
858
593
4121
1610
