319
1245
588
306
3246
2677
364
2330
296
150
232
2028
215
293
3114
1729
778
1
246
5377
1089
2424
78499
68157
2959
97938
2542
1079
134853
115617
1732
64957
8188
30745
27592
27773
186
5
67997
58559
31658
52885
300
236
6287
1376
1358
1259
1250
1242
1059
904
628
587
529
520
377
357
350
337
6713
247
5662
3546
46578
34321
27611
26662
26614
8464
7161
5299
4973
4018
3948
2068
1265
1210
1176
56367
68358
72998
111
2529
2288
1256
1219
1080
1635
40614
93040
54290
118997
109374
109249
106696
95441
1517
2700
1639
1900
60072
47099
40148
6016
5608
117533
2361
94777
77455
78349
70286
8369
106918
55247
5449
3676
62849
4322
1801
63131
53318
39421
7155
5984
3707
3176
64969
59725
1028
45720
8533
6942
6863
2942
1997
1088
106473
44191
3703
3052
3978
3893
3785
3751
3361
3260
3113
2692
107649
2396
2369
2085
2012
2004
1956
1954
4016
4041
4306
4351
88125
68954
65514
8636
6953
6281
5812
5481
5349
5135
4890
4823
4701
4641
4369
318
135518
50
3300
8861
7373
5507
5219
4069
3882
3809
3301
3275
104283
3257
2641
2359
1061
80551
2082
104841
69640
8928
27904
34405
37733
5971
5618
3030
44555
7361
6985
47640
46970
71057
69712
69526
68319
66934
66097
63992
60684
48394
8972
7458
5445
47465
4911
4467
2968
1199
130682
111624
107999
8623
2174
100365
45950
37729
35957
34162
32892
7478
1955
5909
4388
608
1131
52319
121231
109487
79132
48780
4995
4226
1704
1258
260
27255
6986
6683
4612
4189
48711
74458
82461
132046
47
2019
5902
5782
4993
3996
3265
2997
2924
2571
1274
6754
924
741
44199
8781
7347
6218
5602
5064
5952
6350
6539
6857
35836
31221
7376
4721
122886
1721
33794
31878
26585
26554
8961
8874
8795
7844
7153
7090
7022
4638
4223
4121
1036
780
745
593
494
434
153
78209
76251
61024
55820
52973
8528
2502
1103
104
36401
8865
858
1042
4023
1120
4011
3994
3949
3916
3793
3499
3175
3160
2989
2985
2600
2329
2273
1617
1610
1291
1200
32025
599
541
95135
96811
96728
96610
96588
96417
95761
95558
95449
94969
89759
94959
94931
91077
90866
90531
90439
90376
90057
96832
97304
97673
97752
105197
103688
103624
103449
103372
103107
102469
102194
101895
101525
101285
99149
99114
98961
98154
97923
97921
89804
89492
67255
72226
78574
78039
74545
74324
73023
72741
72720
72395
72176
89470
72131
72011
71745
71464
71108
70293
69481
67665
78653
79242
80463
80489
89260
88810
88235
88129
87304
86833
86320
85394
83976
82463
82459
82313
81932
81845
81786
81591
81562
105355
105504
106100
134881
142488
141749
140725
140715
140174
139642
139385
137337
134859
106766
134130
133771
133645
132800
132549
132547
132458
131796
143385
144172
146656
148482
111931
111384
82152
66203
47044
138610
164979
164977
163949
163056
161582
161336
160954
158783
156387
155064
148626
128606
128512
128360
114254
112852
112556
112552
112550
112515
112290
112183
112070
111622
111505
111251
111249
110871
107636
107141
106920
106916
113064
114342
128235
114459
127212
127206
127144
127114
127108
123695
123663
122882
118880
118700
117176
116797
116161
115713
115569
115139
114662
67429
67087
146501
4928
5956
5795
5791
5747
5464
5289
5198
5169
4763
3742
4712
4437
4327
4326
4262
4103
3947
3811
6229
6433
6515
6643
8236
8207
8195
8154
8128
8125
7926
7792
7438
7335
7243
7195
6983
6981
6874
6830
6783
3789
3679
66665
1232
1942
1935
1572
1283
1281
1273
1272
1260
1211
3671
1209
1197
1172
1153
954
946
914
757
1957
2109
2178
2182
3634
3632
3629
3539
3498
3415
3384
3111
3089
3022
2936
2927
2920
2857
2747
2730
2202
8494
8584
8645
55253
56152
56015
55946
55442
55363
55280
55276
55269
55118
8751
55069
55063
55052
54881
54513
54286
54272
53953
56286
56607
56782
56788
64839
64701
64622
64620
64614
63876
63082
61357
61323
61240
61236
60766
60069
58879
58191
57669
56805
53894
53123
53000
52967
41863
41585
40819
40629
39183
38304
37741
34517
31770
26366
26151
26150
25927
25805
8767
8766
8765
41997
42217
45028
45210
52579
52281
52241
51540
50068
49917
49824
48774
339
48738
48696
48516
47629
47423
47274
46723
46664
661
