79132
109487
296
318
26614
50
293
1089
132046
2571
2959
27773
778
1729
48780
4226
60684
3361
68157
111384
2542
27611
95135
112552
94931
94959
99149
95449
99114
97752
98961
101525
98154
97923
95558
97921
97304
96811
96728
96588
81932
82459
82463
81845
81591
81562
80489
80463
79242
78574
78039
74324
74545
67255
135518
1265
2692
74458
1061
1210
2529
121231
70286
4011
122886
1704
72998
1079
94777
96832
96610
62849
1176
78499
77455
4995
47
260
1732
117176
116797
112556
116161
115569
114662
114342
112852
112290
112183
111622
2288
97938
112515
118880
118700
2174
27592
111251
6863
1088
247
117533
1258
109374
71057
357
350
337
300
246
236
215
186
5
67997
58559
52885
377
529
520
30745
587
628
661
904
1059
1242
1250
1259
1358
1376
1517
1635
1639
31658
8188
111624
40614
34321
56367
68358
4388
93040
95441
47465
106696
109249
115617
118997
134853
54290
111
130682
5909
1080
4911
1219
1256
4467
2968
1199
3546
5662
6287
6713
1954
1801
1956
26662
8636
68954
88125
107649
3703
44191
106473
3676
5449
55247
106918
8369
150
78349
100365
1900
2361
1
45950
37729
35957
5608
6016
40148
60072
34162
32892
7478
1955
4322
65514
6953
2004
6281
2012
2085
2369
2396
107999
2700
3052
3113
3114
3260
8623
3751
3785
3893
3978
4016
4041
4306
4351
4369
4641
4701
4823
4890
5135
5349
5377
5481
5812
1131
64957
69712
2082
61024
76251
78209
153
3882
3809
3301
3300
3275
434
3257
2641
2359
80551
494
8464
104841
69640
8972
7458
593
745
780
858
1036
1042
1120
1200
1291
1610
55820
52973
8528
2502
69526
68319
66934
46970
66097
63992
48394
37733
34405
27904
47640
6985
8928
8861
7373
7361
5507
5219
3030
5618
5971
82461
104283
4069
6754
8865
36401
104
1103
1617
2273
2329
6539
7022
7090
7844
8874
8961
26554
26585
31878
33794
1721
4721
7376
31221
32025
35836
27255
6986
232
6683
4612
4189
48711
2068
2424
3948
4018
4973
5299
7161
6857
6350
2600
5902
2985
5445
2989
3160
3175
3499
3793
3916
3949
3994
608
4023
4121
4223
1028
5064
5602
6218
7347
8781
741
924
1274
52319
2924
2997
3265
3996
5782
4638
599
1997
72395
72176
72131
72011
71745
71464
71108
70293
69481
67665
67429
67087
66665
64839
64701
64622
72226
72720
64614
72741
89492
89470
89260
88810
88235
88129
87304
86833
86320
85394
83976
82313
81786
78653
73023
64620
63876
89804
55442
55280
55276
55269
55253
55118
55069
2942
55063
55052
54881
54513
54286
54272
53953
53894
55363
55946
63082
56015
61357
61323
61240
61236
60766
60069
58879
58191
57669
56805
56788
56782
56607
56286
56152
89759
90057
53000
146656
143385
142488
141749
140725
140715
140174
139642
139385
137337
134881
134859
134130
133771
133645
132800
144172
148482
132547
148626
111931
82152
66203
47044
138610
164979
164977
163949
163056
161582
161336
160954
158783
156387
155064
132549
132458
90376
112550
111505
111249
110871
107636
103688
103449
102469
101285
96417
95761
94969
91077
90866
90531
90439
112070
113064
131796
114254
128606
128512
128360
128235
127212
127206
127144
127114
127108
123695
123663
122882
115713
115139
114459
53123
339
52967
2857
3246
3111
3089
3022
2936
2927
2920
2747
1957
2730
2677
2330
2202
2182
2178
2109
3384
3415
3498
3539
4712
4437
4327
4326
4262
4103
52579
3811
3789
3742
3679
3671
3634
3632
3629
2028
1942
4928
5984
541
364
319
306
53318
39421
7155
3707
1935
3176
64969
63131
59725
45720
8533
6942
588
146501
757
914
1572
1283
1281
1273
1272
1260
1245
1232
1211
1209
1197
1172
1153
954
946
4763
3947
5169
7926
26150
25927
25805
8767
8766
8765
8751
5198
8584
8494
8236
8207
8195
8154
8128
26151
26366
31770
42217
52281
52241
51540
50068
47274
46664
41997
34517
41585
40819
40629
39183
38304
37741
8125
8645
7792
6874
5289
5464
5747
5791
5795
5956
6229
7438
6515
6643
6783
6830
6433
7335
7243
7195
6983
6981
46578
105504
47099
44555
2019
5952
7153
44199
47423
47629
48516
105197
48696
48738
46723
49824
49917
48774
45210
107141
103624
4993
45028
106920
41863
106916
106766
97673
106100
101895
102194
103107
103372
105355
8795
