593
858
1042
1120
1200
1610
4121
132547
103688
103449
5464
5791
5956
6874
7438
8494
8645
50068
55280
96417
95761
55363
55069
55442
96832
96610
111251
61240
61236
599
2997
5445
1376
2369
2700
2502
5377
608
3994
40614
1210
52281
41997
68954
5782
4041
52973
1103
350
117533
3793
3809
26554
7361
93040
1265
72998
48394
74458
55820
780
5602
4638
2329
3499
3175
3160
2989
4023
2985
4223
2600
3916
2273
1617
7347
153
434
494
8781
1250
37733
3978
3260
5902
232
109374
3882
1079
44199
5971
8928
79132
5952
7153
1036
745
70286
111624
60684
5064
1291
4011
55247
1732
109249
34405
3949
132046
6942
122886
107999
27611
4973
109487
68319
2571
135518
3703
94959
1089
111505
111249
95441
97938
106696
110871
107636
54290
107141
111
247
106920
1080
1219
111622
1256
2288
2529
3546
5662
6713
8188
27592
30745
31658
52885
58559
67997
68358
26662
186
1721
3996
4993
114254
113064
112852
6857
7022
7090
112556
7844
8795
8961
26585
112550
26614
4721
7376
31221
32025
47
50
112515
1176
112290
112183
2424
112070
8464
5
236
6016
65514
4016
103372
4306
4351
4369
4701
4823
5135
94931
5812
6281
6953
8636
102469
3751
88125
44191
106473
3676
102194
106918
8369
101895
78349
1900
2361
101525
1
103624
105197
246
106766
300
337
106916
357
377
520
529
587
628
661
904
1059
1242
1358
3114
106100
1517
1635
1639
1801
1954
1956
2004
2085
105504
2692
105355
3052
3265
114342
2924
163949
164979
7458
8972
69640
104841
2082
80551
164977
2359
2641
3257
3275
3301
163056
52319
4069
5219
5507
7373
8861
161582
27904
161336
160954
158783
156387
63992
66097
138610
47044
155064
4388
1955
7478
32892
34162
35957
37729
45950
100365
150
8623
111931
130682
5909
1131
66203
64957
82152
48711
4189
4612
6683
6986
27255
1258
1704
4226
4995
48780
68157
69526
114459
127108
133645
132800
132549
132458
131796
128606
128512
128360
128235
127212
127206
127144
127114
123695
134130
123663
122882
118880
118700
117176
116797
116161
115713
115569
115139
114662
741
1274
133771
134859
69712
36401
71057
47640
6985
148626
44555
3030
5618
148482
82461
104283
146656
6754
8865
144172
134881
143385
8528
142488
141749
61024
76251
78209
140725
140715
140174
139642
139385
137337
5608
103107
40148
52579
54272
53953
53894
53123
53000
52967
96811
54513
52241
51540
97304
49917
49824
48774
54286
54881
48696
95558
56607
56286
56152
56015
55946
95449
96588
55052
55276
55269
55253
55118
96728
55063
48738
48516
56788
8765
26151
26150
25927
25805
8767
8766
8751
31770
8584
97921
8236
8207
8195
8154
26366
34517
47629
42217
47423
47274
46723
46664
45210
45028
97673
37741
41863
41585
40819
40629
39183
38304
56782
56805
7926
81786
83976
82463
82459
82313
81932
81845
81591
86320
81562
80489
80463
79242
78653
78574
85394
86833
74545
89804
91077
90866
90531
90439
90376
90057
89759
87304
89492
89470
89260
88810
88235
88129
78039
74324
57669
61357
64701
64622
64620
64614
63876
63082
61323
66665
94969
95135
60766
60069
58879
58191
64839
67087
73023
72011
72741
72720
72395
72226
72176
72131
71745
67255
71464
71108
70293
69481
67665
67429
8128
97752
7792
1211
1260
1272
1273
1281
1572
1935
1942
1957
2109
2178
2182
2730
2747
2857
2920
2927
3089
3111
3384
3415
3498
3539
3632
3634
3671
1232
1209
3742
1197
47099
60072
62849
77455
78499
4322
1028
1997
2942
101285
8533
45720
59725
3176
3707
5984
7155
39421
53318
146501
757
914
946
1153
1172
3679
2202
3789
4928
5198
5289
99149
5747
99114
5795
98961
6229
6433
6515
6643
6783
6830
98154
6981
6983
7195
7335
97923
5169
339
4326
4763
3947
4103
4262
4327
4437
4712
3811
27773
1061
296
121231
1088
111384
2542
112552
2959
107649
3361
1729
778
2396
134853
2174
318
3113
1259
3785
4890
5349
5481
3948
3300
6218
2019
66934
293
94777
4018
6863
6350
64969
56367
46578
46970
6539
215
63131
31878
35836
924
118997
2936
8874
34321
33794
2068
2330
2677
319
306
364
588
3246
1245
8125
954
3022
541
115617
260
7243
1283
3629
1199
4641
3893
2028
7161
4467
47465
4911
5299
2968
6287
2012
5449
104
