2600
7347
3916
4638
3499
3175
3160
2989
2985
2329
2273
1617
5602
4223
4023
153
780
8781
494
434
44199
1036
3994
1
5449
6287
104
745
1291
5064
4011
78499
3949
6218
293
134853
115617
599
1259
1358
1242
1376
1517
1635
1639
1801
1954
1956
1250
661
1059
1080
5662
3546
2529
2288
1729
1256
1219
1089
1079
8188
247
111
40614
54290
118997
109374
106696
97938
6713
27592
904
300
2012
587
529
520
377
357
350
337
246
27773
236
215
186
67997
58559
52885
31658
30745
2004
2369
2085
93040
45720
8533
6942
6863
2942
1997
1088
1028
4322
77455
62849
60072
47099
40148
6016
5608
2959
2542
778
59725
63131
64969
588
1197
1172
1153
954
946
914
757
146501
541
3176
364
319
306
53318
39421
7155
5984
3707
117533
2361
1900
3785
4641
4369
4351
4306
4041
4016
3978
3893
3751
4823
3361
3260
3114
3113
3052
2700
2692
2396
4701
4890
94777
88125
78349
8369
106918
55247
3676
106473
44191
107649
68954
5135
65514
8636
6953
6281
5812
5481
5377
5349
95441
232
68358
4069
3809
3301
3300
3275
3257
2641
2359
1732
1061
80551
2082
104841
69640
8972
7458
3882
5219
608
5507
71057
69712
69526
68157
66934
66097
63992
60684
48394
37733
34405
27904
8928
8861
7373
5445
52319
47640
5909
4467
2968
1199
130682
111624
2174
150
100365
45950
37729
35957
34162
32892
7478
1955
4911
47465
121231
296
48780
4995
4226
1704
1258
27255
6986
6683
4612
4189
48711
74458
64957
1131
4388
46970
6985
56367
32025
7376
4721
1721
33794
31878
26585
26554
8961
8874
8795
7844
7153
7090
7022
6857
31221
35836
6350
47
46578
34321
26662
26614
8464
5299
4973
4018
3948
2424
1265
1176
318
1211
50
6539
5952
7361
78209
61024
55820
52973
8528
2502
1103
36401
8865
6754
104283
82461
5971
5618
3030
44555
76251
593
5902
858
5782
4993
3996
3265
2997
2924
1274
924
741
4121
3793
1610
1200
1120
1042
1209
339
1232
94969
96728
96610
96588
96417
95761
95558
95449
95135
94959
89492
94931
91077
90866
90531
90439
90376
90057
89804
96811
96832
97304
97673
103688
103624
103449
103372
103107
102469
102194
101895
101525
101285
99149
99114
98961
98154
97923
97921
97752
89759
89470
105355
72176
78039
74545
74324
73023
72741
72720
72395
72226
72131
89260
72011
71745
71464
71108
70293
1245
67665
67429
78574
78653
79242
80463
88810
88235
88129
87304
86833
86320
85394
83976
82463
82459
82313
81932
81845
81786
81591
81562
80489
105197
105504
67087
134881
142488
141749
140725
140715
140174
139642
139385
137337
134859
128512
134130
133771
133645
132800
132549
132547
132458
131796
143385
144172
146656
148482
111931
111384
82152
66203
47044
138610
164979
164977
163949
163056
161582
161336
160954
158783
156387
155064
148626
128606
128360
106100
111622
112852
112556
112552
112550
112515
112290
112183
112070
111505
128235
111251
111249
110871
107636
107141
106920
106916
106766
113064
114254
114342
114459
127212
127206
127144
127114
127108
123695
123663
122882
118880
118700
117176
116797
116161
115713
115569
115139
114662
67255
69481
8765
5747
7792
7438
2028
7335
7243
7195
6983
6981
6874
6830
6783
6643
6515
6433
6229
5956
5795
7926
8125
8128
66665
26366
26151
26150
25927
25805
8767
8766
1957
8154
8751
8645
8584
8494
8236
8207
8195
5791
5464
34517
5289
3539
2178
3498
3415
3384
3246
3111
3089
3022
2936
2927
2920
2857
2747
2730
2677
2330
3629
3632
3634
4326
5198
5169
4928
4763
4712
4437
4327
4262
3671
4103
3947
3811
3789
3742
3679
2109
2182
31770
37741
55063
56805
56788
56782
56607
56286
56152
56015
55946
55442
55363
55280
55276
55269
1283
1572
55253
38304
57669
58191
58879
63876
1260
64839
64701
64622
1272
64620
64614
1273
60069
63082
61357
1281
61323
61240
61236
60766
55069
55118
55052
54881
48696
48516
1942
47629
47423
47274
46723
46664
45210
45028
42217
41997
41863
41585
40819
40629
39183
48738
48774
1935
52967
54513
54286
54272
53953
53894
53123
53000
2202
52579
52281
52241
51540
50068
49917
49824
79132
72998
70286
109249
3703
135518
2571
68319
109487
27611
107999
122886
2068
132046
2019
1210
7161
260
8623
628
5
