293
318
150
1245
3246
588
2677
364
319
306
2330
50
26614
60072
2028
215
3114
3361
2273
1617
153
780
494
434
2600
4223
4638
5602
7347
8781
2329
4023
3916
3499
3175
2985
3160
2989
1042
1
377
593
4121
858
1120
1200
1610
47
2424
78499
111384
44199
121231
4011
1036
3994
1061
3793
745
3949
27773
1291
5064
134853
6218
2288
88125
115617
5608
27592
4226
1258
130682
48394
1219
2529
1997
48780
62849
1704
66097
74458
4995
79132
2004
2085
2012
135518
1956
6287
5
67997
58559
52885
31658
30745
8188
6713
5662
1954
3546
1256
1080
247
111
40614
54290
118997
186
236
246
300
1801
1639
1635
1517
1376
1358
1259
1250
1242
1059
904
661
628
529
520
357
337
350
2396
2369
2361
4322
77455
47099
40148
6016
117533
1900
109249
94777
78349
70286
8369
106918
55247
1028
1088
2942
6863
6942
8533
45720
59725
63131
64969
3176
3707
5984
7155
39421
53318
541
5449
3676
106473
4641
2692
2700
3052
3113
3260
3751
3785
3893
3978
4016
4041
4306
4351
4369
4701
44191
4823
4890
5135
5349
5377
5481
5812
6281
6953
8636
65514
68954
107649
3703
109374
32025
106696
3301
7373
5507
5219
4069
3882
3809
3300
8928
3275
3257
2641
2359
80551
2082
8861
27904
69640
71057
3030
44555
7361
6985
47640
46970
69712
34405
69526
68319
66934
63992
60684
37733
104841
8972
97938
100365
2968
1199
111624
107999
8623
2174
45950
4911
37729
35957
34162
32892
7478
1955
4467
5909
7458
6986
5445
608
52319
109487
260
27255
6683
47465
4612
4189
48711
64957
1131
4388
5618
5971
82461
4721
1176
232
35836
757
31221
7376
122886
1265
1721
33794
31878
26585
26554
8961
1210
2068
104283
34321
95441
93040
72998
68358
56367
46578
27611
3948
26662
8464
7161
5299
4973
4018
8874
8795
7844
8528
741
78209
76251
61024
55820
52973
2502
7153
1103
104
36401
8865
6754
132046
924
1274
2019
2571
2924
2997
3265
3996
4993
5782
5902
5952
6350
6539
6857
7022
7090
146501
599
914
94959
96610
96588
96417
95761
95558
95449
95135
94969
94931
89470
91077
90866
90531
90439
90376
90057
89804
89759
96728
96811
96832
97304
103624
103449
103372
103107
102469
102194
101895
101525
101285
99149
99114
98961
98154
97923
97921
97752
97673
89492
89260
105197
72131
74545
74324
73023
72741
72720
72395
72226
72176
72011
88810
71745
71464
71108
70293
69481
67665
67429
67255
78039
78574
78653
79242
88235
88129
87304
86833
86320
85394
83976
82463
82459
82313
81932
81845
81786
81591
81562
80489
80463
103688
105355
66665
134859
141749
140725
140715
140174
139642
139385
137337
134881
134130
128360
133771
133645
132800
132549
132547
132458
131796
128606
142488
143385
144172
146656
111931
82152
66203
47044
138610
164979
164977
163949
163056
161582
161336
160954
158783
156387
155064
148626
148482
128512
128235
105504
111505
112556
112552
112550
112515
112290
112183
112070
111622
111251
127212
111249
110871
107636
107141
106920
106916
106766
106100
112852
113064
114254
114342
127206
127144
127114
127108
123695
123663
122882
118880
118700
117176
116797
116161
115713
115569
115139
114662
114459
946
67087
64839
5198
6433
6229
5956
5795
5791
5747
5464
5289
5169
8751
4928
4763
4712
4437
4327
4326
4262
4103
6515
6643
6783
6830
8584
64701
8236
8207
8195
8154
8128
8125
7926
7792
7438
7335
7243
7195
6983
6981
6874
3947
3811
3789
2182
2109
1957
1942
1935
1572
1283
1281
1273
1272
1260
1232
1211
1209
1197
1172
1153
954
2178
2202
3742
2730
3679
3671
3634
3632
3629
3539
3498
3415
3384
3111
3089
3022
2936
2927
2920
2857
2747
8645
8494
8765
56152
55946
55442
55363
55280
55276
55269
55253
55118
55069
55063
55052
54881
54513
54286
54272
53953
8766
56015
56286
53123
56607
64622
64620
64614
63876
63082
61357
61323
61240
61236
60766
60069
58879
58191
57669
56805
56788
56782
53894
339
53000
46723
45210
45028
42217
41997
41863
41585
40819
40629
39183
38304
37741
34517
31770
26366
26151
26150
25927
25805
8767
52967
46664
47274
48774
50068
49917
52241
47423
49824
52281
48738
48696
48516
47629
52579
51540
1732
2959
1079
2542
68157
1089
778
1729
296
587
