4262
8128
4326
4103
3811
3679
3111
5198
5747
1172
1197
1211
1273
1957
4993
8795
260
6016
4226
5952
7153
2959
2019
2542
593
4121
858
1200
1120
1042
1610
296
1732
1729
778
3751
1089
4011
5608
3793
48780
62849
79132
1079
40148
1210
3703
2692
1219
2529
3949
4018
2571
47
132046
1258
4973
1704
74458
7438
55280
50068
8645
6874
5791
1242
5464
2361
4995
68157
608
55363
27611
55069
55442
3809
109249
122886
61240
61236
2068
5902
3978
3260
46578
53318
107999
70286
135518
72998
109487
27773
111
68319
924
8928
68954
134853
1250
115617
109374
111624
1265
8874
5299
5971
31878
34405
93040
94777
34321
6350
56367
118997
6218
35836
6539
64957
66934
27255
4306
7458
6986
5445
4823
3893
52319
4016
4641
3785
4369
4351
4041
8972
3113
104841
236
246
300
337
350
357
377
520
529
628
661
904
1059
1358
3052
1376
1517
1639
1801
1954
1956
2004
2012
69640
2085
2369
2396
5349
4890
4189
5481
2942
2174
100365
45950
47099
60072
37729
77455
78499
4322
35957
1028
1088
1997
6863
5812
34162
8533
45720
63131
64969
32892
3176
7478
1955
3707
5984
7155
39421
8623
130682
1
117533
6683
4612
5
6281
48711
6953
8636
65514
88125
107649
1131
4388
47465
5909
44191
106473
4911
3676
5449
55247
106918
8369
4467
78349
1900
2968
1199
186
104
67997
3499
3916
3030
3994
44555
4023
7361
4223
4638
5064
5602
7347
8781
44199
741
1274
6985
47640
2924
2997
3265
3996
46970
5782
71057
69712
5618
3175
7022
3160
2502
8528
52973
55820
61024
76251
78209
153
434
494
36401
745
780
8865
1036
6754
104283
82461
1291
1617
2273
2329
2600
2985
2989
6857
7090
58559
106696
4069
3882
3301
54290
40614
3300
247
3275
1080
3257
2641
1256
2359
2288
80551
3546
1103
6287
6713
8188
2082
27592
30745
31658
52885
5219
97938
69526
95441
7844
8961
26554
26585
33794
4721
7376
31221
32025
66097
50
1176
60684
146501
37733
3948
27904
7161
8464
26614
26662
8861
7373
5507
68358
5662
599
71108
97304
96811
96728
96610
96588
96417
95761
95558
95449
95135
94969
94959
94931
91077
90866
90531
90439
90376
96832
97673
89804
97752
105197
103688
103624
103449
103372
103107
102469
102194
101895
101525
101285
99149
99114
98961
98154
97923
97921
90057
89759
105504
80463
78653
78574
78039
74545
74324
73023
72741
72720
72395
72226
72176
72131
72011
71745
71464
70293
69481
79242
80489
89492
81562
89470
89260
88810
88235
88129
87304
86833
86320
85394
83976
82463
82459
82313
81932
81845
81786
81591
105355
106100
67429
143385
141749
140725
140715
140174
139642
139385
137337
134881
134859
134130
133771
133645
132800
132549
132547
132458
131796
142488
144172
128512
146656
111931
82152
66203
47044
138610
164979
164977
163949
163056
161582
161336
160954
158783
156387
155064
148626
148482
128606
128360
106766
114254
112852
112556
112552
112550
112515
112290
112183
112070
111622
111505
111251
111249
110871
107636
107141
106920
106916
113064
114342
128235
114459
127212
127206
127144
127114
127108
123695
123663
122882
118880
118700
117176
116797
116161
115713
115569
115139
114662
67665
339
8494
7792
8207
1260
8195
8154
1272
7926
7335
1209
1281
7195
6983
6981
1572
6830
8236
8584
8751
8765
8766
8767
25805
25927
26150
26151
26366
1232
31770
34517
37741
2857
39183
1935
6783
6643
3789
2927
2747
2730
3089
2202
3384
3415
3498
3539
2182
3632
3634
3671
3742
3947
1942
4327
4437
4712
4763
4928
5169
5289
5795
5956
2178
6229
2109
6433
6515
40629
38304
40819
56152
57669
56805
56788
56782
56607
56286
56015
58879
55946
55276
55269
55253
55118
55063
58191
60069
54881
64701
67255
67087
66665
64839
757
914
64622
60766
64620
64614
63876
63082
61357
61323
41585
55052
54513
48774
41863
1153
42217
45028
45210
46664
46723
47274
47423
47629
48516
54286
48738
48696
2920
53894
49917
51540
52241
946
54272
52579
53953
49824
52967
53000
53123
1061
121231
111384
3361
3114
293
318
150
1635
232
48394
215
6942
2936
52281
41997
63992
364
319
306
1245
588
2677
2330
3246
8125
3022
541
954
2424
59725
5377
4701
1259
1283
3629
7243
2028
5135
587
2700
1721
