4121
1042
1610
1200
593
858
1120
2028
6229
3384
4928
4712
4437
3947
7792
47274
26366
3671
3498
8207
2109
2178
1272
319
364
306
588
2677
2330
3246
1245
3793
260
2730
1997
1080
58559
3629
7243
1283
2959
47
1704
5608
1957
1273
8128
5747
1211
4326
5198
3811
3111
3679
1197
4103
4262
1172
52281
41997
215
1210
1219
4995
8795
4993
7153
5952
8125
541
3022
954
1258
4226
296
2019
1250
48394
1089
2571
2936
7438
2700
3948
1517
55280
4306
104
50068
5449
3751
6874
6287
5791
5464
8645
2174
318
79132
132046
1729
778
1265
2542
26585
48780
55363
130682
3260
3978
5902
2529
74458
7022
3265
5782
68157
3703
27773
2288
27611
2361
62849
70286
72998
924
135518
27592
122886
68954
109487
4018
107999
3361
107649
88125
1732
68319
111
112552
2068
55069
55442
5971
78349
1176
111384
1088
1079
121231
53318
2692
6863
111624
60684
1061
34405
8874
31878
94777
66097
5299
34321
118997
35836
66934
6539
4973
60072
3257
77455
4322
2641
1028
6016
2359
69712
40148
106918
3275
3300
3301
4069
5219
69526
8369
7373
8861
117533
27904
80551
1900
44191
3676
5507
7376
2082
37729
47465
5909
4911
4467
2968
1199
8623
100365
45950
146501
104841
757
914
35957
946
34162
32892
7478
1153
1955
4388
1131
39421
64957
2942
69640
8972
7458
5445
52319
8636
8533
45720
27255
6986
3176
3707
6683
5984
4612
7155
4189
48711
65514
4823
6953
76251
3546
1274
741
6713
8188
78209
30745
31658
52885
67997
2997
5
186
8528
236
246
300
337
357
520
2924
3996
6281
68358
32025
4721
50
232
33794
26554
8464
26614
26662
7844
1256
93040
95441
97938
106696
54290
40614
247
7090
6857
529
628
661
47640
5618
3030
3785
3893
7361
4016
6985
4351
4369
4641
904
4701
31221
4890
5135
71057
5349
5377
5481
5812
82461
3113
3052
104283
1059
1242
2502
1259
1358
36401
8865
1376
6754
1635
1639
1801
1954
1956
2004
2012
2085
2369
2396
5662
599
1209
101525
99149
99114
98961
98154
97923
97921
97752
97673
97304
96832
96811
96728
96610
96588
96417
101285
101895
95558
102194
107636
107141
106920
106916
106766
106100
105504
105355
105197
103688
103624
103449
103372
103107
102469
95761
95449
78039
87304
86320
85394
83976
82463
82459
82313
81932
81845
81786
81591
81562
80489
80463
79242
78653
86833
88129
95135
1232
94969
94959
94931
91077
90866
90531
90439
90376
90057
89804
89759
89492
89470
89260
88810
110871
111249
111251
146656
143385
142488
141749
140725
140715
140174
139642
139385
137337
134881
134859
134130
133771
133645
132800
144172
148482
111505
148626
111931
82152
66203
47044
138610
164979
164977
163949
163056
161582
161336
160954
158783
156387
155064
132549
132547
132458
131796
115569
115139
114662
114459
114342
114254
113064
112852
112556
112550
112515
112290
112183
112070
111622
115713
116161
116797
127144
128606
128512
128360
128235
127212
127206
127114
117176
127108
123695
123663
122882
118880
118700
78574
88235
74545
55946
6830
6981
6983
7195
7335
7926
8154
8195
8236
8494
8584
8751
8765
8766
8767
25805
25927
26150
26151
31770
34517
41585
42217
46664
52579
6783
6643
6515
3089
1260
1281
1572
1935
1942
2182
2202
2747
2857
2920
2927
3415
6433
3539
3632
3634
3742
3789
4327
4763
5169
5289
5795
5956
53953
339
56015
71108
71745
70293
69481
72011
72131
72176
72226
67665
72395
72720
72741
73023
67255
67087
74324
66665
71464
6350
64969
7161
109374
63131
109249
55247
115617
3809
56367
6942
8928
134853
63992
37733
3882
106473
59725
46578
293
47099
44555
52973
4041
1103
350
55820
78499
2424
46970
54513
56782
41863
55276
56788
55269
55253
56805
1721
587
55118
54881
55052
377
45210
8961
1
45028
54286
56607
56286
52241
51540
49917
53000
49824
48774
53123
46723
48738
53894
56152
48696
54272
48516
47629
47423
52967
608
61024
61236
61240
3949
150
3114
6218
1291
4011
1036
5064
58879
64622
67429
55063
64839
64701
64620
61357
60069
64614
63876
57669
63082
58191
61323
60766
3994
37741
40629
38304
39183
40819
745
44199
5602
494
7347
8781
4638
4223
3916
4023
434
153
3499
3175
3160
2989
2985
780
2329
2273
1617
2600
