112852
112290
117176
116797
116161
115569
114662
114342
111622
112556
112183
31658
26662
6350
118700
112515
118880
5618
1036
1291
111251
5971
293
2989
3160
153
494
780
434
1617
2273
2329
2600
2985
3916
4223
3175
8781
7347
5602
4638
3499
4023
2028
1283
7243
3629
3022
8125
954
541
48394
318
26585
44199
104283
741
1274
52885
6857
2936
112552
3994
7022
3265
745
5782
117533
52281
41997
5064
4011
60072
88125
50
26614
3949
6218
1210
109374
5791
6874
7438
5464
8645
55280
50068
364
306
3246
319
1245
588
2330
2677
107999
1250
3361
55363
106473
4973
55069
55442
1265
61236
61240
3030
247
94777
97938
215
111384
121231
66097
47
1061
63131
68954
5299
34405
7161
46970
27773
64969
34321
118997
4018
6863
35836
6539
3893
3260
3114
64957
3751
3113
1131
3785
4388
78209
3978
4016
4041
4306
2700
4351
4369
4641
4701
4823
4890
3052
74458
2692
5349
520
529
587
628
661
904
1059
1242
6986
1259
6683
1358
1376
1517
1635
1639
1801
1954
4612
1956
2004
4189
2012
48711
2085
2369
2396
5135
6281
5377
37729
150
2959
5608
6016
40148
100365
47099
45950
62849
77455
78499
4322
1028
5481
1088
1997
2942
35957
34162
32892
7478
1955
6942
8533
45720
59725
2542
778
1
2174
5812
357
6953
8636
296
65514
47465
107649
5909
44191
4911
4467
2968
3676
5449
55247
106918
8369
1199
130682
78349
111624
1900
2361
8623
377
27255
350
232
8861
3996
4993
7373
5902
5952
5507
5219
4069
7090
7153
7844
8795
8874
8961
26554
3882
31878
33794
1721
4721
7376
31221
32025
3809
2997
2924
8928
44555
61024
55820
52973
8528
2502
1103
104
36401
8865
6754
82461
7361
924
6985
47640
71057
69712
69526
68157
66934
63992
60684
37733
27904
3301
1176
337
3300
1219
1256
1729
48780
2288
2529
4995
3546
5662
6287
6713
8188
27592
30745
4226
1704
58559
67997
5
186
1258
76251
236
246
300
1089
1080
1079
68358
3275
3257
2641
2424
3948
2359
8464
1732
80551
46578
56367
2082
52319
69640
8972
93040
95441
7458
106696
5445
608
54290
40614
111
599
339
3176
90057
94959
94931
91077
90866
90531
90439
90376
89804
95135
89759
89492
89470
89260
88810
88235
88129
94969
95449
101525
97673
99149
99114
98961
98154
97923
97921
97752
97304
95558
96832
96811
96728
96610
96588
96417
95761
87304
86833
86320
71464
72720
72395
72226
72176
72131
72011
71745
71108
85394
70293
3707
67665
67429
67255
67087
66665
72741
73023
74324
74545
83976
82463
82459
82313
81932
81845
81786
81591
81562
80489
80463
79242
78653
78574
78039
101285
101895
64701
137337
142488
141749
140725
140715
140174
139642
139385
134881
144172
134859
134130
133771
133645
132800
132549
132547
143385
146656
102194
163949
111931
82152
66203
47044
138610
164979
164977
163056
148482
161582
161336
160954
158783
156387
155064
148626
132458
131796
128606
105504
110871
107636
107141
106920
106916
106766
106100
105355
128512
105197
103688
103624
103449
103372
103107
102469
111249
111505
112070
112550
128360
128235
127212
127206
127144
127114
127108
123695
123663
122882
115713
115139
114459
114254
113064
64839
69481
64622
6433
5956
5795
5747
5289
5198
5169
4928
4763
4712
4437
4327
4326
4262
4103
3947
3811
3789
6229
6515
3679
6643
8765
64620
8584
8494
8236
8207
8195
8154
8128
7926
7792
7335
7195
6983
6981
6830
6783
3742
3671
8767
1572
1273
1272
1260
1232
1211
1209
1197
1172
1153
946
914
757
146501
53318
39421
7155
5984
1281
1935
3634
1942
3632
3539
3498
3415
3384
3111
3089
2927
2920
2857
2747
2730
2202
2182
2178
2109
1957
8766
8751
53894
58879
49917
56788
52241
52579
52967
53000
60766
60069
53123
25805
53953
54272
54286
54513
54881
48774
55052
58191
55063
57669
55118
55253
55269
55276
55946
56015
56152
56286
56805
56607
49824
51540
48738
38304
48696
41863
41585
40819
40629
39183
37741
64614
34517
31770
26366
26151
26150
25927
42217
56782
63082
46664
61323
47629
46723
61357
48516
47423
47274
63876
45210
45028
3703
68319
122886
115617
2068
109249
134853
109487
72998
70286
2019
135518
27611
79132
3793
132046
4121
1610
1200
1120
1042
858
593
260
104841
2571
