318
296
3361
778
1729
111384
1089
121231
68157
2959
1061
2542
1079
27773
1732
78574
78039
74545
74324
67255
79242
80463
80489
1120
82463
82459
593
81932
858
81845
1042
2004
4121
1200
1610
81591
81562
78499
3793
77455
74458
79132
3546
2529
5662
31658
6287
215
377
357
350
337
300
246
236
186
6713
5
67997
58559
52885
30745
27592
8188
2288
135518
1256
1219
34321
27611
26662
26614
8464
7161
5299
4973
4018
3948
2424
2068
1265
1210
1176
46578
68358
72998
134853
529
1080
247
111
40614
54290
118997
93040
115617
109374
109249
106696
97938
95441
520
1259
587
5449
117533
2361
1900
94777
78349
70286
8369
106918
3676
5608
106473
44191
3703
107649
88125
68954
65514
8636
1
6016
6281
6942
5984
3707
3176
64969
63131
59725
45720
8533
6863
40148
2942
1997
1088
1028
4322
62849
60072
47099
6953
5812
628
1635
2396
2369
2085
2012
1956
1954
1801
1639
1517
2700
1376
1358
50
1250
1242
1059
904
661
2692
3052
5481
4351
5377
5349
5135
4890
4823
4701
4641
4369
4306
3113
4041
4016
3978
3893
3785
3751
3260
3114
232
8795
47
3275
5507
5219
4069
3882
3809
3301
3300
3257
8861
2641
2359
80551
2082
104841
69640
8972
7373
8928
5445
69526
44555
7361
6985
47640
46970
71057
69712
68319
27904
66934
66097
63992
60684
48394
37733
34405
7458
608
5618
150
2968
1199
130682
111624
107999
8623
2174
100365
4911
45950
37729
35957
34162
32892
7478
1955
4467
5909
52319
27255
109487
48780
4995
4226
1704
1258
260
6986
47465
6683
4612
4189
48711
64957
1131
4388
3030
5971
35836
2924
5952
5902
5782
4993
3996
3265
2997
2571
6539
2019
1274
924
741
44199
8781
7347
6350
6857
5602
31878
32025
31221
7376
4721
122886
1721
33794
26585
7022
26554
8961
8874
39421
7844
7153
7090
6218
5064
82461
8528
434
293
153
78209
76251
61024
52973
2502
745
1103
104
36401
8865
6754
132046
104283
494
780
4638
3175
4223
4023
4011
3994
3949
3916
3499
3160
1036
2989
2985
2600
2329
2273
1617
1291
7155
599
53318
95135
96811
96728
96610
96588
96417
95761
95558
95449
94969
306
94959
94931
91077
90866
90531
90439
90376
90057
96832
97304
97673
97752
105197
103688
103624
103449
103372
103107
102469
102194
101895
101525
101285
99149
99114
98961
98154
97923
97921
89804
89759
89492
72011
71464
71108
70293
69481
67665
67429
67087
66665
64839
64701
64622
64620
64614
63876
63082
61357
61323
71745
72131
89470
72176
89260
88810
88235
88129
87304
86833
86320
85394
83976
82313
81786
78653
73023
72741
72720
72395
72226
105355
105504
106100
143385
141749
140725
140715
140174
139642
139385
137337
134881
134859
134130
133771
133645
132800
132549
132547
132458
131796
142488
144172
128512
146656
111931
82152
66203
47044
138610
164979
164977
163949
163056
161582
161336
160954
158783
156387
155064
148626
148482
128606
128360
106766
114254
112852
112556
112552
112550
112515
112290
112183
112070
111622
111505
111251
111249
110871
107636
107141
106920
106916
113064
114342
128235
114459
127212
127206
127144
127114
127108
123695
123663
122882
118880
118700
117176
116797
116161
115713
115569
115139
114662
61240
61236
60766
3742
4437
4327
4326
4262
4103
3947
3811
3789
3679
60069
3671
3634
3632
3629
3539
3498
3415
3384
4712
4763
4928
5169
7195
6983
6981
6874
6830
6783
6643
6515
6433
6229
5956
5795
5791
5747
5464
5289
5198
3246
3111
3089
1273
1260
1245
1232
1211
1209
1197
1172
1153
954
946
914
757
146501
588
541
364
319
1272
1281
3022
1283
2936
2927
2920
2857
2747
2730
2677
2330
2202
2182
2178
2109
2028
1957
1942
1935
1572
7243
7335
7438
49824
42217
45028
45210
46664
46723
47274
47423
47629
48516
48696
7792
48774
49917
41863
50068
52281
52579
53953
55063
55280
55363
55946
56015
57669
58191
58879
41997
48738
41585
8766
7926
8125
8128
8154
8195
8207
8236
8494
8584
8645
8751
8765
339
8767
34517
25805
25927
31770
26366
26151
26150
55247
56367
55820
55442
55069
54286
53000
56805
56788
56782
56607
56286
56152
51540
52967
52241
55276
55269
55253
55118
53123
53894
55052
54881
54513
54272
40819
37741
38304
39183
40629
