4993
8795
5952
7153
63082
64614
60069
60766
61323
61357
51540
63876
64701
64620
64622
58191
64839
67429
53000
115713
58879
57669
127114
55118
53894
52967
54272
54286
54513
54881
55052
55063
55253
56805
55269
55276
52241
56152
56286
56607
56782
56788
88125
53123
148626
133645
134130
134881
137337
128606
139385
140174
146656
143385
128360
142488
141749
318
2019
122882
134859
127108
3978
3260
5902
55820
61024
3361
66097
924
47
134853
48394
61240
61236
56367
55247
55442
55069
111384
121231
1061
27773
106918
78349
8369
26662
34321
46578
106473
68358
8464
93040
95441
97938
106696
109249
109374
115617
118997
54290
111
247
1079
26614
2361
7161
5299
6863
2942
1997
1088
1028
4322
78499
77455
62849
60072
47099
1176
40148
6016
5608
2959
2542
778
1
117533
1089
1900
1265
2068
3948
4018
4973
1080
5662
1219
2700
4016
3893
3785
3751
3114
3113
3052
2692
1639
2396
2369
2085
2012
2004
1956
1954
4041
4306
4351
4369
3703
107649
3676
8636
6953
6281
5812
5481
5377
5349
5135
4890
4823
4701
4641
1801
1635
1256
27592
215
186
5
58559
52885
31658
30745
8188
1517
6713
6287
44191
3546
2529
2288
1729
236
246
300
337
1376
1358
1259
1250
1242
1059
904
661
628
587
529
5449
377
357
350
520
599
232
50
3882
3809
3301
3300
3275
3257
2641
2359
1732
80551
2082
104841
69640
8972
7458
4069
5219
5507
69526
7361
6985
47640
46970
71057
69712
68319
7373
66934
60684
37733
27904
8928
8861
608
52319
48780
100365
1199
130682
111624
8623
2174
150
45950
4467
37729
35957
34162
32892
7478
1955
2968
4911
4995
4612
4226
1704
1258
27255
6986
6683
4189
5909
48711
64957
1131
4388
296
47465
44555
3030
5618
5064
741
44199
8781
7347
6218
5602
4638
2997
4223
4121
4023
4011
3949
3916
1274
5782
3499
122886
35836
32025
45720
31221
7376
4721
33794
6350
26585
26554
8961
8874
6857
6539
3793
3175
5971
2502
293
153
78209
76251
52973
8528
1103
494
104
36401
8865
6754
104283
82461
434
593
3160
1610
2989
2985
2600
2329
2273
1617
1291
745
1200
1120
1042
1036
858
780
8533
339
49824
79242
132458
131796
128512
72741
128235
74324
114254
113064
74545
112852
127212
78039
78574
112556
80463
114342
80489
81562
81591
81786
81845
81932
82313
82459
82463
83976
112552
85394
86320
86833
72176
114459
88129
155064
47274
47423
47629
48516
48696
48738
48774
118880
49917
160954
158783
156387
52579
53953
148482
132547
55946
56015
144172
140725
67255
140715
116161
139642
115569
133771
132800
132549
115139
114662
87304
88235
112550
106100
101285
101525
101895
102194
102469
103107
103372
103449
103624
103688
105197
105355
127144
105504
123695
99114
106766
106916
106920
123663
107141
107636
110871
111249
111251
111505
111622
112070
112183
112290
99149
127206
88810
95135
89260
89470
89492
89759
89804
90057
90376
90439
90531
90866
91077
94931
94959
94969
95449
98961
95558
95761
96417
96588
96610
96728
96811
96832
97304
97673
97752
97921
97923
98154
116797
46723
46664
2182
2857
2747
2730
2677
2330
2202
2178
3811
2109
2028
1957
1942
47044
66203
2920
2927
2936
3022
3089
3111
3246
3384
3415
3498
3539
3629
3632
3634
3671
3679
3742
1935
1572
1283
757
63131
64969
3176
3707
5984
7155
39421
53318
306
319
364
541
588
146501
914
1281
946
954
1153
1172
1197
111931
1209
82152
1211
1232
1245
1260
1272
1273
3789
3947
45210
26151
8154
8195
8207
8236
8494
8584
163056
8751
8765
8766
8767
25805
25927
26150
26366
8125
31770
117176
34517
37741
38304
39183
40629
40819
41585
41863
161582
42217
161336
45028
4103
8128
7926
7792
4262
4326
4327
4437
4712
4763
4928
5169
5198
5289
138610
5747
164979
5795
5956
6229
6433
118700
163949
7335
7243
7195
6983
6981
164977
6830
6783
6643
6515
112515
6942
2424
59725
74458
31878
1721
260
3265
7022
3994
107999
40614
109487
2924
3996
7090
7844
79132
67997
135518
2571
63992
65514
68157
27611
94777
1210
41997
52281
67665
34405
55363
66665
69481
67087
70293
71108
72226
78653
71464
72720
72395
73023
72131
72011
71745
55280
50068
8645
7438
6874
5791
5464
132046
72998
68954
5445
70286
