4121
1610
1200
1120
1042
858
593
608
150
318
350
4041
1103
52973
3793
3114
3809
55820
3361
3882
37733
1079
4973
2424
8928
109249
111384
46578
109374
121231
1732
1061
27773
3260
3978
1954
1956
2004
2012
2085
4306
4016
2369
1801
2396
2692
2700
3052
3893
3113
3785
3751
1358
1639
58559
31658
30745
27592
8188
6713
6287
5662
3546
2529
2288
1256
1219
1080
247
40614
52885
67997
1635
5
1517
1376
4369
1259
1250
1242
1059
904
661
628
587
529
520
377
357
4351
135518
4641
7155
946
914
757
146501
541
53318
39421
5984
1153
3707
3176
64969
63131
59725
45720
8533
954
1172
6863
1572
2202
2182
2178
2109
1957
1942
1935
1283
1197
1281
1273
1272
1260
1232
1211
1209
6942
2942
4701
6953
44191
3703
107649
88125
68954
65514
8636
6281
3676
5812
5481
5377
5349
54290
4890
4823
106473
5449
1997
6016
1088
1028
4322
77455
62849
47099
40148
5608
55247
117533
1900
94777
78349
70286
8369
106918
5135
26662
118997
80551
3301
3300
3275
3257
2641
2359
2082
5219
104841
69640
8972
7458
5445
52319
4069
5507
79132
66934
47640
46970
71057
69712
69526
68319
66097
7373
63992
60684
48394
34405
27904
8861
109487
48780
7361
100365
1199
130682
111624
107999
8623
2174
45950
4467
37729
35957
34162
32892
7478
1955
2968
4911
4995
4612
4226
1704
260
27255
6986
6683
4189
5909
48711
74458
64957
1131
4388
47465
6985
44555
106696
4721
232
47
35836
32025
31221
7376
122886
1210
1721
33794
31878
26585
26554
8961
1176
1265
8795
34321
97938
95441
93040
72998
68358
56367
27611
2068
2747
8464
7161
5299
4018
3948
8874
7844
3030
36401
78209
76251
61024
8528
2502
104
8865
924
6754
132046
104283
82461
5971
5618
741
1274
7153
5902
7090
7022
6857
6539
6350
5952
5782
2019
4993
3996
3265
2997
2924
2571
2730
599
2857
94969
96728
96610
96588
96417
95761
95558
95449
95135
94959
105355
94931
91077
90866
90531
90439
90376
90057
89804
96811
96832
97304
97673
103688
103624
103449
103372
103107
102469
102194
101895
101525
101285
99149
99114
98961
98154
97923
97921
97752
89759
89492
89470
78653
78039
74545
2920
73023
72741
72720
72395
72226
72176
72131
72011
71745
71464
71108
70293
69481
67665
78574
79242
89260
80463
88810
88235
88129
87304
86833
86320
85394
83976
82463
82459
82313
81932
81845
81786
81591
81562
80489
105197
105504
67255
134859
141749
140725
140715
140174
139642
139385
137337
134881
134130
106100
133771
133645
132800
132549
132547
132458
131796
128606
142488
143385
144172
146656
111931
82152
66203
47044
138610
164979
164977
163949
163056
161582
161336
160954
158783
156387
155064
148626
148482
128512
128360
128235
113064
112556
112552
112550
112515
112290
112183
112070
111622
111505
111251
111249
110871
107636
107141
106920
106916
106766
112852
114254
127212
114342
127206
127144
127114
127108
123695
123663
122882
118880
118700
117176
116797
116161
115713
115569
115139
114662
114459
67429
74324
46723
6433
47629
5795
47423
5956
6229
47274
6515
48696
6643
6783
6830
46664
45210
45028
48516
5791
41997
4712
7195
4262
4326
4327
4437
48774
4763
48738
4928
5169
5198
5289
5464
5747
42217
41863
3947
8125
8494
8236
8207
8195
8154
8128
6874
8645
7926
6981
6983
7792
7438
7335
8584
8751
41585
31770
40819
40629
39183
38304
37741
34517
26366
8765
26151
26150
25927
25805
8767
8766
49824
4103
3811
56607
58879
58191
57669
56805
56788
56782
3089
60766
3111
3384
3415
3498
3539
3789
60069
61236
56152
64620
67087
66665
2927
64839
64701
64622
64614
61240
2936
63876
63082
3022
61357
61323
56286
3629
56015
53894
3742
3679
3671
3634
3632
49917
50068
51540
52241
52281
52579
52967
55946
53123
53000
53953
55118
55442
55363
55280
55276
55269
55253
54272
7243
55069
55063
55052
54881
54513
54286
2542
2959
68157
1258
1089
115617
778
1729
134853
26614
50
2361
60072
6218
78499
3949
4011
1291
5064
296
339
1
186
236
300
337
111
745
3994
1036
215
2028
44199
293
7347
2273
153
2329
1617
2600
2985
8781
3175
4638
434
2989
3160
780
4223
4023
494
3916
3499
5602
2330
2677
319
3246
306
588
364
1245
246
