2571
79132
1210
260
132046
1291
1120
1042
1610
55276
858
593
56805
56788
56782
56607
56286
56152
4121
1200
55269
54272
68358
51540
52241
52967
53000
53123
55253
53894
54286
54513
54881
55052
55118
55069
55442
3793
27611
70286
72998
135518
153
494
780
1617
2273
2329
2600
2985
2989
3160
3175
3499
3916
4023
4223
5602
7347
8781
434
4638
55820
109487
1250
4011
60684
4226
44199
122886
56367
55247
1036
3994
107999
745
48780
81562
74324
74545
78039
78574
67255
79242
82463
82459
81932
80463
80489
81845
81591
5064
1265
3949
68319
74458
1704
2529
3703
34405
94777
2959
6218
1176
293
2068
62849
77455
4995
27773
47
109249
109374
118997
2942
1997
27592
8188
40148
6863
6942
6287
106696
8533
97938
95441
45720
30745
31658
52885
58559
67997
6713
4322
5662
60072
6016
5608
111
247
2542
40614
1079
778
117533
2361
1900
186
1088
78349
1080
1089
1219
1256
1729
2288
47099
3546
54290
1028
5
4306
215
1956
587
628
661
904
1059
1242
1259
1358
1376
1517
1635
1639
1801
1954
2004
236
2012
2085
2369
2396
2692
2700
3052
3113
3114
3361
3751
3785
3893
4016
529
520
377
4351
246
300
337
8369
350
357
4041
107649
88125
44191
68954
106918
65514
8636
6953
6281
5812
5481
5377
5349
5135
4890
4823
5449
3676
93040
4701
4641
4369
106473
7376
46578
3275
608
5445
7458
8972
69640
104841
2082
80551
1061
1732
2359
2641
3257
3300
121231
3301
3809
3882
4069
5219
5507
7373
8861
8928
27904
37733
48394
63992
52319
1258
66934
1199
1955
7478
32892
34162
35957
37729
45950
100365
150
2174
8623
111624
130682
2968
27255
4467
4911
5909
47465
296
4388
1131
64957
48711
4189
4612
6683
6986
66097
68157
34321
31221
6857
7022
7090
7844
8874
8961
26554
26585
31878
33794
1721
4721
63131
32025
6350
35836
50
232
318
2424
3948
4018
4973
5299
7161
8464
26614
26662
6539
5782
69526
8865
69712
71057
46970
47640
6985
7361
44555
3030
5618
5971
82461
104283
6754
36401
3996
104
1103
2502
8528
52973
61024
76251
78209
741
1274
2924
2997
3265
59725
599
64969
90866
97921
97752
97673
97304
96832
96811
96728
96610
96588
96417
95761
95558
95449
95135
94969
94959
94931
97923
98154
98961
103449
106766
106100
105504
105355
105197
103688
103624
103372
99114
103107
102469
102194
101895
101525
101285
99149
91077
90531
64620
90439
72720
72395
72226
72176
72131
72011
71745
71464
71108
70293
69481
67665
67429
67087
66665
3176
64701
72741
73023
78653
88810
90376
90057
89804
89759
89492
89470
89260
88235
81786
88129
87304
86833
86320
85394
83976
82313
106916
106920
107141
107636
143385
142488
141749
140725
140715
140174
139642
139385
137337
134881
134859
134130
133771
133645
132800
132549
132547
144172
146656
148482
164977
111931
111384
82152
66203
47044
138610
164979
163949
148626
163056
161582
161336
160954
158783
156387
155064
132458
131796
128606
112515
114342
114254
113064
112852
112556
112552
112550
112290
114662
112183
112070
111622
111505
111251
111249
110871
114459
115139
128512
123695
128360
128235
127212
127206
127144
127114
127108
123663
115569
122882
118880
118700
117176
116797
116161
115713
64622
64839
64614
3811
3742
3679
3671
3634
3632
3629
3539
3498
3415
3384
3246
3111
3089
3022
2936
2927
2920
3789
3947
6643
4103
6433
6229
5956
5795
5791
5747
5464
5289
5198
5169
4928
4763
4712
4437
4327
4326
4262
2857
2747
2730
2677
1172
1153
954
946
914
757
146501
588
541
364
319
306
53318
39421
7155
5984
3707
1197
1209
1211
1942
2330
2202
2182
2178
2109
2028
1957
1935
1232
1572
1283
1281
1273
1272
1260
1245
63876
6515
6783
47423
49917
49824
48774
48738
48696
48516
47629
47274
41585
46723
46664
45210
45028
6830
42217
41997
50068
52281
52579
53953
63082
61357
61323
61240
61236
60766
60069
58879
58191
57669
56015
55946
55363
55280
55063
41863
339
40819
7926
40629
8236
8207
8195
8154
8128
8125
7792
8645
7438
7335
7243
7195
6983
6981
6874
8584
8494
26150
26151
39183
8765
8766
38304
37741
34517
8767
31770
26366
25805
25927
8751
2019
8795
4993
924
7153
5952
3978
5902
3260
115617
134853
78499
1
