858
1120
593
4121
1610
1200
300
1042
318
296
3246
2330
364
319
2677
306
588
1245
3793
778
1729
2028
215
3361
1089
68157
111384
2542
121231
1079
1061
2959
1732
27773
246
3113
3751
8188
3260
2700
3052
3893
2692
2396
2369
2085
3785
3978
2004
4016
4041
4306
4351
4369
4641
6713
6287
5662
3546
1256
1080
2012
31658
30745
52885
186
5
67997
337
350
357
377
520
529
587
58559
628
904
236
1059
1242
1250
1259
1358
1376
1517
1635
1639
1801
1954
1956
661
135518
4701
914
146501
541
53318
39421
7155
5984
3707
3176
64969
63131
59725
45720
8533
6942
6863
757
946
4823
954
1957
1942
1935
1572
1283
1281
1273
1272
1260
1232
1211
1209
1197
1172
1153
2942
1088
1028
4322
106473
44191
3703
107649
68954
65514
8636
247
6281
5812
5481
5377
5349
5135
4890
3676
5449
55247
1
78499
77455
60072
47099
40148
6016
117533
106918
2361
1900
94777
78349
70286
8369
6953
109249
111
4069
34405
27904
8928
8861
7373
5507
5219
3882
40614
3809
3301
3300
3275
3257
2641
2359
37733
60684
63992
66934
132046
104283
82461
5971
5618
3030
44555
7361
6985
47640
46970
71057
69712
69526
68319
80551
2082
104841
5909
4467
2968
1199
111624
107999
8623
2174
100365
45950
37729
35957
34162
32892
7478
1955
4911
47465
69640
4388
8972
7458
5445
608
52319
109487
260
27255
6986
6683
4612
4189
48711
64957
1131
6754
8865
36401
26614
7161
5299
4973
4018
3948
2068
1265
1210
1176
232
50
35836
32025
31221
7376
8464
26662
122886
27611
54290
134853
118997
115617
109374
2178
106696
97938
95441
93040
72998
68358
56367
46578
34321
4721
1721
104
3996
2997
2924
2571
2019
1274
924
741
78209
76251
61024
55820
52973
8528
2502
1103
3265
4993
33794
5782
31878
26585
26554
8961
8874
8795
7844
7153
7090
7022
6857
6539
6350
5952
5902
2109
599
2182
90531
97752
97673
97304
96832
96811
96728
96610
96588
96417
95761
95558
95449
95135
94969
94959
94931
91077
97921
97923
98154
103372
106100
105504
105355
105197
103688
103624
103449
103107
98961
102469
102194
101895
101525
101285
99149
99114
90866
90439
71745
90376
81591
81562
80489
80463
79242
78653
78574
78039
74545
74324
73023
72741
72720
72395
72226
72176
72131
81786
81845
2202
88235
90057
89804
89759
89492
89470
89260
88810
88129
82313
87304
86833
86320
85394
83976
82463
82459
106766
106916
106920
107141
142488
141749
140725
140715
140174
139642
139385
137337
134881
134859
134130
133771
133645
132800
132549
132547
132458
143385
144172
146656
163949
111931
82152
66203
47044
138610
164979
164977
163056
148482
161582
161336
160954
158783
156387
155064
148626
131796
128606
128512
112290
114254
113064
112852
112556
112552
112550
112515
112183
114459
112070
111622
111505
111251
111249
110871
107636
114342
114662
128360
123663
128235
127212
127206
127144
127114
127108
123695
122882
115139
118880
118700
117176
116797
116161
115713
115569
72011
81932
71464
8195
8767
8766
8765
8751
8645
8584
8494
8236
8207
8154
48516
8128
8125
7926
7792
7438
7335
7243
7195
6983
25805
25927
26150
26151
47423
47274
71108
46723
46664
45210
45028
42217
41997
41863
41585
40819
40629
39183
38304
37741
34517
31770
26366
6981
6874
6830
3811
3742
3679
3671
3634
3632
3629
3539
3498
3415
3384
3111
3089
3022
2936
2927
2920
2857
2747
2730
3789
3947
6783
4103
6643
6515
6433
6229
5956
5795
5791
5747
5464
5289
5198
5169
4928
4763
4712
4437
4327
4326
4262
47629
339
48696
55363
56805
56788
56782
56607
56286
56152
56015
55946
55442
55280
53953
55276
55269
55253
55118
55063
55052
54881
54513
54286
57669
58191
58879
60069
70293
69481
67665
67429
67255
67087
66665
64839
64701
64622
64620
64614
63876
63082
61357
61323
61240
61236
60766
54272
55069
53894
48738
53123
48774
49917
50068
51540
52241
49824
52281
53000
52579
52967
79132
4995
74458
66097
1704
62849
48780
1997
2529
1219
48394
130682
1258
4226
27592
2424
5608
88125
2288
3114
293
47
150
6218
3949
1291
5064
4011
745
3994
1036
44199
780
494
434
8781
1617
7347
5602
2273
2329
2600
2985
2989
3160
3175
3499
4638
4223
4023
3916
153
