25805
8195
3415
6433
6643
6783
26151
6981
26150
3742
1572
42217
1232
2273
3916
8781
7347
5602
4638
4223
780
494
4023
434
2329
3175
1617
2989
3499
2600
2985
2692
3160
153
6985
44199
1036
3994
745
1199
1291
5064
3949
4467
94777
6218
293
2968
4011
44191
1089
60684
109487
4226
377
27592
6713
6287
5662
3546
2288
1729
1256
1219
1080
1079
247
111
40614
54290
134853
118997
115617
109374
1635
109249
106696
97938
95441
8188
31658
30745
1358
357
350
1801
587
628
661
904
1059
1242
1250
1259
1376
529
1517
337
300
246
236
215
186
5
67997
58559
52885
135518
2369
1954
55247
4322
78499
77455
60072
47099
40148
6016
5608
2542
778
1
117533
2361
1900
78349
70286
8369
1028
1088
1997
3707
364
319
306
53318
39421
7155
5984
3176
2942
64969
63131
59725
45720
8533
6942
6863
106918
5449
1956
3676
4306
4041
4016
3978
3893
3785
3751
3361
3260
3114
3113
2700
2396
72998
2085
2012
2004
4351
4369
4641
6953
106473
3703
107649
88125
68954
65514
8636
6281
4701
5812
5481
5377
5349
5135
4890
4823
93040
318
68358
3301
8861
7373
5507
5219
4069
3882
3809
3300
82461
3275
3257
2641
2359
1732
1061
80551
8928
27904
34405
37733
5618
3030
44555
7361
47640
46970
71057
69712
69526
68319
68157
66934
66097
63992
48394
2082
104841
69640
47465
4911
130682
111624
107999
8623
2174
150
100365
45950
37729
35957
34162
32892
7478
1955
5909
296
8972
4388
7458
5445
608
52319
121231
1258
260
27255
6986
6683
4612
4189
48711
64957
1131
5971
104283
56367
33794
35836
32025
31221
7376
4721
122886
1721
31878
132046
26585
26554
8961
8874
8795
7844
7153
50
232
588
1176
46578
34321
27611
26662
26614
8464
7161
5299
4973
4018
3948
2424
2068
1265
1210
7090
7022
6857
1200
1042
858
593
78209
76251
61024
55820
52973
8528
2502
1103
104
36401
8865
6754
1120
1610
6539
3793
6350
5952
5902
5782
4993
3996
3265
2997
2924
2571
2019
1274
924
741
4121
541
599
146501
95135
96811
96728
96610
96588
96417
95761
95558
95449
94969
105504
94959
94931
91077
90866
90531
90439
90376
90057
96832
97304
97673
97752
105197
103688
103624
103449
103372
103107
102469
102194
101895
101525
101285
99149
99114
98961
98154
97923
97921
89804
89759
89492
79242
78574
78039
74545
74324
73023
72741
72720
72395
72226
72176
72131
72011
71745
71464
71108
70293
757
78653
80463
89470
80489
89260
88810
88235
88129
87304
86833
86320
85394
83976
82463
82459
82313
81932
81845
81786
81591
81562
105355
106100
67429
134881
142488
141749
140725
140715
140174
139642
139385
137337
134859
106766
134130
133771
133645
132800
132549
132547
132458
131796
143385
144172
146656
148482
111931
111384
82152
66203
47044
138610
164979
164977
163949
163056
161582
161336
160954
158783
156387
155064
148626
128606
128512
128360
114254
112852
112556
112552
112550
112515
112290
112183
112070
111622
111505
111251
111249
110871
107636
107141
106920
106916
113064
114342
128235
114459
127212
127206
127144
127114
127108
123695
123663
122882
118880
118700
117176
116797
116161
115713
115569
115139
114662
67665
69481
8494
5956
5791
5747
5464
5289
5198
5169
4928
4763
4712
4437
4327
4326
4262
4103
3947
3811
3789
5795
6229
3671
6515
8645
8584
67255
8236
8207
8154
8128
8125
7926
7792
7438
7335
7243
7195
6983
6874
6830
3679
3634
8765
2109
1957
1942
1935
1283
1281
1273
1272
1260
1245
1211
1209
1197
1172
1153
954
946
914
2028
2178
3632
2182
3629
3539
3498
3384
3246
3111
3089
3022
2936
2927
2920
2857
2747
2730
2677
2330
2202
8751
339
8766
56788
56607
56286
56152
56015
55946
55442
55363
55280
55276
55269
55253
55118
55069
55063
55052
8767
54513
56782
56805
54272
57669
67087
66665
64839
64701
64622
64620
64614
63876
63082
61357
61323
61240
61236
60766
60069
58879
58191
54286
54881
53953
41585
47423
47274
46723
46664
45210
45028
41997
41863
40819
48696
40629
39183
38304
37741
34517
31770
26366
25927
47629
48516
52281
53894
48738
48774
49824
49917
53123
50068
52579
51540
53000
52241
52967
48780
79132
47
27773
520
74458
62849
2959
2529
1704
1639
4995
3052
