63082
64620
55063
58191
58879
60069
60766
61323
61357
63876
64614
57669
64622
64701
64839
67429
2959
4226
2542
296
1089
608
1729
778
4973
1704
109374
2692
47
4011
1079
5608
3809
4995
111
1732
62849
47423
41863
45028
46723
26614
47629
49917
48696
48738
48774
49824
48516
45210
50
6016
7361
107649
61024
2571
1199
40148
1258
2529
52973
4041
1103
350
4467
2361
27773
93040
68157
44199
1219
46578
2997
61240
61236
44555
109249
2968
47099
79132
2288
8928
132046
5782
293
27592
6942
70286
2936
25927
46664
55820
60684
26554
94777
74458
37733
3882
1265
1153
1260
946
954
541
6830
58559
8765
8751
115139
8236
8767
31770
8125
6515
56015
41585
5289
5169
3632
3089
3022
2927
2202
2182
1942
6983
1935
7335
7195
8766
5618
5971
111624
27611
1281
8874
2174
5299
72998
64957
135518
31878
130682
247
1176
6350
1997
48780
1210
34321
56367
118997
35836
109487
53318
1274
741
6857
104283
52885
67087
66665
71108
69481
70293
72226
71464
71745
72011
72131
72395
72720
73023
78653
260
115617
6539
44191
3030
112183
117176
116161
115569
112290
114662
114342
116797
112852
112556
111622
34405
66934
111384
107999
26662
111251
6218
106473
67997
8972
7458
4823
2082
4701
1517
4641
1635
52319
1639
4369
1801
1955
1954
4351
4016
2700
1956
3893
3785
3751
2004
3114
3113
104841
2012
69640
2085
3052
2369
2396
150
5349
4890
7478
48711
5449
55247
1131
106918
8369
4388
47465
5909
1900
4911
34162
35957
1
37729
45950
100365
32892
4189
5135
3676
8623
5377
2942
1028
4322
27255
5481
5812
6281
6953
65514
6986
6683
4612
3703
1358
60072
1376
337
80551
36401
76251
68358
8528
2502
95441
104
97938
106696
8865
1259
54290
40614
6754
82461
1080
6985
1256
47640
78209
2924
3265
3996
32025
2068
2424
3948
4018
31221
7376
7161
8464
4721
122886
1721
26585
7844
7090
7022
45720
46970
71057
3546
300
232
3300
357
377
520
529
587
628
3275
661
904
1059
3257
1242
2641
2359
1250
3301
246
5662
236
6287
6713
8188
69712
69526
63992
27904
8861
7373
5507
5219
30745
31658
4069
5
186
215
8533
599
59725
89470
82313
83976
85394
86320
86833
87304
88129
88235
63131
89260
89492
95449
89759
89804
90057
90376
90439
90531
90866
91077
94931
94959
72741
72176
56805
56788
47274
51540
52241
52967
53000
53123
53894
54272
54286
54513
54881
55052
55118
55253
55269
55276
55946
56152
56286
56607
56782
95135
95558
40819
158783
132458
132547
132549
139642
140715
140725
144172
148482
155064
156387
160954
95761
161582
163056
163949
164977
164979
138610
47044
66203
82152
111931
131796
128235
127212
127144
96417
96588
96610
96728
96811
96832
97304
97752
97921
97923
98154
98961
99114
99149
101525
103449
103688
107636
112070
123663
123695
42217
88810
40629
3742
2747
2857
3111
3246
3384
3415
3498
3539
3671
3679
3789
2330
3811
3947
4103
4262
4326
4327
4437
4712
4928
5198
2677
2178
5795
146501
64969
3176
3707
5984
7155
39421
306
319
364
588
914
2109
1172
1197
1209
1211
1232
1245
1272
1273
1572
1957
5747
339
6229
26150
6433
26151
8154
26366
8494
8195
34517
8128
6643
6783
37741
8584
38304
6981
8207
7792
39183
5956
25805
1061
78499
1088
6863
121231
1291
5064
67255
82459
81932
79242
80463
74324
74545
82463
81591
80489
81562
78039
78574
81845
78349
745
3994
1036
3361
3949
68319
1617
2600
780
2329
494
434
153
2273
3160
4023
5602
2989
3175
3499
8781
7347
3916
2985
4223
4638
66097
2028
112552
318
1283
3629
7243
4306
5445
68954
88125
117533
105504
1200
4121
1610
1120
1042
858
593
77455
55442
55069
6874
5791
5464
50068
8645
55280
7438
2920
41997
52281
3634
8961
33794
67665
118880
118700
112515
2730
134853
81786
48394
132800
128512
94969
52579
133771
53953
757
161336
4763
101285
102469
127206
7926
110871
114254
114459
112550
111505
111249
113064
55363
97673
103107
107141
106920
106916
103624
106766
106100
101895
105355
8636
103372
102194
105197
3793
127108
924
3260
3978
5902
134130
127114
128360
115713
128606
140174
148626
146656
143385
142488
141749
133645
139385
137337
134881
2019
134859
122882
8795
4993
7153
5952
