2924
246
7090
3996
7844
2959
3265
7022
778
1729
5608
31878
4226
65514
1219
2529
4011
3949
2542
48780
47
260
3679
954
8125
1957
5747
3022
541
5198
3111
4326
8128
1172
4262
4103
1197
1273
1211
3811
1079
62849
1704
74458
296
2936
3629
7243
1283
4995
2028
27773
1732
79132
1258
1210
2019
132046
2068
122886
107999
27611
109487
68319
134853
2571
135518
3703
109249
70286
72998
115617
68954
47099
60072
30745
77455
8188
27592
40148
6713
6287
5662
78499
4322
31658
52885
6016
1
58559
67997
5
186
215
236
117533
300
337
350
3546
2288
1028
45720
46578
56367
68358
93040
95441
97938
106696
64969
109374
63131
118997
59725
54290
1088
40614
111
247
8533
6942
1080
1089
6863
2942
1256
1997
377
357
520
2361
3751
34321
3978
4016
4041
4306
4351
8369
4369
4641
4701
106918
4823
4890
55247
5135
5349
5377
5481
5812
6281
5449
3676
106473
44191
6953
8636
107649
3785
3260
88125
3114
1900
529
587
628
661
904
1059
1242
1250
1259
1358
1376
1517
1635
1801
1954
1956
2004
2012
2085
2369
94777
78349
2396
2692
2700
3113
3893
232
26662
104
48394
37733
34405
27904
8928
8861
7373
5507
5219
4069
3882
3809
3301
3300
3275
3257
2641
60684
63992
66097
44555
8865
6754
104283
82461
5971
5618
3030
7361
66934
6985
47640
46970
71057
69712
69526
68157
2359
1061
80551
150
4467
2968
1199
130682
111624
8623
2174
100365
5909
45950
37729
35957
34162
32892
7478
1955
4911
47465
2082
121231
104841
69640
8972
7458
5445
608
52319
27255
4388
6986
6683
4612
4189
48711
64957
1131
36401
1103
26614
2502
8961
8874
8795
7153
6857
6539
6350
5952
5902
5782
4993
2997
1274
924
741
44199
8781
26554
26585
33794
1265
8464
7161
5299
4973
4018
3948
2424
1176
1721
3707
50
35836
32025
31221
7376
4721
7347
6218
5602
434
1042
1036
858
780
745
593
494
293
1200
153
78209
76251
61024
55820
52973
8528
1120
1291
5064
3499
4638
4223
4121
4023
3994
3916
3793
3175
1610
3160
2989
2985
2600
2329
2273
1617
3176
599
5984
97673
96832
96811
96728
96610
96588
96417
95761
95558
95449
95135
94969
94959
94931
91077
90866
90531
90439
97304
97752
90057
97921
105355
105197
103688
103624
103449
103372
103107
102469
102194
101895
101525
101285
99149
99114
98961
98154
97923
90376
89804
106100
80489
79242
78653
78574
78039
74545
74324
73023
72741
72720
72395
72226
72176
72131
72011
71745
71464
71108
80463
81562
89759
81591
89492
89470
89260
88810
88235
88129
87304
86833
86320
85394
83976
82463
82459
82313
81932
81845
81786
105504
106766
7155
144172
142488
141749
140725
140715
140174
139642
139385
137337
134881
134859
134130
133771
133645
132800
132549
132547
132458
143385
146656
128606
148482
111931
111384
82152
66203
47044
138610
164979
164977
163949
163056
161582
161336
160954
158783
156387
155064
148626
131796
128512
106916
114342
113064
112852
112556
112552
112550
112515
112290
112183
112070
111622
111505
111251
111249
110871
107636
107141
106920
114254
114459
128360
114662
128235
127212
127206
127144
127114
127108
123695
123663
122882
118880
118700
117176
116797
116161
115713
115569
115139
70293
69481
67665
3671
6643
6515
6433
6229
5956
5795
5791
5464
5289
5169
4928
4763
4712
4437
4327
3947
3789
6783
6830
6874
8207
8766
8765
8751
8645
8584
8494
8236
8195
6981
8154
7926
7792
7438
7335
7195
6983
3742
3634
25805
3632
1281
1272
1260
1245
1232
1209
1153
946
914
757
146501
588
364
319
306
53318
39421
1572
1935
1942
2920
3539
3498
3415
3384
3246
3089
2927
2857
2109
2747
2730
2677
2330
2202
2182
2178
67429
8767
25927
56805
56782
56607
56286
56152
56015
55946
55442
55363
55280
55276
55269
55253
55118
55069
55063
55052
54881
56788
57669
26150
58191
67255
67087
66665
64839
64701
64622
64620
64614
63876
63082
61357
61323
61240
61236
60766
60069
58879
54513
54286
54272
40819
46664
45210
45028
42217
41997
41863
41585
40629
46723
39183
38304
37741
34517
31770
26366
26151
53953
339
47274
50068
53894
53123
53000
52967
52579
52281
52241
47423
51540
49917
49824
48774
48738
48696
48516
47629
318
3361
3052
1639
