5747
1211
3811
4262
3679
5198
8128
3111
4326
1172
1197
4103
1957
1273
1245
364
2677
3246
319
306
588
2330
2028
39183
40629
38304
40819
37741
3175
8781
7347
5602
4638
4223
4023
3499
3916
3160
2273
153
434
494
780
2989
1617
2600
2985
2329
3994
4973
1704
1036
3949
215
8207
1272
3947
2178
2109
3671
6229
3498
7792
26366
3384
47274
4928
4712
4437
4226
293
2730
3265
7022
4121
593
858
1042
1120
1200
1610
5299
2692
6218
318
1219
5608
1291
608
44199
3996
7844
7090
2924
529
1358
1635
1259
31878
4995
1265
2959
41997
52281
40614
7243
1283
3629
8154
2857
914
3789
4327
1209
3634
296
3361
745
6539
4011
1258
5064
26585
3809
2396
5782
55363
5464
5791
7438
55280
8645
50068
6874
8125
3022
541
954
111
8874
599
7161
74458
115617
94777
52973
1103
350
4041
34321
55069
55442
65514
1079
118997
61236
61240
3301
3176
1956
337
31770
628
587
377
357
5289
8767
41585
300
1256
5445
1955
904
8765
8766
5169
2182
1260
1153
6515
6830
7195
4322
7335
5812
4641
56015
1250
8236
1242
8751
4306
339
115139
48394
2068
2361
260
2359
6016
1732
236
111624
46578
1997
48780
109249
150
35836
2936
63131
8928
6350
778
1729
56367
72998
79132
55820
109374
69640
5971
114254
101285
133771
111505
113064
112550
4763
161336
7926
757
102469
53953
132800
128512
110871
111249
114459
127206
52579
94969
46970
93040
68954
3882
37733
46664
25927
2997
67997
64969
1176
5377
8464
7478
1
6863
121231
81786
134859
122882
118700
118880
67665
112515
111384
66934
1210
78499
26554
7361
109487
77455
47
78349
27773
53318
6942
134853
2920
64957
2529
3114
117533
55247
105504
106696
232
60684
100365
1028
130682
122886
1061
107999
4018
68319
62849
112852
8961
4721
52885
58559
33794
246
107636
114662
107141
106920
31658
520
106916
106766
106100
661
115569
1059
115713
7376
30745
112556
8188
26662
112552
114342
68358
95441
97938
116161
54290
112290
112183
112070
1080
111622
5662
6713
32025
31221
56152
132549
6857
47640
164979
52319
164977
163949
7458
8972
104841
2082
80551
2641
3275
3300
163056
161582
5219
5507
7373
8861
34405
69526
69712
138610
47044
66203
4467
111931
32892
34162
35957
37729
45950
2174
1199
2968
4911
27255
5909
47465
4388
82152
48711
4189
4612
6683
6986
71057
6985
116797
44555
139642
139385
137337
134881
134130
133645
105197
132458
131796
128606
128360
128235
127212
127144
127114
127108
123695
123663
741
1274
117176
140174
140715
140725
76251
3030
82461
104283
6754
8865
36401
8528
160954
61024
78209
141749
158783
156387
155064
148626
148482
146656
144172
143385
142488
56286
105355
89470
89804
89759
61357
63082
89492
103624
2747
89260
63876
88810
64614
88235
88129
87304
3415
86833
3539
86320
34517
85394
61323
90057
82463
90376
58879
67087
45210
45028
95558
95449
95135
1232
42217
60069
94959
94931
91077
90866
1572
41863
60766
90531
90439
83976
3742
47423
72720
6783
72395
72226
6981
25805
72176
72131
64701
72011
71745
71464
71108
70293
69481
8195
67429
64839
66665
8584
6643
6433
82459
72741
82313
81932
81845
81591
81562
80489
80463
79242
78653
64620
78574
64622
78039
74545
74324
26151
73023
5795
26150
96588
46723
6953
4823
4016
54272
101895
101525
4351
4369
53894
4701
53123
54513
53000
52967
5349
57669
99149
52241
146501
8636
54286
3785
107649
55269
1376
55946
56607
56782
56788
55276
103372
2004
2085
54881
55253
103107
55118
56805
55063
55052
3113
102194
99114
67255
98154
49824
44191
48696
48738
97673
1088
97921
5984
47099
97752
97304
97923
48774
45720
8533
49917
1900
98961
96811
48516
8369
58191
106918
51540
3676
96728
47629
2288
68157
2942
3707
39421
5618
27904
924
27592
66097
3703
106473
1131
7155
3260
3978
5902
50
26614
60072
40148
111251
96832
96610
1281
70286
135518
103688
2012
5135
5481
6281
3948
8494
3546
3893
3052
946
96417
8623
95761
247
2700
5
1935
2502
1517
103449
6983
5956
1942
1954
3632
3089
2927
132547
2202
88125
1089
4890
27611
3751
3793
2542
132046
2424
63992
59725
2019
2571
3257
1801
7153
5952
8795
4993
1639
4069
2369
186
1721
104
6287
5449
