153
5602
4223
4638
3916
3499
3175
3160
2989
2985
2600
2329
2273
4023
1617
7347
8781
780
494
434
3994
44199
1036
745
1291
5064
4011
2924
7844
3996
7090
2012
1801
2571
3949
40614
6218
3265
7022
293
72998
31878
65514
132046
74458
3793
79132
27611
135518
70286
1210
109487
260
350
1219
6713
6287
5662
3546
2529
2288
1729
1256
1089
27592
1080
1079
247
111
54290
134853
118997
115617
109374
109249
8188
30745
27773
236
377
520
529
587
628
337
300
661
246
904
1259
1059
1242
1250
186
5
67997
58559
52885
31658
357
1639
1358
1028
78499
77455
62849
60072
47099
40148
6016
5608
2959
2542
778
1
117533
2361
1900
94777
78349
8369
106918
4322
1088
5449
1997
1153
946
914
757
146501
53318
39421
7155
5984
3707
3176
64969
63131
59725
45720
8533
6942
6863
2942
55247
3676
1376
4016
3893
3785
3751
3361
3260
3114
3113
3052
2700
2692
2396
2369
2085
2004
1956
1954
97938
1635
1517
3978
4041
106473
4306
44191
3703
107649
88125
68954
8636
6953
6281
5812
5481
5377
5349
5135
4890
4823
4701
4641
4369
4351
106696
50
95441
93040
3275
3257
2641
2359
1732
1061
80551
2082
104841
69640
8972
7458
5445
608
52319
3300
3301
3809
34405
68157
66934
66097
63992
60684
37733
27904
3882
8928
8861
7373
5507
5219
4069
121231
48780
4995
100365
130682
111624
107999
8623
2174
150
45950
2968
37729
35957
34162
32892
7478
1955
1199
4467
4226
4189
1704
1258
27255
6986
6683
4612
48711
4911
64957
1131
4388
296
47465
5909
68319
69526
69712
4721
1197
47
35836
32025
31221
7376
122886
318
1721
33794
26585
26554
8961
8874
232
1176
7153
8464
68358
56367
46578
34321
26662
26614
7161
1265
5299
4973
4018
3948
2424
2068
8795
6857
71057
5971
104
36401
8865
6754
104283
82461
5618
2502
3030
44555
7361
6985
47640
46970
1103
8528
6539
2019
6350
5952
5902
5782
4993
2997
1274
52973
924
741
78209
76251
61024
55820
1172
599
1209
94969
96728
96610
96588
96417
95761
95558
95449
95135
94959
89492
94931
91077
90866
90531
90439
90376
90057
89804
96811
96832
97304
97673
103688
103624
103449
103372
103107
102469
102194
101895
101525
101285
99149
99114
98961
98154
97923
97921
97752
89759
89470
105355
72176
78039
74545
74324
73023
72741
72720
72395
72226
72131
89260
72011
71745
71464
71108
70293
69481
1211
67429
78574
78653
79242
80463
88810
88235
88129
87304
86833
86320
85394
83976
82463
82459
82313
81932
81845
81786
81591
81562
80489
105197
105504
67087
134881
142488
141749
140725
140715
140174
139642
139385
137337
134859
128512
134130
133771
133645
132800
132549
132547
132458
131796
143385
144172
146656
148482
111931
111384
82152
66203
47044
138610
164979
164977
163949
163056
161582
161336
160954
158783
156387
155064
148626
128606
128360
106100
111622
112852
112556
112552
112550
112515
112290
112183
112070
111505
128235
111251
111249
110871
107636
107141
106920
106916
106766
113064
114254
114342
114459
127212
127206
127144
127114
127108
123695
123663
122882
118880
118700
117176
116797
116161
115713
115569
115139
114662
67255
67665
66665
26366
6983
6981
6874
6830
6783
6643
6515
6433
6229
5956
5795
5791
5747
5464
5289
5198
5169
7195
7335
7438
8645
26150
25927
25805
8767
8766
8765
64839
8584
7792
8494
8236
8207
8195
8154
8128
7926
4928
4763
4712
1957
2857
2747
2730
2202
2182
2178
2109
1942
2927
1935
1572
1281
1273
1272
1260
1232
2920
3089
4437
3742
4327
4326
4262
4103
3947
3811
3789
3679
3111
3671
3634
3632
3539
3498
3415
3384
26151
8751
31770
56286
56015
55946
55442
55363
55280
55276
55269
55253
55118
55069
55063
34517
54881
54513
54286
54272
53953
56152
56607
53123
56782
64701
64622
64620
64614
63876
63082
61357
61323
61240
61236
60766
60069
58879
58191
57669
56805
56788
53894
55052
53000
42217
47274
46723
46664
45210
52967
45028
41863
47629
41585
40819
40629
39183
38304
37741
47423
339
52579
48738
52241
48516
49917
48774
49824
50068
48696
51540
48394
215
2936
41997
52281
588
364
2677
319
2330
306
1245
3246
541
3022
954
8125
3629
1283
7243
2028
4121
593
858
1042
1120
1200
1610
