2542
1089
296
2959
26614
50
778
1729
58559
6016
608
260
4226
1079
79132
4041
350
52973
1103
62849
68157
5608
48780
40148
60072
1732
2529
3809
1704
55820
6942
1219
47
37733
3882
60684
4973
109249
4995
8928
81845
74324
78039
78574
82463
82459
81932
74545
81591
67255
81562
80489
79242
80463
1265
46578
109374
2692
1258
1176
2019
78499
27773
2068
1210
109487
77455
122886
107999
68319
134853
3703
115617
1250
1956
661
904
2012
2004
1801
1954
1259
1059
1635
1517
1376
1358
1242
1639
599
628
587
3546
5662
6287
6713
8188
27592
30745
31658
52885
67997
5
186
236
246
300
337
2369
357
377
520
529
2085
4701
2396
5984
3176
64969
63131
59725
45720
8533
6863
2942
1997
1088
1028
4322
47099
1
117533
3707
7155
1900
39421
1281
1273
1272
1260
1232
1211
1209
1197
1172
1153
946
914
757
146501
53318
2361
94777
2700
5349
4890
4823
4641
4369
4351
4306
4016
3978
3893
3785
3751
3260
3114
3113
3052
5135
5377
78349
5481
8369
106918
55247
5449
3676
106473
44191
107649
88125
68954
65514
8636
6953
6281
5812
2288
5299
1256
34405
2082
80551
2359
2641
3257
3275
3300
3301
4069
5219
5507
7373
8861
27904
63992
69640
66097
66934
69526
69712
71057
46970
47640
6985
7361
44555
3030
5618
5971
82461
104841
8972
6754
2968
1955
7478
32892
34162
35957
37729
45950
100365
150
2174
8623
111624
130682
1199
4467
7458
4911
5909
47465
4388
1131
64957
48711
4189
4612
6683
6986
27255
52319
5445
104283
8865
1080
4018
8961
26554
26585
31878
33794
1721
4721
7376
31221
32025
35836
232
2424
3948
1935
8795
7161
8464
26662
34321
56367
68358
93040
95441
97938
106696
118997
54290
111
247
8874
7844
36401
741
104
2502
8528
61024
76251
78209
593
858
1042
1120
1200
1610
3793
4121
924
7153
1274
2924
2997
3265
3996
4993
5782
5902
5952
6350
6539
6857
7022
7090
1572
339
1942
64620
97921
97752
97673
97304
96832
96811
96728
96610
96588
96417
95761
95558
95449
95135
94969
94959
94931
97923
98154
98961
103449
106766
106100
105504
105355
105197
103688
103624
103372
99114
103107
102469
102194
101895
101525
101285
99149
91077
90866
90531
71108
72395
72226
72176
72131
72011
71745
71464
70293
73023
69481
67665
67429
67087
66665
64839
64701
72741
78653
90439
88810
90376
90057
89804
89759
89492
89470
89260
88235
81786
88129
87304
86833
86320
85394
83976
82313
106916
106920
107141
137337
142488
141749
140725
140715
140174
139642
139385
134881
144172
134859
134130
133771
133645
132800
132549
132547
143385
146656
131796
163949
111931
82152
66203
47044
138610
164979
164977
163056
148482
161582
161336
160954
158783
156387
155064
148626
132458
128606
107636
112515
114342
114254
113064
112852
112556
112552
112550
112290
114662
112183
112070
111622
111505
111251
111249
110871
114459
115139
128512
123695
128360
128235
127212
127206
127144
127114
127108
123663
115569
122882
118880
118700
117176
116797
116161
115713
64622
72720
64614
8584
8236
8207
8195
8154
8128
7926
7792
7438
7335
7195
6983
6981
6874
6830
6783
6643
6515
8494
8645
6229
8751
41863
41585
40819
40629
63876
38304
37741
34517
31770
26366
26151
26150
25927
25805
8767
8766
8765
6433
5956
45028
3671
3632
3539
3498
3415
3384
3111
3089
2927
2920
2857
2747
2730
2202
2182
2178
2109
1957
3634
3679
5795
3742
5791
5747
5464
5289
5198
5169
4928
4763
4712
4437
4327
4326
4262
4103
3947
3811
3789
42217
39183
53894
52967
55069
55063
55052
54881
54513
54286
46723
47274
47423
47629
54272
53953
48516
48696
48738
48774
53123
49824
53000
49917
50068
51540
52241
55118
55253
55269
46664
63082
61357
61323
61240
61236
60766
60069
58879
58191
57669
56805
56788
56782
56607
56286
56152
45210
56015
55946
55442
55363
55280
55276
52579
70286
135518
27611
293
132046
1061
121231
111384
3361
4011
2571
215
48394
74458
3949
6218
318
72998
2936
319
364
306
588
2677
2330
1245
3246
41997
52281
5064
1291
745
3022
8125
541
954
1036
44199
1283
7243
3629
40614
2028
2329
2273
5602
2600
8781
7347
3175
2985
780
3160
4638
4223
4023
3916
2989
3499
494
434
153
1617
3994
