7153
5952
47
4993
8795
3978
5902
3260
2019
924
5445
296
2502
2959
2288
88125
5608
27592
4226
1258
130682
27773
48394
1219
2529
1729
778
1997
48780
1089
62849
1704
66097
68157
74458
4995
2542
1079
79132
1732
1517
1639
1376
1635
3893
1801
2692
3751
3361
3114
3113
3052
2700
2396
1954
2369
2085
2012
1358
3785
1956
2004
135518
1259
5662
52885
31658
30745
8188
6713
6287
3546
1250
1256
1080
247
111
40614
54290
58559
67997
5
186
236
246
300
337
350
357
529
587
4016
661
904
1059
1242
628
5377
4041
146501
53318
39421
7155
5984
3707
3176
64969
63131
59725
45720
8533
6942
6863
2942
1088
541
757
4322
914
1935
1572
1283
1281
1273
1272
1260
1232
1211
1209
1197
1172
1153
954
946
1028
77455
4306
107649
65514
8636
6953
6281
5812
5481
109374
5349
5135
4890
4823
4701
4641
4369
4351
68954
3703
60072
44191
47099
40148
6016
117533
2361
1900
94777
78349
70286
8369
106918
55247
5449
3676
106473
118997
26662
109249
8928
7373
5507
5219
4069
3882
3809
3301
3300
3275
3257
2641
2359
1061
80551
2082
8861
27904
82461
34405
5618
3030
44555
7361
6985
47640
46970
71057
69712
69526
68319
66934
63992
60684
37733
104841
69640
8972
7458
2968
1199
111624
107999
8623
2174
150
100365
45950
37729
35957
34162
32892
7478
1955
4467
4911
5909
6986
608
52319
121231
109487
260
27255
6683
47465
4612
4189
48711
64957
1131
4388
5971
104283
106696
2424
1265
1210
1176
318
232
50
35836
32025
31221
7376
4721
122886
1721
33794
31878
2068
3948
132046
4018
97938
95441
93040
72998
68358
56367
46578
34321
27611
1957
26614
8464
7161
5299
4973
26585
26554
8961
8874
1120
1042
858
593
78209
76251
61024
55820
52973
8528
1103
104
36401
8865
6754
1200
1610
3793
5782
7844
7090
7022
6857
6539
6350
3996
4121
3265
2997
2924
2571
1274
741
1942
599
74545
97673
96832
96811
96728
96610
96588
96417
95761
95558
95449
95135
94969
94959
94931
91077
90866
90531
90439
97304
97752
90057
97921
105355
105197
103688
103624
103449
103372
103107
102469
102194
101895
101525
101285
99149
99114
98961
98154
97923
90376
89804
106100
80489
79242
78653
78574
78039
2109
74324
73023
72741
72720
72395
72226
72176
72131
72011
71745
71464
71108
80463
81562
89759
81591
89492
89470
89260
88810
88235
88129
87304
86833
86320
85394
83976
82463
82459
82313
81932
81845
81786
105504
106766
69481
144172
142488
141749
140725
140715
140174
139642
139385
137337
134881
134859
134130
133771
133645
132800
132549
132547
132458
143385
146656
128606
148482
111931
111384
82152
66203
47044
138610
164979
164977
163949
163056
161582
161336
160954
158783
156387
155064
148626
131796
128512
106916
114342
113064
112852
112556
112552
112550
112515
112290
112183
112070
111622
111505
111251
111249
110871
107636
107141
106920
114254
114459
128360
114662
128235
127212
127206
127144
127114
127108
123695
123663
122882
118880
118700
117176
116797
116161
115713
115569
115139
70293
339
67665
8125
8751
8645
8584
8494
8236
8207
8195
8154
8128
7926
47423
7792
7438
7335
7243
7195
6983
6981
6874
6830
8765
8766
8767
25805
46723
67429
45210
45028
42217
41997
41863
41585
40819
40629
39183
38304
37741
34517
31770
26366
26151
26150
25927
6783
6643
6515
3679
3634
3632
3629
3539
3498
3415
3384
3111
3089
3022
2936
2927
2920
2857
2747
2730
2202
2182
2178
3671
3742
6433
3789
6229
5956
5795
5791
5747
5464
5289
5198
5169
4928
4763
4712
4437
4327
4326
4262
4103
3947
3811
47274
46664
60069
53123
54513
57669
54286
54272
53953
53894
53000
56782
52967
52579
52281
52241
51540
58191
54881
56805
56788
55052
55063
55069
55118
55253
55269
55276
55280
55363
55442
55946
56015
56152
56286
58879
56607
60766
64614
67255
67087
47629
66665
48516
48696
48738
48774
64839
49824
64622
64620
64701
63876
61236
50068
49917
61240
61357
61323
63082
115617
134853
215
2028
78499
3246
2677
588
2330
1245
306
364
319
520
377
1
6218
3949
293
4011
5064
1291
745
3994
1036
44199
7347
2600
434
494
780
1617
2273
2329
3160
2985
2989
8781
3175
153
3916
4023
4223
4638
5602
3499
