3703
260
4973
44191
2571
1291
7090
7844
2924
3996
1210
31878
1199
5952
7153
7022
3265
3751
8795
4993
107999
2019
6350
608
65514
109249
780
2329
3160
3175
3499
3916
2600
4023
4223
4638
5602
8781
7347
2985
2273
153
434
1617
494
2989
111624
5299
68319
3809
8874
6539
5971
31658
5902
3978
3260
6218
1250
122886
3994
8861
4018
44199
1079
34321
2529
2068
134859
122882
2692
58559
5445
1036
118997
93040
8928
5618
35836
56367
1265
26662
142488
134881
134130
137337
139385
140174
141749
133645
146656
143385
127114
128360
148626
128606
115713
5064
60684
46578
109374
132800
4763
94969
114254
128512
53953
52579
113064
114459
7926
133771
101285
102469
127206
757
112550
161336
111505
110871
111249
3949
69640
1732
127108
64957
293
6942
66934
81786
40614
112515
118700
118880
2730
2920
3634
115617
3030
63131
247
97938
7161
46970
1089
117533
64969
105504
106696
6863
1028
745
109487
337
357
1376
3176
350
1517
300
1358
1635
246
1639
236
215
364
1259
377
306
39421
53318
1801
1059
7155
5984
904
520
661
319
628
3707
587
529
1242
1997
1954
1956
4351
4369
4641
4701
4823
4890
5135
5377
5481
5812
6281
6953
8636
778
88125
107649
3676
5449
55247
106918
8369
78349
1900
186
4016
3893
2361
2004
2012
2085
2369
59725
45720
2396
8533
2700
2942
1088
3785
4322
60072
47099
40148
6016
5608
3052
3113
2542
3361
4041
599
5
27255
121231
52319
7458
8972
104841
2082
80551
1061
2359
2641
3257
3275
3300
3301
3882
4069
5219
5507
7373
27904
37733
63992
66097
1258
6986
30745
6683
1955
7478
32892
34162
35957
37729
45950
100365
150
2174
8623
130682
2968
4467
4911
5909
47465
296
4388
1131
48711
4189
4612
69526
69712
71057
47640
32025
50
232
318
2424
3948
8464
26614
68358
95441
54290
111
1080
1219
1256
1729
2288
3546
5662
6287
6713
8188
27592
31221
7376
4721
8528
6985
7361
44555
82461
6754
8865
36401
104
1103
2502
52973
1721
55820
61024
76251
78209
2997
5782
588
8961
26554
26585
541
339
146501
88235
89804
89759
89492
89470
89260
88810
88129
72176
87304
86833
86320
85394
83976
82313
90057
90376
90439
90531
90866
91077
94931
94959
95135
95449
95558
95761
96417
96588
96610
96728
96811
72741
67429
97304
55253
56286
56152
56015
55946
55276
55269
55118
64839
55063
55052
54881
54513
54286
54272
56607
56782
56788
56805
57669
58191
58879
914
60766
61323
61357
63082
63876
64614
64620
64622
64701
96832
97673
53123
131796
140725
140715
139642
132549
132547
132458
128235
115569
127212
127144
123695
123663
117176
116797
144172
148482
155064
156387
158783
160954
161582
163056
163949
164977
164979
138610
47044
66203
82152
111384
111931
116161
115139
97752
101895
103688
103624
103449
103372
103107
102194
101525
114662
99149
99114
98961
98154
97923
97921
105197
105355
106100
106766
106916
106920
107141
107636
111251
111622
112070
112183
112290
112552
112556
112852
114342
53894
60069
53000
4928
6433
6229
5956
5795
5747
5289
5198
5169
4712
25805
4437
4327
4326
4262
4103
3947
3811
3789
6515
6643
6783
6830
8766
8765
8751
8584
8494
8236
8207
52967
8154
8128
8125
7792
7335
7243
7195
6983
6981
3742
3679
3671
2028
1942
1935
1572
1283
1281
1273
1272
1260
1245
1232
1211
1209
1197
1172
1153
954
946
1957
2109
3632
2178
3629
3539
3498
3415
3384
3246
3111
3089
3022
2936
2927
2857
2747
2677
2330
2202
2182
8767
8195
31770
46723
34517
26151
37741
38304
39183
40629
26150
40819
41585
41863
42217
45028
26366
46664
45210
49917
47274
25927
47423
47629
52241
48516
51540
48696
48738
48774
49824
104283
1274
741
6857
52885
3793
924
77455
134853
4011
47
27773
135518
1176
3114
27611
62849
74458
2959
82463
74545
82459
78039
78574
67255
79242
80463
80489
81562
81591
81845
81932
74324
48780
132046
4226
858
1610
4121
1200
1120
1042
593
48394
67997
72998
68954
94777
1704
106473
33794
4306
1
5349
78499
34405
4995
52281
41997
55363
61240
61236
68157
67665
55069
55442
79132
7438
6874
50068
8645
55280
5791
5464
71108
72720
66665
72395
78653
69481
72131
73023
71745
72226
71464
67087
70293
72011
70286
