2959
67429
63082
57669
58191
58879
60069
60766
61323
55063
61357
63876
64614
64620
64622
64701
64839
61240
61236
55820
1729
778
608
296
47
1103
4041
52973
350
55442
55069
1258
4226
4121
1610
1200
593
858
1042
1120
52241
52967
53000
53123
53894
54513
54272
54286
55118
54881
56805
55052
56788
56782
56607
56286
56152
55269
55253
55276
51540
3949
293
5608
4011
2542
102194
105197
106916
106766
106100
103372
103624
107141
103107
101895
97673
106920
105355
1704
48780
494
3160
2989
4223
2985
153
2600
2329
3916
2273
434
4638
3175
1617
8781
780
4023
5602
3499
7347
78039
81562
80489
81591
78574
81932
74324
81845
74545
79242
80463
67255
82463
82459
27773
1079
318
1036
37733
1089
8128
1957
1273
1211
1197
1172
5747
3111
4262
5198
4326
3679
4103
3811
6016
61024
5782
1732
44199
4995
2997
55280
5791
7438
8645
50068
6874
5464
89470
89492
91077
90376
89260
88810
88235
88129
87304
86833
86320
85394
83976
89759
90057
89804
90439
90531
90866
74458
3793
48394
7361
79132
1219
2529
3882
52281
41997
2288
68157
62849
904
2502
112552
3809
56367
319
3246
306
2677
364
588
1245
2330
77455
2361
2174
33794
7022
3265
26554
26585
1997
60072
55363
5064
27592
50
26614
111384
6942
81786
4973
93040
88125
2028
46578
94931
101525
94959
95135
95449
95558
96728
96588
98961
96811
97304
97752
99149
97921
99114
97923
98154
3676
1259
35836
1265
105504
112290
112556
112852
114342
114662
115569
116161
116797
117176
112183
111622
1291
78499
745
68954
6218
3361
109374
924
215
6863
96832
96610
60684
111
78349
8928
48738
48696
46723
47423
48516
45210
49917
49824
47629
45028
48774
41863
1061
111251
31878
2692
130682
3996
2924
7090
7844
34162
2700
1517
4641
44191
53318
109249
7155
121231
1088
8874
1176
40148
66097
44555
7243
1283
3629
107649
47099
111624
97938
118700
112515
118880
5299
65514
1199
5971
247
67997
39421
52319
7458
3707
2942
117533
59725
66934
72720
72011
78653
73023
69481
72395
72226
72131
71108
71745
66665
70293
71464
67087
34321
118997
69712
64957
3994
55247
6539
6287
104
5449
95441
4351
3052
45950
3275
132547
8464
78209
8494
5956
95761
103449
103688
96417
599
3546
100365
1242
5618
69640
52885
31658
32892
30745
82461
3030
1059
35957
8188
6713
104841
5662
36401
186
104283
1358
37729
246
300
6754
27255
8865
337
7478
357
529
587
628
661
1955
236
6683
2359
1256
4721
5507
5909
47465
4388
1131
31221
32025
232
48711
4189
4612
3301
3300
106696
4911
1721
54290
63992
71057
26662
68358
69526
6986
80551
1080
8861
2968
741
1274
4467
6857
27904
6985
339
6830
2178
4437
4712
4928
5169
5289
5795
6229
6433
6515
6643
6783
6981
6983
7195
7335
7792
8125
4327
3947
3789
140725
2202
2747
2857
2927
2936
3022
3089
140715
3742
3384
3415
3498
3539
3632
139642
3671
8154
8195
8207
112070
47274
55946
56015
72176
72741
82313
107636
115139
42217
123663
123695
127144
127212
128235
131796
132458
46664
41585
8236
26150
8584
8751
8765
8766
8767
25805
25927
26151
40819
26366
31770
34517
37741
38304
39183
40629
2182
132549
5135
1900
541
2085
5984
3176
158783
160954
45720
8533
1028
4322
2369
66203
47044
138610
146501
3893
161582
164979
8369
164977
4016
4306
163056
6953
4369
5812
5377
163949
4823
156387
82152
1209
144172
1942
1635
1935
1639
1572
1281
1272
1260
1232
1801
914
2109
1954
1956
155064
148482
111931
946
1153
954
127108
134881
139385
115713
128606
134130
133645
128360
127114
137337
143385
146656
141749
148626
142488
140174
6350
64969
46970
106918
115617
7373
2396
2424
67665
106473
3634
68319
2920
2730
122882
134859
2571
107999
150
2068
2012
3257
2082
8961
520
4890
5481
6281
8528
3785
3113
3703
111249
161336
132800
128512
7926
127206
133771
52579
757
53953
94969
101285
102469
4763
110871
114459
114254
113064
112550
111505
1250
34405
3751
94777
109487
134853
135518
63131
3114
2641
377
1
5349
5445
2004
5219
4069
3948
76251
47640
3260
5902
3978
70286
7161
4701
1376
7376
40614
4018
8623
5
58559
8636
8972
2019
132046
122886
27611
260
4993
8795
7153
5952
72998
1210
