7153
5952
8795
4993
2019
5902
3260
3978
318
1042
4121
1610
1200
593
1120
858
924
3793
1721
2571
3361
1265
6539
132046
1273
3111
1211
1197
1957
377
1172
55280
5198
5464
4326
5747
5791
6874
7438
50068
8128
8645
4262
4306
4103
3811
3679
59725
2424
6942
55363
55442
55069
61236
61240
111384
121231
63992
69640
27611
1061
79132
135518
5299
70286
68954
72998
4973
2288
88125
34321
1210
8874
3809
2068
118997
27592
109487
5971
35836
63131
7161
130682
111624
60684
46970
94777
55247
1997
105504
56367
106696
64969
260
6350
4018
6863
109374
1028
66097
47
66934
1291
115617
27773
48711
64957
107649
3703
44191
8636
6953
6281
106473
5812
3676
5449
106918
1131
3030
5135
5481
3751
1956
2004
2012
2085
2369
2396
2700
3052
3113
3114
27255
6986
6683
3785
5377
3893
4612
4016
4041
4189
4351
4369
4641
4701
4823
4890
4388
5349
8369
5909
78349
34162
53318
100365
146501
757
45950
914
946
1153
37729
35957
1209
1232
1900
1260
32892
1272
7478
1281
1572
1935
1942
1955
2109
2178
150
2174
8623
39421
2361
47465
117533
6016
40148
1801
47099
60072
77455
4322
4911
1088
2942
4467
8533
45720
2968
1199
107999
3176
3707
5984
7155
1954
608
1639
7376
8928
6857
8861
7373
5507
8961
26554
33794
5219
122886
4721
31221
34405
32025
50
232
4069
1176
3882
3301
3300
3275
3948
3257
27904
37733
8464
55820
82461
104283
44555
6754
8865
36401
104
1103
2502
8528
52973
61024
2997
76251
78209
7361
6985
47640
71057
69712
69526
68319
741
1274
2641
26614
1635
529
186
236
8972
7458
246
300
337
350
357
5445
520
628
67997
661
904
1059
1242
5618
52319
1250
1259
1358
1376
1517
5
58559
26662
40614
2359
80551
46578
68358
2082
93040
95441
97938
109249
2202
54290
111
52885
247
1080
1256
104841
3546
5662
6287
6713
8188
30745
31658
2182
599
82463
96588
97752
97673
97304
96832
96811
96728
96610
96417
97923
95761
95558
95449
95135
94969
94959
94931
97921
98154
90866
103372
106766
106100
105355
105197
103688
103624
103449
103107
98961
102469
102194
101895
101525
101285
99149
99114
91077
90531
106920
78039
81591
81562
80489
80463
79242
78653
78574
74545
81845
74324
73023
72741
72720
72395
72226
72176
81786
81932
90439
88810
90376
90057
89804
89759
89492
89470
89260
88235
82313
88129
87304
86833
86320
85394
83976
82459
106916
107141
72011
137337
142488
141749
140725
140715
140174
139642
139385
134881
144172
134859
134130
133771
133645
132800
132549
132547
143385
146656
131796
163949
111931
82152
66203
47044
138610
164979
164977
163056
148482
161582
161336
160954
158783
156387
155064
148626
132458
128606
107636
112515
114342
114254
113064
112852
112556
112552
112550
112290
114662
112183
112070
111622
111505
111251
111249
110871
114459
115139
128512
123695
128360
128235
127212
127206
127144
127114
127108
123663
115569
122882
118880
118700
117176
116797
116161
115713
72131
339
71745
52967
7335
48516
48696
48738
48774
49824
7195
6983
6981
6830
6783
6643
6515
6433
6229
49917
5956
5795
5289
5169
4928
51540
4763
4712
4437
4327
3947
52241
8584
47629
7792
7926
39183
8765
8766
8767
25805
25927
26150
26151
26366
31770
8494
34517
37741
38304
40629
47423
40819
41585
41863
8236
42217
45028
45210
46664
46723
47274
8207
8195
8154
3789
52579
3742
64701
56805
57669
58191
58879
60069
60766
61323
3089
61357
63082
63876
64614
64620
64622
64839
56782
66665
67087
67255
67429
67665
69481
2927
70293
2920
71108
2857
2747
2730
71464
53000
56788
54881
55052
3671
3634
53123
3632
53894
53953
54272
54286
54513
3539
3498
56607
3415
8751
55063
56015
55253
3384
56286
56152
55269
55276
55946
55118
48394
215
306
319
364
1245
588
3246
2330
2677
134853
1258
6218
52281
41997
5782
1732
78499
26585
1
293
4995
2692
296
74458
1704
62849
1079
5064
31878
745
65514
3994
2529
1219
68157
44199
48780
2936
1036
3949
3022
954
541
8125
7022
3265
2028
4011
1729
778
5608
494
780
153
1617
3916
2273
2985
3499
4023
4223
4638
3175
3160
2989
434
5602
8781
7347
2600
2329
3996
7844
2924
587
7090
3629
1283
7243
4226
2542
2959
1089
