7153
5952
8795
4993
2019
924
3978
3260
5902
80489
78039
78574
67255
79242
80463
74545
74324
81591
79132
81845
81932
82459
82463
81562
88125
33794
50
58559
26614
78499
77455
48394
74458
293
47
66097
2571
60684
4226
132046
48780
1265
1704
2529
4011
27611
109487
2959
1176
62849
135518
70286
72998
4995
27773
1210
260
5
337
529
520
377
357
350
300
186
246
587
100365
215
67997
236
628
31658
1517
2004
1956
1954
1801
1639
1635
1376
661
1358
1259
1250
1242
1059
904
52885
1061
30745
2085
134853
118997
115617
109374
109249
106696
97938
95441
93040
68358
56367
46578
34321
2174
26662
54290
40614
111
150
27592
8188
6713
6287
5662
3546
2288
247
1729
1256
1219
1089
1080
1079
2012
2369
8464
60072
40148
6016
5608
34162
2542
778
1
117533
2361
1900
94777
78349
8369
106918
55247
47099
32892
2396
7478
3707
3176
64969
63131
59725
45720
8533
6942
6863
2942
1997
1088
1028
4322
1955
5449
3676
106473
44191
4351
4306
4041
4016
37729
3893
3785
3751
3361
45950
3114
3113
3052
2700
2692
4369
4641
4701
6953
3703
107649
35957
68954
65514
8636
6281
4823
5812
5481
5377
5349
5135
4890
8623
5299
7161
494
8972
153
78209
76251
61024
55820
52973
8528
2502
1103
104
36401
8865
6754
69640
434
593
1732
745
3160
2989
2985
2600
2329
2273
1617
1610
1291
1200
1120
1042
1036
858
780
104283
82461
5971
5618
27904
8928
8861
7373
5507
5219
4069
3882
3809
3301
3300
3275
3257
2641
2359
34405
37733
80551
71057
3030
44555
7361
6985
47640
46970
69712
2082
69526
68319
68157
66934
104841
63992
3175
3499
3793
47465
2968
31878
26585
26554
8961
8874
7155
7844
4467
7090
7022
4911
6857
6539
6350
1721
122886
4721
111624
4973
4018
3948
2424
2068
107999
318
7376
232
130682
1199
35836
32025
31221
5909
5782
3916
296
52319
8781
608
5445
7347
6218
5602
5064
4638
4223
4121
4023
7458
3994
3949
121231
44199
1258
1274
3996
3265
2997
2924
4388
1131
64957
27255
48711
4189
4612
6683
741
6986
5984
599
39421
95449
96832
96811
96728
96610
96588
96417
95761
95558
95135
61240
94969
94959
94931
91077
90866
90531
90439
90376
97304
97673
97752
97921
105355
105197
103688
103624
103449
103372
103107
102469
102194
101895
101525
101285
99149
99114
98961
98154
97923
90057
89804
89759
72131
71745
71464
71108
70293
69481
67665
67429
67087
66665
64839
64701
64622
64620
64614
63876
63082
61357
72011
72176
89492
72226
89470
89260
88810
88235
88129
87304
86833
86320
85394
83976
82313
81786
78653
73023
72741
72720
72395
105504
106100
106766
144172
142488
141749
140725
140715
140174
139642
139385
137337
134881
134859
134130
133771
133645
132800
132549
132547
132458
143385
146656
128606
148482
111931
111384
82152
66203
47044
138610
164979
164977
163949
163056
161582
161336
160954
158783
156387
155064
148626
131796
128512
106916
114342
113064
112852
112556
112552
112550
112515
112290
112183
112070
111622
111505
111251
111249
110871
107636
107141
106920
114254
114459
128360
114662
128235
127212
127206
127144
127114
127108
123695
123663
122882
118880
118700
117176
116797
116161
115713
115569
115139
61323
61236
53318
3679
4327
4326
4262
4103
3947
3811
3789
3742
3671
60766
3634
3632
3629
3539
3498
3415
3384
3246
4437
4712
4763
4928
6983
6981
6874
6830
6783
6643
6515
6433
6229
5956
5795
5791
5747
5464
5289
5198
5169
3111
3089
3022
1272
1245
1232
1211
1209
1197
1172
1153
954
946
914
757
146501
588
541
364
319
306
1260
1273
2936
1281
2927
2920
2857
2747
2730
2677
2330
2202
2182
2178
2109
2028
1957
1942
1935
1572
1283
7195
7243
7335
55069
55052
54881
54513
54286
54272
53953
53894
53123
53000
52967
52579
52281
52241
51540
50068
49917
49824
55063
55118
48738
55253
60069
58879
58191
57669
56805
56788
56782
56607
56286
56152
56015
55946
55442
55363
55280
55276
55269
48774
48696
7438
26151
25927
25805
8767
8766
8765
8751
8645
8584
8494
8236
8207
8195
8154
8128
8125
7926
7792
26150
26366
48516
31770
47629
47423
47274
46723
46664
45210
45028
42217
41997
41863
41585
40819
40629
39183
38304
37741
34517
339
