4973
5952
7153
3260
3978
5902
318
6539
357
1080
2997
1079
3114
4928
3384
8207
3671
3679
8128
3811
6229
3947
7792
5747
4103
4262
4326
5198
4437
4712
3111
3498
2178
26366
1272
2109
1273
47274
1197
1957
1211
1172
608
26614
50
4993
8795
2330
306
2677
319
364
3246
1245
588
924
93040
2730
2542
260
337
1
3751
904
5507
7361
26554
69640
5782
778
1729
3809
3361
2019
1265
1089
2028
78499
109249
106473
4226
296
79132
5299
215
6942
8874
115617
111624
1732
3882
3707
2942
40148
48780
35836
134853
62849
350
4041
1103
52973
4018
3703
2571
8928
34321
541
3022
4641
1635
1358
954
2502
1259
8125
5377
109374
7155
5971
118997
46578
111384
4995
56367
293
121231
2936
132046
3629
7243
1283
39421
2529
6350
1061
2959
2692
55820
105504
68157
106696
2174
2068
59725
60072
1210
37733
150
66934
1028
74458
27611
6016
31878
2359
135518
64957
107649
1721
232
27773
70286
1088
72998
1042
1120
1200
1610
4121
858
593
122886
1176
63131
107999
7161
67997
46970
60684
3793
55247
68319
109487
64969
63992
5481
8533
5349
5135
4890
5812
4823
6953
4701
3176
77455
1209
5984
4369
4351
6281
117533
4306
8636
1900
47099
78349
146501
8369
106918
5449
757
914
946
4322
3676
44191
1153
53318
68954
2361
45720
247
4016
69526
2641
3257
3275
3300
3301
4069
5219
7373
8861
27904
34405
69712
8528
71057
47640
6985
44555
3030
5618
82461
104283
6754
8865
36401
80551
2082
104841
8972
1955
7478
32892
34162
35957
37729
45950
100365
8623
4911
5909
47465
4388
1131
48711
4189
4612
6683
6986
27255
52319
5445
7458
104
61024
3893
1376
52885
58559
5
186
246
377
587
628
661
1059
1250
1639
76251
1954
1956
2004
2012
2085
2369
2396
2700
3052
3113
3785
31658
30745
8188
6713
78209
741
1274
6857
8961
33794
4721
7376
31221
32025
3948
8464
26662
68358
95441
97938
54290
40614
111
1256
3546
5662
6287
1232
599
1260
96811
98154
97923
97921
97752
97673
97304
96832
96728
94959
96610
96588
96417
95761
95558
95449
95135
98961
99114
99149
101285
106920
106916
106766
106100
105355
105197
103688
103624
103449
103372
103107
102469
102194
101895
101525
94969
94931
72720
80489
82459
82313
81932
81845
81786
81591
81562
80463
91077
79242
78653
78574
78039
74545
74324
73023
82463
83976
85394
86320
90866
90531
90439
90376
90057
89804
89759
89492
89470
89260
88810
88235
88129
87304
1281
107141
107636
110871
139385
143385
142488
141749
140725
140715
140174
139642
137337
111249
134881
134859
134130
133771
133645
132800
132549
144172
146656
148482
148626
111931
82152
66203
47044
138610
164979
164977
163949
163056
161582
161336
160954
158783
156387
155064
132547
132458
131796
115569
114662
114459
114342
114254
113064
112852
112556
112550
112515
112290
112183
112070
111622
111505
111251
115139
115713
128606
116161
128512
128360
128235
127212
127206
127144
127114
127108
123695
123663
122882
118880
118700
117176
116797
72741
86833
72395
47423
46664
45210
45028
42217
41997
41863
41585
40819
40629
39183
38304
37741
34517
31770
26151
26150
25927
25805
8767
46723
47629
55063
48516
54881
54513
54286
72226
53953
53894
53123
53000
52967
52579
52281
52241
51540
50068
49917
49824
48774
48738
48696
8766
8765
8751
8645
5169
4763
4327
3789
3742
3634
3632
3539
3415
3089
2927
2920
2857
2747
2202
2182
1942
1935
1572
5289
5464
5791
7195
8584
8494
8236
8195
8154
7926
7438
7335
6983
5795
6981
6874
6830
6783
6643
6515
6433
5956
55052
54272
339
57669
63082
61357
61323
61240
61236
60766
60069
58879
58191
56805
55946
56788
55276
55280
56782
56607
55363
56286
55442
56152
63876
64614
64620
64622
72176
72131
72011
55069
71745
55118
71464
71108
55253
70293
69481
67665
67429
67255
67087
66665
64839
64701
55269
56015
94777
112552
1704
66097
745
1997
48394
130682
1219
26585
65514
27592
1258
88125
2288
6218
3996
7090
7844
2924
7022
3265
6863
4011
1517
529
5608
2424
1199
2968
1291
5064
47
4467
3994
1036
44199
1242
520
236
300
3499
5602
494
434
153
7347
1617
2273
2329
2600
3916
2985
2989
4223
8781
4023
4638
3160
3175
780
3949
1801
