1120
4121
858
1042
1200
1610
593
2959
5952
7153
3793
4226
5608
2542
778
1729
8795
4993
47
3265
7022
296
1219
5782
1704
4011
3949
2019
1089
26585
3978
3260
5902
4973
1079
62849
1036
2529
1210
318
6874
7438
5791
5464
50068
55280
8645
924
3996
7844
2924
7090
48780
4326
4262
4103
3811
8128
3679
5198
3111
5747
1211
1957
1197
1172
1273
1258
1732
79132
260
2997
6942
31878
293
1997
2571
4995
35836
8874
40148
3703
55363
41997
52281
55442
55069
50
26614
61236
61240
608
8961
2700
8636
3751
1061
1265
34405
5618
27773
48394
745
39183
38304
37741
40629
40819
132046
74458
93040
3246
306
319
588
2677
364
2330
1245
5299
7361
26554
5349
377
2502
246
33794
2028
3809
107999
3114
6539
106473
6016
104283
6857
52885
1274
741
1721
65514
7155
68157
70286
111
68954
37733
2641
7373
6218
2361
5971
111384
1103
350
4041
52973
34321
4018
2936
72998
2692
27611
109249
68319
130682
111624
6350
118997
215
3361
3030
94777
104
1942
1
529
1259
5449
6983
8464
2369
5445
1935
946
5377
3089
1954
6287
1639
3632
2202
2927
44191
8861
59725
88125
236
27592
1291
60072
115617
135518
7243
3629
1283
56367
78499
1250
2920
1281
8928
46664
25927
2068
46578
26662
109374
1131
2288
122886
109487
55820
69640
8125
3022
954
541
1199
2359
39421
121231
134853
3882
1176
2942
60684
3707
66934
247
63131
63992
7161
53318
46970
66097
67997
2174
1088
232
6863
100365
64969
2396
300
1517
587
628
1242
4306
2968
117533
150
78349
3916
780
8781
4223
3175
5602
3160
7347
2989
2985
2600
153
4638
434
2329
494
3499
4023
2273
1617
64957
4911
47465
4467
55247
105504
4890
106696
44199
112552
1028
5064
107649
4189
27255
4612
6986
4721
3546
52319
6683
1256
7458
48711
8972
7376
186
31221
32025
1955
7478
32892
34162
35957
37729
45950
8369
8623
106918
97938
6953
3676
54290
5909
1080
4388
5662
4823
6281
104841
47640
6985
44555
82461
3052
6754
8865
36401
8528
61024
76251
2085
2004
1956
78209
1801
1635
1376
1358
904
661
337
5
68358
71057
69712
5219
6713
8188
5812
2082
80551
3257
5481
3275
3300
3301
5135
69526
30745
5507
31658
27904
4701
4641
4369
4351
58559
4016
95441
599
1900
99149
98961
98154
97923
97921
97752
97673
97304
96832
96811
96728
96610
96588
96417
95761
95558
99114
101285
95135
101525
107141
106920
106916
106766
106100
105355
105197
103688
103624
103449
103372
103107
102469
102194
101895
95449
94969
110871
86320
83976
82463
82459
82313
81932
81845
81786
81591
81562
80489
80463
79242
78653
78574
78039
85394
86833
94959
87304
94931
91077
90866
90531
90439
90376
90057
89804
89759
89492
89470
89260
88810
88235
88129
107636
111249
74324
146656
143385
142488
141749
140725
140715
140174
139642
139385
137337
134881
134859
134130
133771
133645
132800
144172
148482
132547
148626
111931
82152
66203
47044
138610
164979
164977
163949
163056
161582
161336
160954
158783
156387
155064
132549
132458
111251
115713
115139
114662
114459
114342
114254
113064
112852
112556
112550
112515
112290
112183
112070
111622
111505
115569
116161
131796
116797
128606
128512
128360
128235
127212
127206
127144
127114
127108
123695
123663
122882
118880
118700
117176
47099
74545
73023
6830
8154
7926
7792
7335
7195
6981
6783
8207
6643
6515
6433
6229
5956
5795
8195
8236
5169
26151
42217
41863
72741
34517
31770
26366
26150
8494
25805
8767
8766
8765
8751
8584
5289
4928
45210
914
1572
1272
1260
1232
1209
1153
757
2178
146501
5984
45720
8533
4322
77455
2109
2182
4763
3671
4712
4437
4327
3947
3789
3742
3634
2730
3539
3498
3415
3384
2857
2747
45028
41585
46723
56286
64622
64620
64614
63876
63082
61357
61323
60766
60069
58879
58191
57669
56805
47274
56782
64701
64839
66665
71745
72720
72395
72226
72176
72131
72011
71464
67087
71108
70293
69481
67665
67429
67255
56607
56788
53953
54881
52579
52967
49917
53000
49824
53123
48774
53894
56152
54272
48738
54286
51540
54513
55052
55063
48696
48516
47629
55118
55253
47423
55269
55276
55946
56015
52241
2424
3994
40614
2012
1059
3893
3948
339
3176
357
520
4069
3785
3113
