1517
104
5449
6287
246
3176
587
3361
4016
3978
3893
3785
3751
135518
3260
4306
3114
3113
2700
2692
2396
4041
4641
4351
4369
88125
68954
65514
8636
6953
6281
5812
5481
5377
5349
5135
4890
4823
4701
2085
2369
2004
2012
3703
236
215
5
67997
58559
52885
31658
30745
27773
27592
8188
6713
5662
3546
2529
300
337
350
1250
1956
1954
1801
1635
1358
1259
1242
377
1059
904
661
628
529
520
107649
44191
1729
1283
1273
1272
1260
1245
1232
1211
1209
1197
1172
1153
954
946
914
757
146501
1281
1572
541
1935
2936
2927
2920
2857
2747
2730
2677
2330
2202
2182
2178
2109
2028
1957
1942
588
364
106473
60072
40148
6016
5608
2959
2542
778
1
117533
2361
1900
78349
70286
8369
106918
3676
47099
62849
319
77455
306
53318
39421
7155
5984
3707
59725
45720
8533
2942
1997
1088
1028
4322
78499
2288
1256
3089
80551
3300
3275
3257
2641
2359
1732
1061
2082
6985
104841
69640
8972
7458
5445
608
52319
3301
3882
4069
5219
71057
69712
69526
68319
68157
66097
63992
48394
37733
34405
27904
8928
8861
7373
5507
121231
109487
48780
4911
2968
1199
130682
107999
8623
2174
150
100365
45950
37729
35957
34162
32892
7478
1955
4467
5909
4995
47465
4226
1704
1258
260
27255
6986
6683
4612
4189
48711
74458
64957
1131
4388
296
47640
7361
1219
50
8464
3948
2424
1210
1176
318
232
47
44555
32025
31221
7376
4721
122886
1721
33794
26614
26662
27611
46578
1089
1080
1079
247
111
40614
54290
134853
109249
106696
97938
95441
93040
72998
68358
26585
26554
8961
741
76251
61024
55820
52973
8528
2502
1103
36401
8865
6754
132046
104283
82461
5618
3030
78209
924
8795
1274
7844
7153
7090
7022
6857
5952
5902
5782
4993
3996
3265
2997
2924
2571
2019
3022
599
3111
96728
97923
97921
97752
97673
97304
96832
96811
96610
98961
96588
96417
95761
95558
95449
95135
94969
98154
99114
94931
103624
106916
106766
106100
105504
105355
105197
103688
103449
99149
103372
103107
102469
102194
101895
101525
101285
94959
91077
107141
79242
81932
81845
81786
81591
81562
80489
80463
78653
82459
78574
78039
74545
74324
73023
72741
72720
82313
82463
90866
89470
90531
90439
90376
90057
89804
89759
89492
89260
83976
88810
88235
88129
3246
86833
86320
85394
106920
107636
72226
139385
143385
142488
141749
140725
140715
140174
139642
137337
146656
134881
134859
134130
133771
133645
132800
132549
144172
148482
132458
164977
111931
111384
82152
66203
47044
138610
164979
163949
148626
163056
161582
161336
160954
158783
156387
155064
132547
131796
110871
112550
114459
114342
114254
113064
112852
112556
112552
112515
115139
112290
112183
112070
111622
111505
111251
111249
114662
115569
128606
127108
128512
128360
128235
127212
127206
127144
127114
123695
115713
123663
122882
118880
118700
117176
116797
116161
72395
87304
72176
38304
34517
31770
26366
26151
26150
25927
25805
8767
8766
8765
8751
8645
8584
8494
8236
8207
8195
8154
8128
37741
39183
72131
40629
50068
49917
49824
48774
48738
48696
48516
47629
47423
47274
46723
46664
45210
45028
42217
41997
41863
41585
40819
8125
7926
7792
7438
4712
4437
4327
4326
4262
4103
3947
3811
3789
3742
3679
3671
3634
3632
3629
3539
3498
3415
3384
4763
4928
5169
6643
7335
7243
7195
6983
6981
6874
6830
6783
6515
5198
6433
6229
5956
5795
5791
5747
5464
5289
51540
339
54286
56782
56286
55442
61240
61236
52241
52281
52579
52967
53000
53123
53894
53953
54272
60766
54513
54881
55052
55063
56152
55069
55118
55253
55269
56015
55946
55276
55280
56607
61323
61357
58879
72011
71745
71464
71108
70293
69481
67665
67429
67255
67087
66665
60069
64839
55363
63082
63876
56788
64620
64622
56805
64701
58191
64614
57669
66934
6863
4018
6350
64969
56367
94777
46970
6942
6539
115617
7161
109374
63131
31878
35836
118997
2068
8874
34321
55247
60684
111624
79132
5971
4973
5299
3809
1265
357
1639
1376
3052
293
6218
3949
4011
1291
5064
745
3994
1036
3793
186
44199
1200
3916
3499
3175
3160
2989
2985
2600
2329
2273
1617
1610
1120
8781
1042
780
593
494
434
153
4023
4121
4223
4638
5602
7347
858
