1610
1200
593
858
4121
1042
1120
3793
3160
434
2989
1617
2273
780
3175
2329
494
2600
2985
153
3499
3916
4023
4223
4638
5602
7347
8781
293
1036
3994
4226
44199
7153
5952
4011
1210
4993
8795
260
3949
50
26614
2571
318
745
1079
2959
2396
4306
2502
3111
1197
1273
1172
1957
3679
3811
1211
8128
4103
4262
5747
5198
4326
2019
5064
2028
2529
3703
132046
5608
1291
79132
3246
364
1245
2330
588
319
2677
306
47
4973
6218
3361
1219
3978
3260
5902
48780
4995
3022
8125
954
541
1283
3629
7243
3751
4890
109249
72998
7022
3265
1704
74458
3809
5299
2936
1997
608
27611
924
70286
215
1089
3996
357
3789
7844
1721
8154
2924
2857
4327
2641
7090
5812
587
628
5349
1639
1376
1358
1259
914
1242
1059
1209
904
5377
31878
135518
40614
2692
26585
3634
1250
62849
107999
68319
599
27773
46578
122886
109487
4018
7161
8928
2068
8861
8874
60072
109374
94777
778
1729
111384
65514
1265
34321
121231
115617
118997
130682
1061
2424
34405
1258
59725
88125
232
2542
35836
6539
56367
7373
6350
111624
63992
63131
68157
27592
48394
46970
5971
64969
66934
52281
41997
6942
66097
64957
1732
95441
97938
111622
106696
107141
113064
114254
114342
6857
54290
106920
112852
112556
3948
32025
1176
112070
112183
111505
111251
112290
106916
8464
111249
26662
8961
110871
31221
7376
4721
112515
68358
107636
33794
112550
247
74545
1080
106766
103372
103107
102469
102194
101895
101525
1517
1635
101285
1801
1954
1956
2004
2085
99149
99114
2700
3113
74324
98961
98154
97923
3785
103449
661
103624
52885
106100
1256
105504
3546
5662
6287
6713
114459
30745
31658
58559
103688
5
186
105355
236
246
300
337
105197
520
529
8188
122882
114662
3301
164977
52319
163949
7458
8972
69640
104841
2082
80551
163056
3275
3300
161582
138610
4069
5219
5507
27904
60684
161336
69526
69712
71057
47640
6985
44555
164979
47044
5618
2968
1955
7478
32892
34162
35957
37729
45950
100365
150
8623
111931
1199
4467
66203
4911
5909
47465
4388
1131
48711
4189
4612
6683
6986
27255
82152
3030
82461
115139
127114
132800
132549
132547
132458
131796
128606
128512
128360
128235
127212
127206
127144
127108
133771
123695
123663
97921
118880
741
118700
1274
117176
116797
116161
115713
115569
133645
134130
104283
148626
160954
6754
8865
36401
104
158783
8528
61024
76251
78209
156387
155064
148482
134859
146656
144172
143385
142488
141749
140725
140715
140174
139642
139385
137337
134881
3893
3114
4016
39183
8751
8765
8766
8767
25805
25927
26150
26151
26366
31770
34517
37741
38304
40629
81786
40819
41585
41863
42217
45028
45210
46664
46723
47274
47423
47629
48516
48696
8584
8494
8236
8207
81562
4437
4712
4763
4928
5169
80489
5289
5795
5956
6229
6433
6515
6643
6783
6830
6981
6983
7195
79242
7335
7792
7926
78653
78574
78039
8195
48738
48774
49824
60069
61323
61357
63082
63876
64614
64620
64622
64701
64839
66665
67087
67255
67429
67665
69481
70293
71108
71464
71745
72011
72131
72176
72226
72395
72720
72741
73023
60766
58879
49917
58191
51540
52241
52579
52967
53000
53123
53894
53953
54272
54286
54513
54881
55052
55063
55118
55253
55269
55276
55946
56015
56152
56286
56607
56782
56788
56805
57669
81591
80463
81845
1153
94959
94931
44191
96728
146501
757
91077
946
90866
90531
89759
90439
90376
90057
8636
1232
89804
6953
6281
1260
94969
95135
95449
106473
47099
6016
96417
4322
1028
96588
117533
95558
1900
8533
45720
78349
96610
8369
106918
5984
55247
5449
3676
95761
1272
1281
89492
97304
85394
3384
5135
97673
3415
3498
3539
83976
4701
4369
4351
3632
82463
3671
82459
3742
82313
81932
3947
97752
86320
3089
77455
1572
1942
89470
89260
96811
2109
2178
2182
86833
2202
88810
88235
2730
2747
88129
2920
96832
2927
87304
1935
6863
296
111
53318
134853
3707
39421
2361
7155
107649
37733
3882
55820
68954
112552
2288
67997
40148
350
52973
4041
1103
61236
61240
55069
55442
55363
78499
6874
8645
5791
5464
7438
339
2359
50068
3257
55280
1
377
2174
2942
1088
5782
93040
7361
26554
3176
2369
3052
4823
5445
4641
2997
2012
5481
