260
339
3246
2330
1245
588
364
319
306
2677
296
153
2989
8781
7347
5602
4638
4223
3916
3499
3175
3160
4023
2985
494
2600
434
780
2329
2273
1617
2028
293
215
44199
1036
3994
745
778
1729
5064
1291
4011
1089
3949
68157
2959
6218
2542
1210
1079
2019
132046
2068
122886
1732
107999
27611
109487
68319
134853
2571
135518
3703
109249
70286
72998
115617
79132
52885
118997
127144
247
111
40614
54290
127206
5
31658
109374
186
106696
97938
95441
93040
1080
127114
1219
1256
68358
2288
67997
2529
3546
5662
6287
6713
8188
27592
58559
27773
30745
127108
114342
56367
33794
35836
32025
31221
7376
4721
128512
1721
31878
246
26585
26554
8961
8874
8795
7844
7153
47
50
232
318
46578
34321
127212
26662
26614
8464
7161
5299
4973
4018
3948
128235
1265
128360
1176
123695
337
300
5135
8636
6953
6281
5812
5481
5377
5349
4890
7022
4823
4701
4641
4369
4351
4306
4041
65514
68954
88125
107649
122882
123663
1
117533
2361
1900
94777
78349
8369
106918
55247
5449
3676
106473
44191
4016
3978
3893
1635
1376
1358
1259
1250
1242
1059
904
661
628
587
529
520
377
357
350
1517
1639
3785
1801
3751
3361
3260
3114
3113
3052
2700
2692
2396
2369
2085
2012
2004
1956
1954
7090
6857
5608
80551
3300
3275
3257
2641
2359
47044
1061
2082
66203
104841
69640
8972
7458
5445
608
52319
3301
3809
3882
4069
164979
138610
66934
66097
63992
60684
48394
37733
34405
27904
8928
8861
7373
5507
5219
121231
48780
69712
150
2968
1199
130682
111624
111931
8623
2174
100365
4995
45950
37729
35957
34162
32892
7478
1955
4467
4911
5909
47465
4226
1704
1258
82152
27255
6986
6683
4612
4189
48711
74458
64957
1131
4388
111384
69526
71057
6539
139642
133771
134130
134859
4121
134881
137337
139385
140174
148482
3793
140715
140725
141749
142488
143385
144172
133645
132800
132549
132547
6350
5952
5902
5782
4993
3996
3265
2997
2924
128606
131796
1274
924
741
132458
146656
148626
46970
104283
2502
1103
104
36401
8865
6754
164977
82461
1610
5971
5618
3030
44555
7361
6985
47640
8528
52973
55820
61024
155064
1200
1120
1042
156387
858
158783
160954
593
161336
161582
163056
163949
78209
76251
114254
118880
6016
67255
71745
71464
71108
70293
69481
67665
67429
67087
72131
66665
64839
64701
64622
64620
64614
63876
72011
72176
51540
78653
81845
81786
81591
81562
80489
80463
79242
78574
72226
78039
74545
74324
73023
72741
72720
72395
63082
61357
61323
54286
55253
55118
55069
55063
55052
54881
54513
54272
61240
53953
53894
53123
53000
52967
52579
52281
55269
55276
55280
55363
61236
60766
60069
58879
58191
57669
56805
56788
56782
56607
56286
56152
56015
55946
55442
81932
82313
82459
103372
106100
105504
105355
105197
103688
103624
103449
103107
98154
102469
102194
101895
101525
101285
99149
99114
106766
106916
106920
107141
113064
112852
112556
112552
112550
112515
112290
112183
112070
111622
111505
111251
111249
110871
107636
98961
97923
82463
89260
90439
90376
90057
89804
89759
89492
89470
88810
97921
88235
88129
87304
86833
86320
85394
83976
90531
90866
91077
94931
97752
97673
97304
96832
96811
96728
96610
96588
96417
95761
95558
95449
95135
94969
94959
52241
50068
40148
1942
115139
2202
2182
2178
2109
115569
1957
1935
2730
1572
1283
1281
1273
1272
1260
115713
114662
2747
49917
3415
3679
3671
3634
3632
3629
3539
3498
3384
2857
114459
3111
3089
3022
2936
2927
2920
1232
1211
1209
1997
63131
59725
45720
8533
6942
6863
2942
1088
1197
1028
4322
78499
77455
62849
60072
47099
64969
3176
3707
5984
1172
1153
954
946
914
757
146501
116161
541
116797
117176
118700
53318
39421
7155
3742
3789
8207
25927
38304
37741
34517
31770
26366
26151
26150
25805
3811
8767
8766
8765
8751
8645
8584
8494
39183
40629
40819
41585
49824
48774
48738
48696
48516
47629
47423
47274
46723
46664
45210
45028
42217
41997
41863
8236
599
8195
4928
5795
5791
5747
5464
5289
5198
5169
4763
8154
4712
4437
4327
4326
4262
4103
3947
5956
6229
6433
6515
8128
8125
7926
7792
7438
7335
7243
7195
6983
6981
6874
6830
6783
6643
2424
236
