2959
2542
778
1729
4011
40148
62849
1200
40819
1042
1120
858
1610
593
40629
39183
4121
37741
38304
1079
4226
296
2529
5608
48780
3793
1732
3949
1089
74458
434
7347
8781
494
5602
153
3499
4638
3175
3916
4023
4223
780
3160
2989
1617
2273
2985
2600
2329
4995
47
1219
27773
1704
44199
79132
1036
3994
745
5064
1291
6218
1258
293
34162
661
6942
7155
6016
2359
1721
59725
35836
67997
39421
111624
3707
2942
2424
1265
63992
4973
1358
1376
135518
1259
2288
30745
27592
8188
6713
6287
5662
3546
1256
1250
1080
247
111
40614
54290
134853
118997
31658
52885
58559
5
1242
1059
904
628
587
529
520
377
357
350
337
300
246
215
186
236
1639
1517
106918
117533
2361
1900
94777
78349
70286
8369
55247
1635
5449
3676
106473
44191
3703
107649
88125
1
47099
60072
77455
319
306
53318
5984
3176
64969
63131
45720
8533
6863
1997
1088
1028
4322
78499
68954
65514
8636
3751
3260
3114
3113
3052
2700
2692
2396
2369
2085
2012
2004
1956
1954
1801
109374
3361
3785
6953
3893
6281
5812
5481
5349
5135
4890
4823
4701
4641
4369
4351
4306
4041
4016
3978
115617
32025
109249
106696
7373
5507
5219
4069
3882
3809
3301
3300
3275
3257
2641
1061
80551
2082
104841
8861
8928
27904
69526
7361
6985
47640
46970
71057
69712
68319
34405
68157
66934
66097
60684
48394
37733
69640
8972
7458
150
2968
1199
130682
107999
8623
2174
100365
4911
45950
37729
35957
32892
7478
1955
4467
5909
5445
6986
608
52319
121231
109487
260
27255
6683
47465
4612
4189
48711
64957
1131
4388
44555
3030
5618
4721
1176
318
50
541
31221
7376
122886
2068
33794
31878
26585
26554
8961
8874
1210
3948
7844
46578
97938
95441
93040
72998
68358
56367
34321
4018
27611
26662
26614
8464
7161
5299
8795
7153
5971
1103
76251
61024
55820
52973
8528
2502
104
741
36401
8865
6754
132046
104283
82461
78209
924
7090
5782
7022
6857
6539
6350
5952
5902
4993
1274
3996
3265
2997
2924
2571
2019
364
599
588
94969
96728
96610
96588
96417
95761
95558
95449
95135
94959
89492
94931
91077
90866
90531
90439
90376
90057
89804
96811
96832
97304
97673
103688
103624
103449
103372
103107
102469
102194
101895
101525
101285
99149
99114
98961
98154
97923
97921
97752
89759
89470
105355
72176
78039
74545
74324
73023
72741
72720
72395
72226
72131
89260
72011
71745
71464
71108
70293
69481
67665
67429
78574
78653
79242
80463
88810
88235
88129
87304
86833
86320
85394
83976
82463
82459
82313
81932
81845
81786
81591
81562
80489
105197
105504
146501
134881
142488
141749
140725
140715
140174
139642
139385
137337
134859
128512
134130
133771
133645
132800
132549
132547
132458
131796
143385
144172
146656
148482
111931
111384
82152
66203
47044
138610
164979
164977
163949
163056
161582
161336
160954
158783
156387
155064
148626
128606
128360
106100
111622
112852
112556
112552
112550
112515
112290
112183
112070
111505
128235
111251
111249
110871
107636
107141
106920
106916
106766
113064
114254
114342
114459
127212
127206
127144
127114
127108
123695
123663
122882
118880
118700
117176
116797
116161
115713
115569
115139
114662
67255
67087
66665
4262
5198
5169
4928
4763
4712
4437
4327
4326
4103
64839
3947
3811
3789
3742
3679
3671
3634
3632
5289
5464
5747
5791
7926
7792
7438
7335
7243
7195
6983
6981
6874
6830
6783
6643
6515
6433
6229
5956
5795
3629
3539
3498
1942
1572
1283
1281
1273
1272
1260
1245
1232
1211
1209
1197
1172
1153
954
946
914
757
1935
1957
3415
2028
3384
3246
3111
3089
3022
2936
2927
2920
2857
2747
2730
2677
2330
2202
2182
2178
2109
8125
8128
8154
55118
56015
55946
55442
55363
55280
55276
55269
55253
55069
8195
55063
55052
54881
54513
54286
54272
53953
53894
56152
56286
56607
56782
64701
64622
64620
64614
63876
63082
61357
61323
61240
61236
60766
60069
58879
58191
57669
56805
56788
53123
53000
52967
52579
41585
34517
31770
26366
26151
26150
25927
25805
8767
8766
8765
8751
8645
8584
8494
8236
8207
41863
41997
42217
45028
52281
52241
51540
50068
49917
49824
48774
48738
48696
48516
47629
47423
47274
46723
46664
45210
339
232
5377
