2028
1245
306
319
364
2677
2330
3246
588
1610
593
858
1042
1120
1200
4121
3114
1079
3629
7243
1283
2396
2641
2529
1
3679
3811
4103
4262
4326
5198
5747
318
1242
1259
1211
246
1639
2085
1256
8128
357
904
3111
1273
1197
1957
1172
260
215
541
8125
954
3022
78499
3793
2936
2959
150
608
4890
778
1729
41997
52281
134853
109249
3809
3703
8861
106473
115617
296
3361
2424
48780
4041
52973
350
1103
68319
4226
4995
48394
62849
7373
2542
27773
4973
74458
1732
111384
47
3176
1704
1265
1376
1358
50
26614
1997
121231
1210
8928
55820
109374
26585
1061
46578
3882
37733
2068
2019
122886
7022
3265
5782
107999
5608
1250
1089
1219
5299
68157
130682
5971
94777
1176
111624
60684
55247
34321
34405
8874
118997
35836
31878
63131
7161
1258
6539
6942
46970
56367
64969
6350
4018
66934
3707
3893
7155
3978
59725
3785
914
3751
45720
1954
1517
3260
1635
8533
1153
3113
2692
2942
4016
2012
2004
1801
1956
946
1059
1028
1900
6953
8636
65514
68954
5984
2361
44191
757
4322
39421
3676
5449
106918
146501
8369
78349
6281
5812
5481
5377
4306
4351
4369
4641
4701
53318
4823
77455
60072
5135
47099
40148
6016
5349
117533
88125
599
661
104841
80551
2359
3257
3275
3300
3301
4069
5219
5507
27904
63992
66097
69526
69712
71057
47640
6985
7361
44555
3030
5618
82461
104283
6754
8865
36401
104
2082
69640
8528
8972
1955
7478
32892
34162
35957
37729
45950
100365
8623
1199
2968
4467
4911
5909
47465
4388
1131
64957
48711
4189
4612
6683
6986
27255
52319
5445
7458
2502
61024
628
95441
106696
54290
40614
111
247
1080
2288
3546
5662
6287
6713
8188
27592
30745
31658
52885
58559
67997
5
186
236
300
337
377
520
529
587
97938
93040
76251
68358
78209
741
924
1274
2924
2997
3996
4993
5902
5952
6857
7090
7153
7844
8795
8961
26554
33794
1721
4721
7376
31221
32025
232
3948
8464
26662
1209
339
1232
96610
97921
97752
97673
97304
96832
96811
96728
96588
98154
96417
95761
95558
95449
95135
94969
94959
97923
98961
91077
103449
106766
106100
105504
105355
105197
103688
103624
103372
99114
103107
102469
102194
101895
101525
101285
99149
94931
90866
72176
78653
1260
81786
81591
81562
80489
80463
79242
78574
82313
78039
74545
74324
73023
72741
72720
72395
81932
82459
90531
89260
90439
90376
90057
89804
89759
89492
89470
88810
82463
88235
88129
87304
86833
86320
85394
83976
106916
106920
107141
137337
142488
141749
140725
140715
140174
139642
139385
134881
144172
134859
134130
133771
133645
132800
132549
132547
143385
146656
107636
163949
111931
82152
66203
47044
138610
164979
164977
163056
148482
161582
161336
160954
158783
156387
155064
148626
132458
131796
128606
112515
114459
114342
114254
113064
112852
112556
112550
112290
128512
112183
112070
111622
111505
111251
111249
110871
114662
115139
115569
115713
128360
128235
127212
127206
127144
127114
127108
123695
123663
122882
118880
118700
117176
116797
116161
72226
81845
72131
6981
26150
25927
25805
8767
8766
8765
8751
8645
8584
8494
8236
8207
8195
8154
7926
7792
7438
7335
7195
26151
26366
31770
45210
48774
48738
48696
47629
47423
47274
46723
46664
45028
34517
42217
41863
41585
40819
40629
39183
38304
37741
6983
6874
49917
6830
3539
3498
3415
3384
3089
2927
2920
2857
2747
2730
2202
2182
2178
2109
1942
1935
1572
1281
1272
3632
3634
3671
5464
6783
6643
6515
6433
6229
5956
5795
5791
5289
3742
5169
4928
4763
4712
4437
4327
3947
3789
49824
48516
61236
61240
60766
56152
53894
60069
58879
58191
57669
56805
56788
56782
53953
54272
54286
54513
56607
54881
55052
56286
55063
55069
55118
55253
55269
55276
55280
55363
55442
56015
55946
61323
53123
72011
71745
50068
71464
71108
70293
51540
69481
67665
67429
52241
67255
52579
52967
67087
53000
66665
64839
64701
64622
64620
64614
63876
63082
61357
109487
6863
1088
72998
112552
70286
107649
79132
135518
293
27611
132046
2174
2369
3052
2700
6218
745
4011
3949
1291
2571
5064
1036
3994
44199
780
2273
494
434
1617
153
2329
2600
2985
3160
3175
3499
3916
4023
4223
4638
5602
7347
8781
2989
