1721
2396
2942
608
1704
4041
1103
52973
350
59725
4890
4995
2424
3809
6942
5608
1088
55820
3882
37733
1079
4973
7155
63992
2959
1219
39421
8928
3949
109249
1176
4226
46578
3707
109374
79132
1732
35836
4121
1610
593
1042
1120
2997
858
1200
47
1258
5782
26554
7361
3793
93040
236
3114
150
115617
587
1250
246
1358
300
337
1259
1242
1059
357
377
904
661
520
628
529
215
135518
186
106696
247
111
40614
54290
134853
118997
97938
1089
95441
72998
68358
56367
34321
27611
1080
1256
5
27592
67997
58559
52885
31658
30745
27773
8188
1729
6713
6287
5662
3546
2529
2288
1376
2692
1517
94777
6016
2542
778
1
117533
2361
1900
78349
47099
70286
8369
106918
55247
5449
3676
106473
40148
60072
1635
63131
364
319
306
53318
5984
3176
64969
45720
62849
8533
6863
1997
1028
4322
78499
77455
44191
3703
107649
26614
3785
3751
3361
3260
3113
3052
2700
2369
88125
2085
2012
2004
1956
1954
1801
1639
3893
3978
4016
4306
68954
65514
8636
6953
6281
5812
5481
5377
5349
5135
4823
4701
4641
4369
4351
26662
31221
8464
3300
27904
8861
7373
5507
5219
4069
3301
3275
8972
3257
2641
2359
1061
80551
2082
104841
34405
48394
60684
66097
104283
82461
5971
5618
3030
44555
6985
47640
46970
71057
69712
69526
68319
68157
66934
69640
7458
7161
2174
4467
2968
1199
130682
111624
107999
8623
100365
5445
45950
37729
35957
34162
32892
7478
1955
4911
5909
47465
296
52319
121231
109487
48780
260
27255
6986
6683
4612
4189
48711
74458
64957
1131
4388
132046
6754
8865
6350
8795
7844
7153
7090
7022
6857
6539
5952
36401
5902
4993
3996
3265
2924
2571
2019
8874
8961
26585
31878
5299
4018
3948
2068
1265
1210
318
232
50
32025
588
7376
4721
122886
33794
1274
924
741
2329
1617
1291
1036
780
745
494
434
293
153
78209
76251
61024
8528
2502
104
2273
2600
44199
2985
8781
7347
6218
5602
5064
4638
4223
4023
4011
3994
3916
3499
3175
3160
2989
541
599
146501
94959
96610
96588
96417
95761
95558
95449
95135
94969
94931
96811
91077
90866
90531
90439
90376
90057
89804
89759
96728
96832
757
101525
103688
103624
103449
103372
103107
102469
102194
101895
101285
97304
99149
99114
98961
98154
97923
97921
97752
97673
89492
89470
89260
72131
74545
74324
73023
72741
72720
72395
72226
72176
72011
88810
71745
71464
71108
70293
69481
67665
67429
67255
78039
78574
78653
79242
88235
88129
87304
86833
86320
85394
83976
82463
82459
82313
81932
81845
81786
81591
81562
80489
80463
105197
105355
105504
134881
142488
141749
140725
140715
140174
139642
139385
137337
134859
128512
134130
133771
133645
132800
132549
132547
132458
131796
143385
144172
146656
148482
111931
111384
82152
66203
47044
138610
164979
164977
163949
163056
161582
161336
160954
158783
156387
155064
148626
128606
128360
106100
111622
112852
112556
112552
112550
112515
112290
112183
112070
111505
128235
111251
111249
110871
107636
107141
106920
106916
106766
113064
114254
114342
114459
127212
127206
127144
127114
127108
123695
123663
122882
118880
118700
117176
116797
116161
115713
115569
115139
114662
67087
66665
64839
4327
5464
5289
5198
5169
4928
4763
4712
4437
4326
3632
4262
4103
3947
3811
3789
3742
3679
3671
5747
5791
5795
5956
8128
8125
7926
7792
7438
7335
7243
7195
6983
6981
6874
6830
6783
6643
6515
6433
6229
3634
3629
8195
1245
1942
1935
1572
1283
1281
1273
1272
1260
1232
3539
1211
1209
1197
1172
1153
954
946
914
1957
2028
2109
2178
3498
3415
3384
3246
3111
3089
3022
2936
2927
2920
2857
2747
2730
2677
2330
2202
2182
8154
8207
64701
55069
55946
55442
55363
55280
55276
55269
55253
55118
55063
52967
55052
54881
54513
54286
54272
53953
53894
53123
56015
56152
56286
56607
64622
64620
64614
63876
63082
61357
61323
61240
61236
60766
60069
58879
58191
57669
56805
56788
56782
53000
52579
8236
26150
40629
39183
38304
37741
34517
31770
26366
26151
25927
52281
25805
8767
8766
8765
8751
8645
8584
8494
40819
41585
41863
41997
52241
51540
50068
49917
49824
48774
48738
48696
48516
47629
47423
47274
46723
46664
45210
45028
42217
339
