2936
46664
25927
3089
946
3632
1935
1942
6983
2202
2927
3022
8125
541
954
1281
2920
1283
3629
7243
2028
31770
1260
8767
8766
8765
8751
8236
115139
7195
2182
6830
5169
6515
7335
5289
56015
1153
41585
64622
63082
64839
64701
67429
64620
64614
63876
61357
61323
60766
60069
58879
58191
57669
55063
78499
81591
82463
82459
81932
81845
78574
81562
80489
80463
67255
79242
74324
74545
78039
55820
5952
7153
25805
8195
3742
6981
42217
6433
1572
26150
26151
6783
3415
6643
1232
72395
72131
72226
71745
72720
71464
73023
71108
67087
78653
70293
69481
72011
66665
61240
61236
5747
3811
1197
1273
1172
1957
3111
3679
8128
1211
5198
4326
4262
4103
67665
77455
52973
350
1103
4041
924
55276
55118
55253
55269
56152
56286
56607
56788
56805
56782
55052
52241
53894
54513
54286
52967
54272
51540
54881
53000
53123
8795
4993
2019
1219
1
608
6985
3260
3978
5902
140715
139642
140725
148482
164977
55946
164979
132549
132458
123663
82313
34517
112070
123695
3539
107636
8584
2747
127144
127212
128235
72741
131796
72176
1258
8154
4327
3789
2857
914
1209
1732
2959
3634
3676
1256
55442
55069
5608
111
1245
319
364
2677
2330
306
588
3246
778
1729
2361
1250
127108
61024
74458
40629
40819
38304
39183
37741
41997
52281
904
1080
1955
296
37733
3114
4226
599
1199
3882
1210
56367
47
33794
4467
67997
2730
215
260
48394
2542
1704
79132
47274
6229
7792
1272
4928
8207
4712
4437
3947
3671
3498
2109
26366
3384
2178
134853
2968
2924
3996
7090
7844
68157
68954
55247
3030
2502
4612
4189
6986
8961
661
337
246
27904
70286
1028
55363
1079
111505
110871
133771
128512
757
132800
102469
161336
112550
94969
4763
101285
113064
114254
114459
53953
52579
7926
127206
111249
150
106473
53318
44191
26614
50
318
60072
81786
134859
122882
112515
118880
118700
65514
7438
50068
6874
5791
5464
55280
8645
1089
8861
3751
3703
88125
8874
111624
78349
34405
8928
122886
5618
31878
3809
107999
5971
2692
4973
106696
2288
3265
7022
121231
109249
109374
66097
2571
40614
64957
132046
520
377
357
58559
2085
5812
1059
2012
5445
4322
5377
115617
109487
4995
7458
4911
47465
27611
135518
4388
66934
3546
232
68319
1176
107649
52319
72998
69712
134130
133645
96728
98154
8972
104841
97921
97923
26662
97304
97673
32025
31221
7376
2082
97752
80551
96811
134881
96588
99149
89759
89804
90057
90376
90439
90531
90866
91077
94931
54290
6754
95135
95449
95558
139385
97938
95441
68358
137337
98961
99114
101525
112183
115569
114662
114342
112852
69526
71057
47640
112556
112290
82461
116161
78209
76251
106766
106916
106920
104283
107141
111622
36401
115713
116797
101895
105355
5662
6857
103107
103372
128606
103624
2641
3257
105197
1274
117176
106100
741
3275
3300
3301
128360
127114
5219
7373
102194
94959
3893
82152
66203
4351
47044
138610
163949
6713
3785
163056
5909
161582
3113
160954
2700
1131
2369
158783
156387
2004
1956
4641
4823
48711
5135
111931
40148
7478
8533
45720
32892
1900
3176
8369
106918
34162
5984
146501
5795
35957
37729
8636
6953
5481
1954
8865
1639
85394
146656
27255
86320
86833
87304
88129
88235
144172
143385
89260
142488
141749
89470
89492
52885
31658
30745
140174
8188
628
88810
148626
1376
1259
155064
1242
1635
6683
83976
1358
2529
1265
130682
62849
27592
1042
858
593
1120
4121
1610
1200
3707
105504
39421
1061
247
48780
100365
2174
112552
2359
117533
6016
60684
63992
7155
69640
6350
118997
46578
3361
64969
6863
59725
111251
3793
96610
96832
94777
46970
111384
44555
93040
26585
1997
35836
2942
26554
45950
8623
132547
339
529
4016
103449
3948
8464
96417
95761
5
587
1801
3052
103688
4306
8494
5349
6281
5956
4721
63131
2396
2068
2424
6942
6539
236
47099
7361
2997
1721
5782
27773
4018
1088
4701
4369
8528
4890
300
1517
5299
293
7161
34321
49917
48516
47629
48696
47423
46723
45210
49824
48774
45028
41863
48738
186
4069
3949
5507
6218
745
1291
4011
5449
104
6287
5064
3994
1036
44199
153
7347
434
5602
494
780
4638
4223
2600
4023
2329
3916
3499
1617
3175
3160
2989
2985
2273
8781
