31658
26662
6350
247
1
1028
78499
134853
27592
106696
115617
27904
5618
60684
118997
6539
66934
27773
186
350
357
246
377
337
5
67997
58559
215
300
236
135518
520
529
2012
2004
1956
1954
1801
1639
1635
1517
1376
1358
1259
1250
1242
1059
904
628
587
52885
5662
30745
72998
56367
46578
34321
27611
26614
8464
7161
5299
4973
4018
3948
2424
2068
1265
1210
68358
93040
8188
95441
6713
6287
2369
3546
2529
2288
1256
1219
1080
111
40614
54290
109374
109249
97938
2085
3052
2396
78349
8533
6942
6863
2942
1997
1088
4322
77455
62849
60072
47099
40148
6016
5608
117533
2361
1900
45720
59725
63131
364
954
946
914
757
146501
588
541
319
64969
306
53318
39421
7155
5984
3707
3176
94777
70286
2692
8369
4823
4701
4641
4369
4351
4306
4041
4016
3978
3893
3785
3751
3260
3114
3113
232
2700
4890
5135
5349
107649
106918
55247
5449
3676
106473
44191
3703
88125
5377
68954
65514
8636
6953
6281
5812
5481
1176
35836
50
8861
5507
5219
4069
3882
3809
3301
3300
3275
3257
2641
2359
80551
2082
104841
69640
8972
7458
7373
8928
47
34405
104283
82461
5971
3030
44555
7361
6985
47640
46970
71057
69712
69526
68319
66097
63992
48394
37733
5445
608
52319
109487
4467
2968
1199
130682
111624
107999
8623
2174
150
100365
45950
37729
35957
34162
32892
7478
1955
4911
5909
47465
27255
79132
48780
4995
4226
1704
1258
260
6986
4388
6683
4612
4189
48711
74458
64957
1131
132046
8865
36401
4638
5902
5782
4993
3996
3265
2997
2924
2571
2019
1274
924
741
44199
8781
7347
6218
5602
5952
6857
7022
33794
1197
32025
31221
7376
4721
122886
1721
31878
7090
26585
26554
8961
8874
8795
7844
7153
5064
4223
104
4121
1036
858
780
745
593
494
434
293
153
78209
76251
61024
55820
52973
8528
2502
1103
1042
1120
1200
3175
4023
4011
3994
3949
3916
3793
3499
3160
1291
2989
2985
2600
2329
2273
1617
1610
1172
599
1209
94931
96588
96417
95761
95558
95449
95135
94969
94959
91077
89260
90866
90531
90439
90376
90057
89804
89759
89492
96610
96728
96811
96832
103449
103372
103107
102469
102194
101895
101525
101285
99149
99114
98961
98154
97923
97921
97752
97673
97304
89470
88810
103688
72011
74324
73023
72741
72720
72395
72226
72176
72131
71745
88235
71464
71108
70293
69481
67665
67429
1211
67087
74545
78039
78574
78653
88129
87304
86833
86320
85394
83976
82463
82459
82313
81932
81845
81786
81591
81562
80489
80463
79242
103624
105197
64839
134859
141749
140725
140715
140174
139642
139385
137337
134881
134130
128360
133771
133645
132800
132549
132547
132458
131796
128606
142488
143385
144172
146656
111931
82152
66203
47044
138610
164979
164977
163949
163056
161582
161336
160954
158783
156387
155064
148626
148482
128512
128235
105355
111251
112552
112550
112515
112290
112183
112070
111622
111505
111249
127212
110871
107636
107141
106920
106916
106766
106100
105504
112556
112852
113064
114254
127206
127144
127114
127108
123695
123663
122882
118880
118700
117176
116797
116161
115713
115569
114662
114459
114342
66665
67255
64701
4928
6229
5956
5795
5791
5747
5464
5198
4763
26151
4712
4437
4327
4326
4262
4103
3947
6433
6643
6783
6874
25805
8645
8584
8494
64622
8195
8154
8128
8125
7926
7792
7438
7243
6983
6981
3811
3789
3742
2730
2330
2202
2178
2109
2028
1957
1942
1935
1572
1283
1281
1273
1272
1245
1232
2677
2747
3679
2857
3671
3634
3632
3629
3539
3498
3415
3384
3246
3111
3089
3022
2936
2927
2920
26150
8207
26366
54881
55280
55276
55269
55253
55118
55069
55063
55052
54513
55442
54286
54272
53953
53894
53123
53000
52967
52579
55363
55946
52241
60766
64620
64614
63876
63082
61357
61323
61240
61236
60069
56152
58879
58191
57669
56805
56788
56782
56607
56286
52281
339
45210
48516
51540
47423
47629
45028
42217
41997
41863
40819
40629
48696
47274
48738
48774
39183
38304
49824
49917
37741
50068
34517
46723
1732
1061
1079
121231
2542
111384
2959
68157
1089
3361
778
1729
318
661
296
25927
46664
8751
1260
5289
8767
8766
1153
8765
2182
115139
31770
8236
6754
6515
41585
56015
7335
7195
6830
5169
