7153
5952
4993
8795
1200
593
1042
1120
858
1610
4121
2019
5902
3260
3978
260
3793
1210
3703
924
1258
1954
1080
5608
2959
1219
150
2330
306
1245
3246
2677
319
364
588
2028
2361
107999
2529
55118
52241
51540
53000
53894
55253
55269
55276
53123
56152
54272
54286
54513
54881
56805
56788
56782
55052
56607
56286
52967
4226
47
3751
74458
68319
122886
1704
215
55069
55442
48780
3629
7243
1283
1729
778
1732
2288
111
1291
41997
52281
78349
27592
1250
8861
55820
53318
70286
72998
109487
27773
34405
2542
4018
2068
48394
8125
541
3022
954
1079
62849
94777
55247
132046
296
2936
56367
4995
109249
27611
135518
134853
2424
4322
3707
3176
45720
8533
2942
1997
1088
4016
5984
60072
47099
40148
6016
117533
1900
8369
1259
77455
7155
39421
661
1273
1272
1260
1232
1211
628
1209
904
146501
1197
1172
1153
946
914
757
1242
106918
5449
4041
3676
2396
2692
5377
2700
5349
3052
3113
5135
4890
4823
3361
587
3785
4641
4369
3893
4351
2369
2085
5481
1635
44191
1358
1376
107649
1517
88125
68954
1639
2012
1801
65514
8636
6953
5812
1956
2004
4701
1256
529
5219
69640
104841
2082
80551
1061
2359
2641
3257
3275
3300
3301
3809
3882
4069
5507
357
7373
8928
27904
37733
60684
66097
68157
69526
69712
71057
47640
6985
7361
44555
8972
7458
5445
608
1955
7478
32892
34162
35957
37729
45950
100365
2174
8623
111624
130682
1199
2968
4467
4911
5909
47465
4388
1131
64957
48711
4189
4612
6683
6986
27255
121231
52319
3030
5618
5971
232
1176
8464
26614
26662
68358
93040
95441
97938
109374
54290
40614
247
1089
3546
5662
6287
6713
8188
30745
31658
52885
58559
67997
5
236
246
300
337
350
318
50
82461
32025
104283
6754
8865
36401
104
1103
2502
52973
61024
76251
78209
741
1274
2924
2997
3265
3996
5782
6857
7022
7090
7844
8961
26554
26585
33794
4721
7376
31221
1281
599
1572
97673
99149
99114
98961
98154
97923
97921
97752
97304
95449
96832
96811
96728
96610
96588
96417
95761
101285
101525
101895
102194
107636
107141
106920
106916
106766
106100
105504
105355
105197
103688
103624
103449
103372
103107
102469
95558
95135
74324
81786
85394
83976
1935
82459
82313
81932
81845
81591
94969
81562
80489
80463
79242
78653
78574
78039
86320
86833
87304
88129
94959
94931
91077
90866
90531
90439
90376
90057
89804
89759
89492
89470
89260
88810
88235
110871
111249
111251
139642
144172
143385
142488
141749
140725
140715
140174
139385
111505
137337
134881
134859
134130
133771
133645
132800
146656
148482
148626
155064
111931
111384
82152
66203
47044
138610
164979
164977
163949
163056
161582
161336
160954
158783
156387
132549
132547
132458
115713
115139
114662
114459
114342
114254
113064
112852
112556
112552
112550
112515
112290
112183
112070
111622
115569
116161
131796
116797
128606
128512
128360
128235
127212
127206
127144
127114
127108
123695
123663
122882
118880
118700
117176
74545
82463
339
46664
4712
4763
45210
45028
42217
41863
41585
4928
5169
40819
40629
39183
38304
37741
34517
4437
4327
3632
4326
3671
3679
5791
48738
3789
3811
3947
4103
4262
48696
48516
47629
47423
47274
46723
31770
26366
5198
26151
7438
5464
7335
7195
6983
6981
6874
6830
6783
6643
6515
6433
6229
5747
5956
7792
7926
8128
8751
26150
25927
25805
8767
8766
8765
8645
8154
8584
8494
5289
8236
8207
8195
3634
3742
48774
64620
67255
67087
66665
64839
64701
64622
64614
67665
63876
63082
61357
2178
3539
61323
67429
2109
61236
72131
73023
72741
72720
72395
72226
72176
72011
69481
71745
71464
71108
70293
1942
1957
61240
2182
5795
2927
2857
53953
60766
49917
49824
2920
55063
2747
55280
55363
55946
56015
50068
3089
57669
3111
3384
3415
2730
2202
58191
3498
58879
60069
52579
6863
6350
66934
64969
46970
4973
46578
1265
63131
63992
31878
35836
106696
115617
6539
6942
8874
34321
59725
118997
79132
7161
78499
1028
1
3948
5299
1721
4306
3949
293
106473
3114
6218
4011
2571
5064
8528
186
520
6281
3994
1036
44199
745
1059
377
7347
8781
5602
3499
4638
4223
4023
3916
3175
3160
2989
2985
2600
2329
2273
1617
780
494
434
153
