2178
26366
1272
4437
6229
2109
3947
47274
3671
4928
4712
3498
3384
8207
7792
1610
593
858
1200
1042
1120
4121
2936
8125
541
3022
954
3789
2857
4327
914
8154
1209
599
3111
1957
3679
8128
1172
3811
1197
4103
4262
4326
1211
5747
5198
1273
2028
1283
3629
7243
2730
25927
46664
745
3634
1089
3114
3361
318
1281
296
1199
3793
1942
1935
946
3632
2202
2927
3089
6983
5618
2359
1721
1956
2182
8765
8767
8766
1517
1954
31770
1358
8751
529
1
1153
41585
7335
7195
6830
6515
1260
5289
5169
246
56015
357
8236
115139
2174
1028
2571
6942
106473
4467
78499
1250
1079
2542
2968
96417
95761
103688
8494
103449
5956
132547
44191
1997
68157
55946
127144
123695
72741
123663
82313
3539
2747
127212
107636
112070
131796
72176
128235
40629
8584
45950
164979
164977
34517
37741
39183
38304
40819
148482
140725
140715
139642
132549
132458
3246
1245
306
319
364
588
2677
2330
67997
741
52885
104283
1274
6857
96832
96610
111251
2424
293
59725
60684
1219
134853
5971
127108
115617
49824
49917
48738
48774
48696
47423
46723
41863
48516
47629
45028
45210
2920
215
107649
132046
3996
7844
7090
2924
6218
44199
1265
1732
26614
50
106696
63992
3030
4973
109249
3751
111
6016
112552
5299
247
26662
40148
6350
31878
6863
2361
118997
107999
44555
1729
778
111384
1955
1639
1080
377
1259
904
661
2085
4306
4369
3113
4641
3785
2997
3948
2502
2700
47099
1088
121231
1258
27611
2692
130682
260
46578
1061
111624
7161
65514
135518
4018
4911
47465
93040
7361
26554
35836
2068
2288
33794
34321
60072
8874
66934
3809
7155
27592
63131
53318
46970
88125
56367
64969
70286
78349
72998
109374
39421
2273
4638
4223
7347
4023
3916
3499
2329
780
494
3175
3160
2989
1617
2600
2985
153
434
8781
5602
55247
109487
3707
2942
8928
66097
3994
5064
1291
6713
30745
8188
3546
6287
5662
116797
99114
116161
31658
58559
98961
101525
98154
5
186
97923
236
97921
337
97752
97673
520
99149
106916
115713
32025
106920
107141
106766
106100
68358
95441
111622
105355
112183
112290
105197
103624
103372
8464
31221
7376
4721
103107
54290
40614
102194
112556
112852
114342
114662
115569
101895
8195
117176
4388
48711
4189
4612
6683
6986
27255
158783
156387
155064
52319
7458
8972
104841
2082
80551
1131
160954
146656
5909
111931
7478
32892
34162
35957
37729
82152
100365
66203
8623
47044
138610
163949
163056
161582
148626
144172
587
139385
134881
82461
134130
6754
8865
36401
104
8528
61024
76251
78209
133645
128606
128360
127114
137337
140174
2641
6985
3257
3275
3300
3301
4069
5219
7373
27904
143385
142488
141749
69526
69712
71057
47640
97304
339
628
78039
8533
45720
79242
96811
5984
78653
78574
74545
71745
74324
146501
73023
72720
72395
72226
72131
80463
80489
81562
81591
86833
53000
53123
53894
86320
54272
85394
55253
54286
54513
82463
82459
81932
81845
4322
72011
71464
1900
56788
55063
60766
60069
58879
58191
57669
56805
56782
1232
3415
56607
56286
56152
55118
55276
3742
55052
61323
61357
63082
54881
71108
70293
69481
67429
67255
1572
67087
66665
64839
64701
64622
64620
64614
63876
5795
83976
89260
90531
42217
90439
90376
90057
51540
89804
89759
4016
89492
4351
89470
4701
4823
6981
5135
52241
5481
3052
90866
6281
26151
96728
1059
25805
96588
95558
95449
1376
95135
1635
26150
1801
94959
94931
2004
2012
91077
2369
5812
55269
6953
88810
52967
8369
106918
5449
3676
87304
88129
6783
88235
6433
8636
6643
3703
117533
79132
105504
94777
64957
68319
6539
34405
47
122886
7022
3265
3882
37733
97938
1176
69640
27773
55820
608
5782
1210
150
8861
8961
3949
924
48394
4041
1103
52973
350
62849
1036
74458
77455
48780
68954
4011
26585
4995
4226
5608
41997
52281
67665
118700
112515
118880
134859
122882
3978
5902
3260
81786
5349
300
5445
3893
3176
5507
1704
2959
61236
61240
55069
55442
4890
232
5377
52579
102469
7926
112550
161336
114254
111505
111249
110871
113064
53953
101285
94969
114459
4763
127206
128512
757
132800
133771
2529
50068
6874
8645
55280
5791
7438
5464
2019
55363
1242
1256
2396
5952
7153
8795
4993
