79132
1617
4023
2985
2989
3160
3175
3499
3916
2273
1036
780
4223
2329
4638
5602
7347
8781
494
434
153
2600
2571
1704
2959
72998
109374
3994
4973
4011
3949
132046
97304
94931
94959
95135
95449
95558
1245
96588
96728
96811
97923
97752
97921
90866
364
98154
98961
99114
588
101525
99149
91077
86320
90531
90439
8464
3246
58559
2677
2330
85394
306
86833
87304
88129
88235
88810
89260
89470
89492
89759
89804
90057
90376
319
83976
4306
68157
5608
44199
4226
26585
293
745
81786
70286
116161
115569
114662
112183
114342
112852
116797
112556
112290
117176
111622
4995
5064
1291
96610
96832
3809
3265
7022
1729
778
5782
112515
118700
118880
1219
74458
2028
27611
215
6218
1079
1265
111251
48780
2529
608
117533
135518
296
47
40614
1089
62849
93040
1210
64957
1176
2542
52319
109249
60684
97938
7458
109487
1732
100365
46578
111624
112552
1258
8874
67997
8928
74324
79242
74545
78039
82463
82459
81932
81845
81591
81562
80489
80463
78574
67255
27773
5299
34405
67087
66665
69481
78653
71464
72720
73023
72131
72011
72226
71745
72395
71108
70293
94777
5971
31878
67665
69712
34321
6350
78499
260
56367
118997
35836
77455
115617
6539
6942
66934
6713
3546
8188
2012
5662
27592
30745
2004
4016
2288
2085
95441
2692
106696
107649
88125
68954
52885
134853
54290
111
247
2396
1080
2369
1256
31658
4823
65514
4641
1376
350
357
520
529
3361
587
2700
661
904
3751
1059
1242
1250
1358
1259
3785
4351
3893
3978
4041
4369
4701
8636
3260
1956
1801
6953
1639
6281
5812
5
1635
5481
3052
186
5349
5135
4890
1517
3113
3114
236
246
300
337
628
1200
68358
5445
69640
104841
2082
80551
1061
2359
2641
3257
3275
3300
3301
3882
4069
5219
5507
7373
8861
27904
37733
48394
63992
66097
68319
69526
71057
8972
121231
26662
27255
1955
7478
32892
34162
35957
37729
45950
150
2174
8623
107999
130682
1199
2968
4467
4911
5909
47465
4388
1131
48711
4189
4612
6683
6986
46970
47640
6985
7361
3996
4993
5902
5952
6857
7090
7153
7844
8795
8961
26554
1721
122886
4721
7376
31221
32025
50
318
2068
2424
3948
4018
7161
26614
2997
2924
2019
55820
44555
3030
5618
82461
104283
8865
36401
1103
2502
8528
52973
61024
1274
76251
78209
593
858
1042
1120
44191
1610
3793
4121
741
3703
599
106473
56286
64614
63876
63082
61357
61323
61240
61236
60766
60069
58879
58191
57669
56805
56788
56782
64620
64622
64701
97673
103372
103107
102469
102194
101895
101285
96417
64839
95761
94969
82313
72741
72176
67429
56607
56152
46723
56015
53000
52967
52579
52281
52241
51540
50068
49917
49824
48774
48738
48696
48516
47629
47423
53123
53894
53953
55253
55946
55442
55363
55280
55276
55269
55118
54272
55069
55063
55052
54881
54513
54286
103449
103624
103688
105197
146656
144172
143385
142488
141749
140725
140715
140174
139642
139385
137337
134881
134859
134130
133771
148482
148626
155064
164979
111931
111384
82152
66203
47044
138610
164977
156387
163949
163056
161582
161336
160954
158783
133645
132800
132549
107636
113064
112550
112070
111505
111249
110871
107141
114459
106920
106916
106766
106100
105504
105355
114254
115139
132547
127212
132458
131796
128606
128512
128360
128235
127206
115713
127144
127114
127108
123695
123663
122882
3676
47274
46664
3671
2178
2109
1957
1942
1935
1572
1283
1281
1273
1272
1260
1232
1211
1209
1197
2182
2202
2730
3384
3634
3632
3629
3539
3498
3415
3111
2747
3089
3022
2936
2927
2920
2857
1172
1153
954
6016
1088
1028
4322
60072
47099
40148
1
2942
2361
1900
78349
8369
106918
55247
1997
6863
946
7155
914
757
146501
541
53318
39421
5984
8533
3707
3176
64969
63131
59725
45720
45210
339
3679
8236
8766
8765
8751
8645
8584
8494
8207
25805
8195
8154
8128
8125
7926
3742
8767
25927
7335
40629
45028
42217
41997
41863
41585
40819
39183
26150
38304
37741
34517
31770
26366
26151
7438
7792
7243
5747
4262
4327
4437
4712
4763
4928
5169
4103
5198
5289
3947
3811
5464
3789
5791
5795
5956
6229
6433
6515
6643
6783
6830
6874
6981
6983
7195
4326
924
232
33794
6754
1954
5377
104
377
5449
6287
