1172
3111
593
858
1042
1120
1200
1610
8128
4121
5747
5198
4326
4262
3811
3679
4103
1957
1273
1211
1197
2019
4993
8795
3793
7153
5952
260
520
1358
1259
1250
628
587
1242
1059
1376
904
661
529
111
1635
1517
56367
2396
2369
2085
2012
46578
2004
68358
357
1956
93040
1954
1801
95441
1639
377
106696
97938
3546
27592
8188
40614
6713
6287
5662
2529
30745
2288
1729
1256
1089
1080
1079
27773
31658
350
186
337
247
300
246
236
215
109374
52885
118997
2700
5
54290
67997
58559
2692
3785
3052
3113
6942
6863
2942
1997
1088
1028
4322
78499
77455
62849
60072
47099
40148
6016
2542
778
1
8533
45720
59725
319
946
914
757
146501
588
541
364
306
63131
53318
39421
7155
5984
3707
3176
64969
117533
2361
1900
4041
4890
4823
4701
4641
4369
4351
4306
4016
5349
3978
3893
26662
3751
3361
3260
3114
5135
5377
94777
44191
78349
8369
106918
55247
5449
3676
106473
107649
5481
88125
68954
65514
8636
6953
6281
5812
34321
599
26614
104841
8928
8861
7373
5507
5219
4069
3882
3809
3301
3300
3275
3257
2641
2359
1732
1061
80551
27904
34405
37733
46970
5971
5618
3030
44555
7361
6985
47640
71057
48394
69712
69526
68157
66934
66097
63992
60684
2082
69640
8464
8972
4911
4467
2968
1199
130682
111624
8623
2174
150
100365
45950
37729
35957
34162
32892
7478
1955
5909
47465
296
27255
7458
5445
608
52319
121231
48780
4995
6986
4388
6683
4612
4189
48711
74458
64957
1131
82461
104283
6754
8865
26554
8961
8874
7844
7090
7022
6857
6539
6350
5902
5782
3996
3265
2997
2924
1274
924
26585
31878
33794
1176
7161
5299
4973
4018
3948
954
1265
318
1721
232
50
35836
32025
31221
7376
4721
741
44199
8781
76251
780
745
494
434
293
153
78209
61024
1291
55820
52973
8528
2502
1103
104
36401
1036
1617
7347
3994
6218
5602
5064
4638
4223
4023
4011
3916
2273
3499
3175
3160
2989
2985
2600
2329
2424
339
1153
95449
94969
94959
94931
163056
91077
90866
90531
90439
90376
90057
89804
89759
89492
89470
89260
88810
88235
95135
95558
148626
95761
101525
101285
99149
99114
98961
98154
97923
97921
97752
97673
97304
96832
96811
96728
96610
96588
96417
88129
87304
86833
163949
72741
72720
72395
164977
72226
72176
72131
72011
71745
1209
71464
71108
70293
69481
164979
67665
138610
73023
74324
74545
81845
86320
85394
83976
82463
82459
82313
81932
81786
78039
81591
81562
80489
80463
79242
78653
78574
101895
102194
102469
118700
132800
132549
132547
132458
131796
128606
128512
128360
128235
127212
127206
127144
127114
127108
123695
123663
122882
133645
160954
133771
140174
146656
144172
143385
142488
141749
140725
140715
139642
134130
139385
137337
134881
134859
155064
156387
158783
118880
117176
103107
116797
111251
111249
110871
107636
107141
106920
106916
161582
106766
106100
105504
105355
105197
103688
103624
103449
103372
111505
111622
112070
114254
116161
115713
115569
115139
114662
114459
114342
113064
112183
112852
112556
112552
112550
161336
112515
112290
67429
67255
67087
4437
6983
6981
6874
6830
6783
6643
6515
6433
6229
5956
5795
5791
5464
5289
5169
4928
4763
7195
7243
7335
8584
25927
25805
8767
8766
8765
8751
8645
8494
7438
8236
8207
8195
8154
8125
7926
7792
4712
4327
26151
3947
2730
2677
2330
2202
2182
2178
2109
2028
1942
1935
1572
1283
1281
1272
1260
1245
1232
2747
2857
2920
3629
3789
3742
111384
111931
3671
3634
3632
3539
2927
3498
3415
3384
3246
3089
3022
2936
66665
26150
26366
55442
56782
56607
56286
56152
82152
56015
55946
55363
56805
55280
55276
55269
55253
55118
55069
55063
56788
57669
54881
63082
64839
64701
64622
64620
64614
47044
63876
61357
66203
61323
61240
61236
60766
60069
58879
58191
31770
55052
54513
41997
47423
47274
46723
46664
45210
45028
42217
41863
48516
41585
40819
40629
39183
38304
37741
34517
54286
47629
48696
48738
54272
53953
53894
53123
53000
52967
52579
52281
148482
52241
51540
50068
49917
49824
48774
79132
115617
72998
70286
109249
3703
135518
2571
134853
68319
109487
27611
107999
122886
2068
132046
1258
47
1210
1704
4226
3949
2959
5608
1219
