146656
148626
128360
133645
134130
134881
137337
139385
140174
127114
141749
142488
143385
128606
115713
122882
134859
114662
112556
112852
112183
114342
115569
112290
116161
116797
117176
111622
127108
118880
112515
118700
78499
111251
81932
81845
82459
82463
81562
81591
79242
80489
80463
78574
78039
74545
74324
67255
5952
7153
134853
61240
61236
55069
55442
95449
97304
97752
96728
97921
94959
96588
101525
95135
99149
99114
98961
95558
96811
98154
94931
97923
96610
96832
4993
8795
74458
64839
64701
60766
60069
58879
64622
58191
64620
64614
61357
61323
55063
57669
63082
63876
67429
112552
50068
55280
6874
5464
5791
8645
7438
97673
106766
101895
107141
103107
103372
103624
105197
105355
106100
102194
106916
106920
924
55363
3978
3260
5902
89492
83976
85394
86320
87304
88129
88235
89260
89470
86833
89759
90531
89804
91077
90866
88810
90439
90376
90057
41997
52281
1
81786
56805
51540
52241
52967
53000
53123
53894
56788
54272
54286
54513
56607
55052
55118
55253
55269
55276
56152
56286
56782
54881
79132
69481
66665
67087
72226
72720
73023
71108
71464
71745
72011
72131
70293
72395
78653
67665
2959
593
858
1120
1200
1610
4121
1042
77455
2019
117533
109374
48394
55820
115617
296
70286
2028
68157
47
49824
49917
47423
48696
48516
47629
48774
45210
46723
48738
41863
45028
260
2571
48780
3793
3629
7243
1283
4226
132046
1210
122886
58559
46578
105504
5956
132547
95761
96417
8494
103449
103688
1729
778
56367
60684
61024
68954
954
3022
541
8125
97938
1258
33794
26585
5782
67997
111
6016
104841
109487
5299
2529
6863
5608
47099
2288
2068
27773
44555
72998
88125
599
55247
111505
112550
111249
113064
4763
114254
110871
102469
114459
101285
127206
94969
128512
132800
133771
53953
52579
757
161336
7926
2936
306
319
364
3246
588
1245
2677
2330
3265
7022
1089
62849
608
44191
27611
8961
8636
5349
68358
4016
106918
7361
6539
44199
35836
1079
1103
52973
4041
350
4011
2542
135518
8874
109249
4995
1265
118997
1732
40614
1199
1219
2730
3809
2920
4973
2361
27592
6942
3634
93040
215
1036
7161
2997
76251
40819
40629
39183
38304
37741
3114
1704
34321
31878
2174
3546
3703
78349
52319
37733
3882
4018
94777
66097
26554
2424
69640
1088
1250
1176
247
63131
150
7155
64957
2692
34405
3949
46970
106473
4369
6754
5445
60072
1721
95441
111624
69712
8928
293
6350
130682
59725
1997
39421
3707
107999
106696
2942
1028
63992
232
2968
7844
4467
82152
164977
4911
5909
121231
6683
47465
8623
7090
41585
111931
6857
42217
46664
47274
55946
56015
3996
164979
32025
34517
35957
25927
1955
7478
2182
3948
66203
32892
138610
26150
37729
4721
26151
45950
318
100365
50
26366
31770
1131
7376
72176
72741
2924
144172
8865
27255
148482
104283
5971
5618
2359
8464
155064
156387
6985
71057
3257
158783
3275
160954
161582
4189
3300
27904
3301
4612
4069
104
2502
6986
140725
82313
1274
107636
163949
741
112070
115139
123663
163056
123695
127144
127212
128235
131796
2082
132458
132549
80551
1061
111384
139642
140715
48711
3030
2202
26614
4437
5198
5169
107649
4928
3676
5449
4712
8369
5289
4327
1900
4326
4262
4103
3947
3811
65514
6953
3742
6229
2700
3052
6515
3361
26662
3893
6433
5795
6281
4351
4641
4823
5135
5747
5377
5812
3789
40148
2085
1273
1197
1209
1211
1232
2857
1260
1272
1281
1153
2747
1572
1935
1942
1957
2109
2178
1172
946
3679
5984
3671
3632
4322
3539
8533
45720
3176
53318
914
3498
3415
3384
3111
3089
146501
2927
2369
339
1259
6287
6713
377
6981
30745
31658
1635
1517
52885
1376
6830
6783
5
186
236
246
300
337
1358
6643
357
1242
1059
904
661
628
587
529
1639
8188
5662
8207
2012
25805
8767
8766
8765
2004
1956
8751
1954
8584
1801
8236
7792
8128
6983
7195
7335
1256
8195
1080
520
8154
54290
64969
3994
7458
6218
8528
34162
4701
5219
8972
47640
3751
7373
745
66934
2396
5064
1291
2641
3113
47044
3785
4306
5507
8861
82461
78209
36401
4890
5481
2329
2273
494
434
8781
153
7347
5602
4638
4223
4023
1617
780
3499
2600
3916
2985
2989
3160
3175
4388
68319
31221
69526
