3916
3175
3499
1617
4023
4223
4638
2329
153
3160
5602
2273
434
494
2600
780
7347
2985
8781
2989
2997
2959
4011
44199
3949
1036
3994
745
5782
5064
1291
4226
778
1729
7361
26554
5608
93040
111
2700
4121
1200
858
593
1042
1120
1610
2692
6218
293
48780
1219
2529
2542
3793
47
1079
62849
1704
1258
2361
74458
296
1732
4995
27773
94777
79132
1089
109487
1250
1259
135518
1242
247
8188
6713
6287
5662
3546
2288
1256
1080
40614
1059
54290
134853
118997
115617
109374
109249
106696
97938
27592
30745
31658
52885
904
661
628
587
529
520
377
357
350
337
246
236
215
186
5
67997
58559
300
1639
1358
5449
1997
1088
1028
4322
78499
77455
60072
47099
40148
6016
1
117533
1900
78349
70286
8369
106918
2942
6863
6942
39421
146501
588
541
364
319
306
53318
7155
8533
5984
3707
3176
64969
63131
59725
45720
55247
3676
1376
106473
4041
4016
3978
3893
3751
3361
3260
3114
3052
2085
2012
2004
1956
1954
1801
1635
1517
4306
4351
4369
6953
44191
3703
107649
88125
68954
65514
8636
6281
4641
5812
5481
5377
5349
5135
4823
4701
95441
7376
72998
68358
5219
4069
3882
3809
3301
3300
3275
3257
2641
2359
1061
80551
2082
104841
69640
5507
7373
8861
66934
46970
71057
69712
69526
68319
68157
66097
8928
63992
60684
48394
37733
34405
27904
8972
7458
5445
100365
130682
111624
107999
8623
2174
150
45950
2968
37729
35957
34162
32892
7478
1955
1199
4467
608
4612
52319
121231
260
27255
6986
6683
4189
4911
48711
64957
1131
4388
47465
5909
47640
6985
44555
4721
232
50
35836
32025
31221
914
122886
1176
1721
33794
31878
26585
8961
8874
318
1210
7844
8464
56367
46578
34321
27611
26662
26614
7161
1265
5299
4973
4018
3948
2424
2068
8795
7153
3030
36401
55820
52973
8528
2502
1103
104
8865
76251
6754
132046
104283
82461
5971
5618
61024
78209
7090
4993
7022
6857
6539
6350
5952
5902
3996
741
3265
2924
2571
2019
1274
924
757
599
946
94931
96588
96417
95761
95558
95449
95135
94969
94959
91077
96728
90866
90531
90439
90376
90057
89804
89759
89492
96610
96811
105197
101285
103624
103449
103372
103107
102469
102194
101895
101525
99149
96832
99114
98961
98154
97923
97921
97752
97673
97304
89470
89260
88810
72011
74324
73023
72741
72720
72395
72226
72176
72131
71745
88235
71464
71108
70293
69481
67665
67429
67255
67087
74545
78039
78574
78653
88129
87304
86833
86320
85394
83976
82463
82459
82313
81932
81845
81786
81591
81562
80489
80463
79242
103688
105355
954
134859
141749
140725
140715
140174
139642
139385
137337
134881
134130
143385
133771
133645
132800
132549
132547
132458
131796
128606
142488
144172
105504
163949
111931
111384
82152
66203
47044
138610
164979
164977
163056
146656
161582
161336
160954
158783
156387
155064
148626
148482
128512
128360
128235
111505
112556
112552
112550
112515
112290
112183
112070
111622
111251
127212
111249
110871
107636
107141
106920
106916
106766
106100
112852
113064
114254
114342
127206
127144
127114
127108
123695
123663
122882
118880
118700
117176
116797
116161
115713
115569
115139
114662
114459
66665
64839
64701
5795
5747
5464
5289
5198
5169
4928
4763
4712
4437
4327
4326
4262
4103
3947
3811
3789
3742
5791
5956
3671
6229
64622
8128
8125
7926
7792
7438
7335
7243
7195
6983
6981
6874
6830
6783
6643
6515
6433
3679
3634
8207
2178
2028
1957
1942
1935
1572
1283
1281
1273
1272
1260
1245
1232
1211
1209
1197
1172
1153
2109
2182
3632
2202
3629
3539
3498
3415
3384
3246
3111
3089
3022
2936
2927
2920
2857
2747
2730
2677
2330
8195
8154
8236
8494
55363
55280
55276
55269
55253
55118
55069
55063
55052
54881
54513
54286
54272
53953
53894
53123
53000
52967
52579
55442
55946
56015
60766
64620
64614
63876
63082
61357
61323
61240
61236
60069
56152
58879
58191
57669
56805
56788
56782
56607
56286
52281
52241
51540
26150
39183
38304
37741
34517
31770
26366
26151
25927
40819
25805
8767
8766
8765
8751
8645
8584
50068
40629
41585
47274
49917
49824
48774
48738
48696
48516
47629
47423
46723
46664
45210
45028
42217
41997
41863
339
4890
2396
2369
3785
3113
