7153
5952
4993
8795
2542
4011
1089
296
2019
5902
3978
3260
1729
778
55247
40148
2959
122886
106918
3916
2989
3160
3175
3499
4638
4023
4223
2600
5602
7347
8781
2985
2329
153
780
2273
494
434
1617
109487
44199
62849
68157
64957
318
924
7458
48780
4226
1036
3949
745
3994
5064
1291
2529
4995
53894
52241
53123
53000
52967
51540
55052
54272
56152
54513
54881
55118
55253
55269
55276
54286
56788
56782
56805
56607
56286
1210
47423
46723
45210
45028
47629
48696
48516
48738
48774
49824
41863
49917
47099
260
79132
3361
2692
1704
60684
6016
8494
5956
103688
103449
132547
95761
96417
111251
1283
7243
3629
44555
27773
55820
599
111384
1079
121231
3022
8125
954
541
1061
109374
1176
2936
117533
3546
1250
1732
6218
94777
52319
232
107999
114662
117176
116797
116161
115569
114342
112556
112290
112183
111622
112852
67997
78349
69481
71745
72011
72131
70293
72226
72395
72720
71464
73023
67087
66665
78653
71108
118880
118700
112515
2028
135518
68319
67665
69712
3703
2068
112552
46578
134853
5608
1219
72176
8464
2424
7161
4018
3948
110871
111249
26662
107636
68358
95441
106696
54290
111
247
107141
1080
106920
1256
106916
111505
32025
112070
114254
127108
123695
123663
741
122882
1274
115713
2924
3265
3996
115139
114459
6857
106100
7022
7090
113064
7844
8961
26585
33794
1721
112550
4721
7376
31221
106766
6287
5662
3113
1639
1801
1954
1956
2004
2012
2085
72741
2396
103624
2700
3052
3114
1517
103372
103107
3751
3785
3893
102469
4016
4041
4306
4351
4369
4641
1635
1376
127144
337
6713
8188
105504
30745
31658
52885
105355
5
186
236
246
300
350
1358
357
377
520
529
587
628
661
904
1059
1242
105197
1259
127114
127212
127206
2082
164979
164977
163949
163056
161582
161336
160954
5445
158783
8972
69640
104841
80551
47044
156387
155064
2359
2641
3257
3275
3300
3301
3882
4069
5219
5507
138610
27255
4823
1199
1955
7478
32892
34162
35957
37729
45950
100365
150
2174
8623
111931
2968
6986
4467
4911
5909
47465
82152
4388
1131
66203
48711
4189
4612
6683
7373
8861
27904
134859
140725
140715
858
140174
1042
1120
1200
139642
1610
139385
137337
134881
134130
37733
133771
133645
132800
132549
3793
132458
131796
128606
128512
128360
4121
128235
593
141749
142488
143385
148626
63992
148482
69526
71057
46970
47640
6985
146656
3030
5618
82461
104283
6754
8865
36401
104
1103
2502
8528
52973
144172
61024
76251
78209
4701
2369
4890
94969
4327
4437
4712
4763
4928
5169
5198
5289
5747
5795
6229
6433
6515
6643
6783
6830
6981
6983
7195
7335
7792
4326
4262
5135
3384
2182
2202
2730
2747
2857
2920
2927
3089
3111
3415
3947
3498
3539
3632
3634
3671
3679
3742
3789
3811
7926
8128
2109
8154
52579
53953
82313
55063
55946
56015
57669
58191
58879
60069
60766
61323
61357
63082
63876
64614
64620
64622
64701
64839
67429
47274
46664
42217
25927
8195
8207
8236
8584
8751
8765
8766
8767
25805
26150
41585
26151
26366
31770
34517
37741
38304
39183
40629
40819
2178
4103
97673
4322
1088
2942
6863
8533
45720
59725
63131
64969
3176
3707
5984
7155
39421
53318
146501
757
914
946
1153
1028
1957
1197
1
5349
5377
5481
5812
6281
6953
8636
65514
107649
44191
106473
3676
5449
102194
101895
8369
101285
1900
2361
1172
339
1209
1942
1281
1273
1572
1935
1260
1272
1232
1211
55069
55442
66097
70286
34405
40614
88125
6942
27611
96610
96832
1258
48394
97938
132046
215
66934
1997
52281
41997
56367
26554
68954
130682
6539
5782
115617
1265
35836
93040
27592
319
1245
2677
364
3246
2330
588
306
2997
118997
8928
6350
34321
61240
61236
2288
81786
55363
72998
31878
5971
7361
88129
88810
88235
96811
96588
89260
86320
55280
86833
87304
83976
85394
101525
50068
90439
96728
95449
89470
8645
95558
7438
95135
97752
97921
6874
97923
97304
98154
98961
99114
5791
5464
94931
99149
91077
90866
90531
90376
90057
89804
89759
89492
94959
111624
74458
5299
3809
109249
8874
50
26614
60072
608
293
47
2571
58559
77455
78499
4973
82459
74545
82463
74324
67255
79242
81845
81932
80463
81591
80489
78039
78574
81562
