78039
74324
79242
78574
80463
74545
81562
81591
81845
80489
67255
81932
82459
82463
79132
78499
74458
77455
72998
55247
56367
318
49917
48696
49824
48774
48738
33794
48516
47423
46723
88125
45210
45028
41863
58559
47629
150
1610
593
858
1120
1200
1042
4121
72131
78653
61357
63082
63876
64614
64620
64622
64839
66665
67087
67429
72011
69481
70293
71108
71464
73023
71745
72720
72395
72226
61323
64701
60766
58191
60069
57669
55063
58879
4226
44199
67665
70286
4995
132046
44555
47099
3793
54881
51540
52967
53000
53123
53894
54286
54513
52241
54272
55052
56788
55253
55269
55276
56805
55118
56152
56782
56286
56607
8961
3114
47
48780
40614
1265
1704
2571
3994
61024
2529
67997
3361
66097
4011
27611
60684
111624
2424
62849
135518
1210
27773
106918
2959
46578
34405
109487
94777
111384
55820
68157
121231
8874
5608
5299
1061
31878
2692
1176
34321
1219
118997
3949
1089
35836
260
115617
66934
4973
350
27592
1376
1517
1635
1639
30745
1801
1954
1956
31658
2012
2085
8188
2369
2396
6713
1358
1259
337
1199
357
377
520
300
529
246
236
215
186
5
628
130682
661
904
1059
1242
1250
587
8623
2700
44191
35957
8369
34162
78349
1900
1
6016
40148
32892
60072
7478
1955
4322
1088
1997
2942
6942
8533
45720
59725
3176
3707
5984
3676
3703
3052
107649
3113
3546
2174
3751
3785
3893
4016
4041
4351
4369
4641
4701
4823
4890
5135
5349
5377
5812
6281
6953
8636
65514
37729
5662
7090
2968
434
2600
2329
2273
232
1617
1291
1036
780
745
494
293
2288
153
78209
76251
52973
39421
8528
1103
36401
8865
6754
50
2985
2989
3160
7022
26585
3996
1721
122886
4721
7376
31221
32025
3265
2924
8781
7347
5602
5064
4638
4223
4023
3916
3499
3175
82461
6985
47640
7458
52319
27255
6986
6683
4612
4189
48711
64957
1131
68358
4388
47465
5909
95441
4911
7844
134853
54290
4467
1080
1256
5445
8972
71057
104841
69712
69526
68319
63992
37733
27904
8861
7373
5507
3948
5219
4069
3882
3301
3300
3275
3257
2641
2359
26614
80551
7155
599
86833
106100
95761
96417
97673
101285
101895
102194
102469
103107
103372
103449
103624
103688
105197
105355
106766
39183
106916
106920
107141
107636
110871
111249
111251
111505
111622
112070
112183
112290
112515
112550
94969
91077
90866
90531
40819
41585
42217
46664
47274
52579
53953
55946
56015
72176
72741
81786
82313
83976
85394
86320
306
87304
88129
88235
88810
89260
89470
89492
89759
89804
90057
90376
90439
112552
112556
112852
134130
134881
137337
139385
139642
140174
140715
140725
141749
142488
143385
144172
146656
148482
148626
155064
156387
158783
160954
161336
161582
163056
163949
164977
164979
138610
47044
66203
82152
111931
134859
133771
113064
133645
114254
114342
114459
114662
115139
115569
115713
116161
116797
117176
118700
118880
122882
123663
123695
127108
127114
127144
127206
127212
128235
128360
128512
128606
131796
132458
132547
132549
132800
40629
339
38304
3947
3789
3742
3679
3671
3634
3632
3629
3539
3498
3415
3384
3246
3111
3089
3022
3811
4103
2927
4262
6643
6515
6433
6229
5956
5795
5747
5198
5169
4928
4763
4712
4437
4327
4326
2936
2920
6830
1260
1232
1211
1209
1197
1172
1153
954
946
914
757
146501
588
541
364
319
1245
1272
2857
1273
2747
2730
2677
2330
2202
2182
2178
2109
2028
1957
1942
1935
1572
1283
1281
6783
5289
8207
7926
26150
25927
25805
7335
8767
8766
7792
8765
7195
8751
8584
8494
8236
8195
8154
8128
26151
7243
8125
26366
6981
6983
31770
37741
34517
6863
4018
64969
6218
46970
6539
7161
1028
63131
2068
106696
105504
117533
100365
97938
93040
26554
5782
69640
2997
96610
96832
109374
5481
45950
6287
5449
4306
8464
96588
104
97921
95449
94931
95558
101525
99149
99114
2502
94959
98961
98154
97923
95135
97304
7361
96811
97752
96728
109249
8928
296
111
2542
3809
608
1258
53318
1079
2361
1729
778
48394
6350
106473
26662
2082
107999
68954
247
61240
61236
3030
1732
6857
104283
52885
741
1274
5971
55069
55442
52281
41997
55363
924
6874
8645
55280
7438
50068
2004
5791
5464
3978
3260
5902
5618
2019
4993
8795
5952
7153
