2959
5952
7153
61236
61240
81591
78039
74545
74324
80463
67255
80489
79242
81562
81845
81932
82459
82463
78574
1729
778
293
3949
5602
3499
434
494
780
1617
2273
2329
2600
2985
2989
3160
3175
3916
4023
4223
8781
7347
153
4638
78499
4011
3260
5902
3978
5791
6874
7438
8645
55280
5464
50068
296
4973
924
4993
8795
79132
67429
55063
63876
57669
58879
60069
60766
61323
64614
58191
64839
61357
63082
64620
64622
64701
74458
26662
70286
55069
55442
5608
31658
72998
2571
5618
3994
6350
2542
52281
41997
44199
132046
1079
4226
104283
1274
741
6857
52885
8874
94959
95449
95558
96728
96588
94931
95135
96811
97923
101525
99114
98961
98154
99149
97921
97752
97304
68954
2019
48394
5971
68157
1036
2677
319
2330
3246
364
306
588
1245
55247
39183
37741
38304
6016
40629
40819
55363
745
2028
1704
4995
1291
5064
1219
47
2529
77455
62849
107999
60072
1
44555
50
26614
48780
6985
7361
27611
1258
52319
1732
1265
61024
6942
215
135518
6539
6218
33794
1210
1721
45950
4306
8636
3022
954
8125
58559
541
3629
7243
1283
593
858
1042
1120
1200
1610
4121
106473
40614
78653
72131
69481
70293
71464
71745
72011
71108
72226
72720
73023
72395
66665
67087
97938
608
8861
34405
65514
27773
111624
2936
3809
1089
40148
56367
55253
53000
53123
56152
55276
55269
56782
55118
55052
56788
54881
56805
54513
54286
54272
53894
56286
56607
52967
52241
51540
69640
46578
109249
3793
3030
134853
88125
93040
247
106918
67997
109487
8928
64957
66934
7458
63992
260
60684
34321
55820
118997
2288
2424
78349
5299
35836
31878
27592
59725
2997
53318
66097
105504
1176
5782
96610
96832
69712
26554
106696
94777
1028
48774
48516
48696
47629
48738
47423
49824
41863
49917
46723
45210
45028
2968
2012
7478
2004
1956
1954
1955
6986
1801
1639
1635
2085
1517
1376
1358
1259
1250
1242
4351
4641
27255
4701
32892
4189
6683
4612
8623
121231
2174
3361
3785
100365
3113
3052
2396
3893
35957
4467
4911
5909
47465
4388
1131
4041
34162
2369
48711
4823
6713
5445
104
3546
5507
27904
1256
37733
1080
54290
95441
47640
6754
8865
36401
1103
5219
8464
2502
3948
8528
52973
78209
32025
31221
7376
4721
26585
5135
5662
4069
1059
246
904
661
628
587
529
520
377
357
350
8972
337
300
236
6287
2082
186
5
80551
2359
3257
3275
30745
3300
3301
3882
8188
4890
339
47274
5795
6433
140174
6515
6643
6783
6830
6981
6983
7195
7335
7792
139385
8128
8154
8195
6229
5747
146656
5289
3811
3947
4103
144172
143385
4262
4326
4327
97673
4712
142488
141749
4928
5169
5198
8207
8236
137337
134881
56015
127114
115713
115139
107141
106920
106916
106766
106100
105355
105197
103624
103372
103107
102194
5377
46664
42217
25805
134130
8751
8765
133645
8766
8767
25927
41585
26150
26151
26366
31770
128606
128360
3789
4437
3742
7155
163056
8533
161582
3176
3679
5984
39421
1209
146501
160954
914
946
1153
1172
2942
1088
4322
163949
1900
8369
5449
138610
3676
47044
66203
82152
107649
6281
111931
5812
5481
1197
3707
1211
2178
2202
158783
1232
156387
2857
155064
2927
3089
3111
3384
3415
3498
148626
3632
3671
2182
101895
1572
1272
2109
1935
1942
1260
1273
1957
318
122886
1061
130682
2641
232
150
47099
111384
1281
127108
1199
1997
3114
107636
148482
139642
140715
123695
112070
71057
7373
123663
140725
127144
127212
164979
132549
128235
132458
131796
164977
5349
72741
82313
72176
8961
3539
2747
55946
2700
34517
8584
4016
4369
6953
76251
2361
44191
3265
7022
109374
3996
2924
7844
7090
67665
68319
6863
115617
82461
3703
46970
112552
7161
4018
3634
2920
111
2730
122882
134859
2068
45720
3751
37729
68358
69526
2692
599
64969
53953
127206
7926
52579
128512
161336
132800
133771
4763
757
94969
114254
111505
112550
101285
102469
111249
110871
113064
114459
117533
111622
112290
112556
112852
112183
114342
114662
115569
116161
116797
117176
5956
103449
96417
103688
95761
132547
8494
87304
91077
83976
90866
90531
104841
90439
90376
85394
90057
86320
89804
89759
89492
89470
89260
88810
88235
88129
86833
118880
112515
118700
63131
81786
111251
