7153
5952
79132
48696
46723
49824
49917
41863
45028
45210
48738
48516
47629
48774
47423
8795
4993
48780
4226
2959
2529
44199
72998
2542
2571
4011
132046
27611
2019
27773
34405
62849
5902
3978
3260
74458
44555
2028
47099
78499
1729
778
1089
46578
8874
318
2677
2330
1245
588
364
3246
319
306
5956
8494
377
132547
4306
103449
95761
96417
3948
2082
103688
6281
1
2968
94777
1265
70286
40148
924
26585
6942
7243
3629
1283
1210
135518
96610
96832
8861
47
111251
4467
4911
47465
81562
82463
82459
81932
81845
81591
80463
80489
79242
78574
78039
74545
74324
67255
6016
599
5299
111384
1036
2692
4995
3265
7022
293
60684
109487
541
8125
954
3022
215
296
88125
50
904
1259
1517
1954
8369
5481
7458
26614
339
1199
1079
115617
1721
2936
63131
2359
40614
4973
134853
31878
1732
117533
3030
6539
2288
77455
3361
3994
1061
69640
55820
6218
34321
1258
56367
68157
64957
111624
7161
1200
1120
593
858
4121
1042
1610
27592
1704
5971
260
3809
59725
121231
68319
5608
66097
247
78349
67997
1176
56152
55253
53894
55118
54881
55052
55269
55276
53123
53000
52967
54513
54286
56286
56607
56782
56788
56805
52241
51540
54272
63992
1219
109374
105504
2068
3949
6350
6863
64622
60069
55063
67429
64839
64701
64620
64614
63876
61357
61323
60766
63082
57669
58191
58879
61024
5445
37741
38304
40629
40819
39183
4351
58559
357
66203
1080
33794
6985
3546
2361
53318
130682
1997
111
6713
31658
128360
8188
4369
52885
4701
132458
30745
4641
32892
4823
133645
65514
8636
6953
128235
5812
1955
5135
5662
1256
186
132800
4890
7478
132549
5
3893
4016
128606
37729
1635
1801
35957
1956
2004
2012
1358
2085
2369
2396
3113
3052
2700
1376
45950
128512
529
107999
246
300
337
131796
520
8623
100365
628
3785
661
2174
1242
1250
4612
6857
54290
5618
163056
27904
161582
69526
69712
71057
47640
161336
82461
97938
104283
160954
6754
8865
36401
2502
76251
78209
7373
5507
5219
4069
6986
27255
138610
4189
164979
164977
48711
52319
47044
104841
163949
80551
2641
3257
3275
3300
3301
1131
4388
158783
140715
4721
7376
31221
32025
140174
111931
139642
139385
137337
134881
8464
26662
134859
134130
68358
133771
95441
122886
8961
156387
140725
741
97673
1274
148626
148482
2924
3996
146656
144172
143385
5909
6683
82152
7090
142488
7844
141749
155064
97752
107649
88810
6981
6983
7195
112550
7335
96728
7792
7926
8128
8154
8195
8207
98154
8236
112515
8584
88129
8751
8765
8766
8767
88235
6830
25927
6783
4262
4326
4327
4437
4712
89492
4763
89470
4928
5169
5198
5289
97921
89260
96811
5795
112552
6229
6433
6515
6643
25805
26150
3947
97923
52579
53953
99114
96588
99149
82313
101285
101525
55946
56015
81786
101895
102194
106100
102469
103107
103372
103624
105197
105355
72741
83976
106766
26151
106916
26366
31770
34517
41585
112290
87304
42217
112183
112070
86833
46664
111622
47274
111505
111249
110871
86320
107636
85394
107141
106920
4103
5747
3811
4322
1088
116797
8533
45720
90866
3176
5984
90531
116161
115713
115569
115139
146501
3789
90439
757
914
946
90376
1153
1172
97304
117176
1209
91077
44191
98961
3676
95558
95449
95135
94969
94959
127212
127206
1900
127144
127114
127108
123695
123663
122882
118880
94931
60072
118700
1197
72176
2109
1935
1957
114342
1211
2178
90057
3679
2182
2202
3671
114254
113064
2730
2747
2857
2920
2927
3089
3111
89759
112852
3384
3415
3498
3634
3632
3539
112556
1942
89804
1572
1281
1260
1272
114662
1273
1232
3742
114459
2942
3707
39421
7155
109249
8928
1291
5064
3882
37733
3703
8781
4223
4638
4023
7347
5602
3499
3916
3175
3160
2989
2985
2600
2329
2273
1617
153
434
780
494
66934
350
4041
1103
52973
35836
608
118997
236
3793
48394
150
4018
64969
232
5782
1059
34162
8972
6287
587
104
5349
5449
106473
106918
2424
93040
46970
41997
52281
26554
7361
106696
745
1639
3751
8528
67665
3114
55442
55069
61236
61240
2997
5377
55363
72226
72395
72720
72011
73023
71745
78653
71464
71108
70293
69481
67087
66665
72131
55247
8645
55280
50068
7438
6874
5791
5464
68954
1028
