2936
954
3022
541
8125
25927
46664
44555
7243
3629
1283
55442
55069
2028
3632
1942
3089
6983
2927
946
2202
1935
68157
296
2920
6985
1089
1281
98961
99149
98154
97923
97921
101525
97304
96811
96728
96588
99114
97752
95558
95449
95135
94959
94931
46578
2997
7361
5464
7438
6874
55280
5791
8645
50068
55363
1732
52281
41997
89260
88810
91077
90866
90531
90439
85394
90376
86320
90057
86833
89804
89759
87304
88129
88235
89492
89470
83976
81786
5198
4103
1197
1211
1273
1957
3111
8128
3811
1172
3679
4262
5747
4326
48394
61236
61240
40819
40629
37741
39183
38304
67665
56367
72395
71464
72720
66665
67087
72226
69481
71108
70293
78653
71745
73023
72131
72011
2692
260
5952
7153
924
5782
3634
96832
96610
4973
111
49917
41863
48738
49824
48774
48696
48516
47629
45210
46723
47423
45028
27773
1729
778
2959
2529
8765
4327
56015
8766
914
1209
1260
2182
2857
115139
3789
1153
5169
7195
8767
31770
8236
5289
8154
7335
6830
6515
41585
8751
5618
56788
56782
53894
56607
56286
56805
56152
55269
54881
55276
55253
55118
54272
55052
53000
53123
54513
52967
52241
54286
51540
26554
2068
1610
593
858
1042
1120
1200
4121
5902
3978
3260
1079
1210
2542
8795
4993
55247
599
93040
55820
109249
2019
4226
2361
5299
2730
6981
1572
1232
42217
6643
8195
26151
26150
6783
25805
3742
3415
6433
48780
115617
47099
33794
109487
114254
114459
127206
110871
7926
102469
757
53953
101285
111249
128512
113064
4763
94969
112550
111505
52579
132800
133771
161336
60072
5971
112070
164977
123663
148482
2747
107636
164979
72741
3539
55946
132458
72176
123695
140725
131796
8584
132549
34517
128235
127212
139642
140715
127144
82313
3793
26614
50
97938
68954
134853
3703
3809
1256
1258
55063
58879
58191
67429
63876
64614
64620
61357
64622
61323
60766
60069
63082
64839
57669
64701
67997
107999
247
306
2677
364
319
1245
2330
588
3246
8861
111384
6016
94777
47
6857
104283
741
52885
1274
47274
3384
4437
4712
3671
4928
3498
8207
3947
2109
7792
6229
26366
1272
2178
7161
127108
134859
122882
608
1250
2288
31878
6350
88125
8928
52319
7090
2924
7844
3996
3030
70286
8874
34321
27592
77455
1
215
3265
7022
118997
62849
122886
78499
53318
63131
68319
26662
61024
69712
65514
106473
46970
5608
1265
60684
64969
111624
106918
4018
1061
66934
1219
74545
80489
80463
79242
81562
82463
74324
81932
78574
81845
78039
82459
81591
67255
5507
2082
69526
4069
2641
7478
3257
6713
27904
8972
104841
5662
54290
34162
3300
3275
95441
80551
7373
45950
1080
35957
5219
37729
32892
6683
3948
5909
6986
4612
4189
48711
78209
76251
1131
8188
8528
2502
36401
4388
8865
47465
4911
150
6754
82461
4467
2968
27255
1199
26585
4721
47640
7376
31221
32025
71057
8623
3301
339
30745
161582
141749
142488
143385
144172
146656
8369
148626
3676
44191
155064
107649
156387
6953
6281
5812
5481
97673
5135
158783
4890
4823
4701
4641
4369
4351
140174
139385
137337
106100
5795
146501
101895
102194
5984
3176
103107
103372
103624
105197
105355
4322
134881
106766
106916
106920
107141
115713
127114
128360
128606
1900
133645
134130
160954
5377
661
1801
246
1635
1517
163949
1376
300
1358
1259
138610
47044
1242
337
1059
904
111931
357
377
66203
628
587
529
82152
1639
1954
2396
3893
3785
163056
3751
3114
3113
3052
1956
2700
31658
5
186
2369
2085
2012
236
2004
520
1088
5956
8494
103449
103688
95761
96417
132547
2174
78349
130682
100365
8464
66097
3546
232
6863
7458
1028
34405
121231
74458
63992
1997
1955
4016
106696
1176
105504
35836
2424
40148
2942
293
37733
3361
3707
79132
39421
135518
117533
2571
112552
1103
350
52973
4041
118700
118880
112515
132046
1721
64957
2359
40614
318
59725
109374
68358
4306
58559
5445
111251
69640
27611
7155
4995
1704
6539
112556
116161
117176
116797
111622
112290
114342
114662
115569
112852
112183
3949
72998
8961
5349
45720
6942
6218
4011
5064
44199
8636
8533
1291
745
1036
3882
3994
1617
2273
2329
2600
2985
153
434
494
2989
780
4223
4638
3160
3175
3499
3916
8781
7347
4023
5602
5449
104
6287
