1219
1721
1997
1258
5608
2361
2959
3949
59725
4226
2424
1704
6942
47
63992
111
74458
130682
78349
1732
27592
53318
48780
1210
1250
132046
70286
72998
122886
107999
260
34405
94777
27611
109487
68319
2571
135518
3703
79132
186
67997
58559
52885
31658
30745
64969
8188
6713
6287
5662
3546
2529
1729
1256
5
63131
3707
215
1242
1059
904
661
628
587
529
520
377
357
350
337
300
246
236
3176
6016
45720
8464
34321
39421
306
319
26662
26614
7161
56367
364
5299
4973
4018
3948
541
46578
68358
1080
118997
1079
247
5984
40614
54290
134853
115617
7155
109374
109249
106696
97938
95441
93040
1089
1259
1358
8636
106473
44191
107649
88125
68954
65514
6953
5449
6281
1088
5812
5481
5377
2942
3676
55247
1376
117533
40148
47099
60072
2542
778
1
62849
106918
1900
77455
78499
4322
1028
8369
5349
5135
4890
2012
3052
2700
2692
2396
2369
2085
2004
6863
1956
1954
1801
1639
1635
1517
3113
3114
2068
8533
3361
3751
3785
3893
3978
4016
4041
4306
4351
4369
4641
4701
4823
3260
7376
1265
1176
48394
37733
27904
8928
8861
7373
5507
5219
4069
3882
3809
3301
3300
3275
3257
2641
2359
60684
66097
66934
3030
36401
8865
6754
104283
82461
5971
5618
44555
68157
7361
6985
47640
46970
71057
69712
69526
1061
80551
2082
150
4911
4467
2968
1199
111624
8623
2174
100365
47465
45950
37729
35957
34162
32892
7478
1955
5909
296
104841
4995
69640
8972
7458
5445
608
52319
121231
27255
4388
6986
6683
4612
4189
48711
64957
1131
104
1103
2502
3265
6539
6350
5952
5902
5782
4993
3996
2997
7022
2924
2019
1274
924
741
44199
8781
6857
7090
6218
4721
318
232
50
35836
32025
31221
146501
33794
7153
31878
26585
26554
8961
8874
8795
7844
7347
5602
8528
494
1120
1042
1036
858
780
745
593
434
1291
293
153
78209
76251
61024
55820
52973
1200
1610
5064
3793
4638
4223
4121
4023
4011
3994
3916
3499
1617
3175
3160
2989
2985
2600
2329
2273
588
599
757
83976
91077
90866
90531
90439
90376
90057
89804
89759
89492
89470
89260
88810
88235
88129
87304
86833
86320
94931
94959
94969
96832
98961
98154
97923
97921
97752
97673
97304
96811
95135
96728
96610
96588
96417
95761
95558
95449
85394
82463
61240
82459
71464
71108
70293
69481
67665
67429
67255
67087
66665
914
64701
64622
64620
64614
63876
63082
61357
71745
72011
72131
79242
81932
81845
81786
81591
81562
80489
80463
78653
72226
78574
78039
74545
74324
73023
72720
72395
99114
99149
101285
101525
140174
139385
137337
134881
134859
134130
133771
133645
132800
132547
128606
128512
128360
127206
127114
122882
118880
141749
142488
143385
163056
111931
111384
82152
66203
47044
138610
163949
161582
144172
161336
160954
158783
156387
155064
148626
146656
118700
117176
116797
105197
107141
106920
106916
106766
106100
105504
105355
103688
111249
103624
103449
103372
103107
102469
102194
101895
110871
111251
116161
113064
115713
115569
115139
114662
114459
114342
114254
112852
111505
112556
112552
112550
112515
112290
112183
111622
61323
64839
61236
3671
5747
5464
5289
5198
5169
4928
4763
4712
4437
4327
4326
4262
4103
3947
3811
3789
3742
5791
5795
5956
7195
8128
8125
7926
7792
7438
7335
7243
60766
6229
6981
6874
6830
6783
6643
6515
6433
3679
3634
8195
3632
1957
1942
1935
1572
1283
1273
1272
1260
1245
1232
1211
1209
1197
1172
1153
954
946
2028
2109
2178
3022
3629
3498
3415
3384
3246
3111
3089
2936
2182
2927
2920
2857
2730
2677
2330
2202
8154
6983
8207
53123
55052
54881
54513
54286
54272
53953
53894
53000
55069
52967
8236
52579
52281
52241
51540
50068
55063
55118
49824
56607
60069
58879
58191
57669
56805
56788
56782
56286
55253
56152
56015
55442
55363
55280
55276
55269
49917
339
48774
8766
8767
42217
41997
25805
25927
41863
41585
26150
26151
40819
26366
40629
39183
38304
37741
45028
31770
45210
8645
48696
47629
48738
47423
8494
47274
46723
8751
8765
46664
48516
27773
1281
2288
127108
8584
55946
148482
164977
164979
107636
34517
140725
3539
123663
127144
127212
128235
112070
131796
132458
132549
2747
72741
82313
72176
139642
140715
123695
