1120
1042
858
593
1610
4121
1200
71464
72395
72226
72720
72011
71745
72131
71108
69481
73023
78653
67087
66665
70293
54286
54272
53894
53123
55276
56805
52967
55269
56788
56782
56607
56286
56152
53000
54513
52241
54881
55253
55118
55052
51540
3022
541
954
8125
2288
1732
67665
3703
1259
318
3629
7243
1283
70286
2936
1036
85394
89470
86320
86833
87304
88129
88235
88810
89260
89492
89759
89804
90057
90376
90439
90531
90866
83976
91077
1258
26585
2028
8795
4993
7153
5952
68157
494
4638
4223
4023
3916
7347
3499
3175
3160
2985
5602
2989
434
153
780
2600
8781
1617
2273
2329
55820
81786
1291
67997
27773
2019
3751
132046
56367
47
44199
3361
96610
96832
8874
105197
106916
106100
105355
103624
103372
103107
102194
101895
106766
106920
107141
97673
58559
1089
55247
81591
74324
74545
67255
78039
78574
79242
80463
81562
80489
81845
81932
82459
82463
2529
8861
3994
2542
745
8494
95761
96417
132547
5956
103449
103688
293
1729
778
3949
53318
5064
2361
3978
3260
5902
260
4011
107999
98961
94931
97304
101525
99149
99114
98154
94959
97921
97752
97923
96811
96728
96588
95558
95449
95135
27611
111384
1079
78499
74458
2959
121231
135518
296
599
60072
111251
46578
26614
50
608
4973
68319
6218
4018
1061
77455
3809
2571
924
79132
5299
105504
109249
48780
4226
117533
8928
5608
78349
3793
27592
97938
34321
118997
2692
115617
109374
35836
1219
6539
1265
2068
66934
1704
134853
132458
4721
128606
7376
31221
32025
131796
127212
1954
128360
232
115139
2424
3948
1801
128512
1721
127206
115713
127144
128235
127114
127108
123695
741
2004
1274
123663
1956
122882
6350
1635
6857
8961
1639
5
7161
357
1080
114254
1256
113064
3546
5662
337
6287
300
246
236
186
6713
8188
30745
31658
52885
350
247
8464
40614
1517
26662
112550
1376
114459
1358
95441
1242
1059
106696
904
661
132549
587
529
520
54290
628
134859
132800
4189
6683
6986
27255
47044
138610
164979
52319
5445
7458
8972
69640
104841
2082
80551
164977
2359
2641
3257
3300
3301
3882
4069
5219
4612
48711
133645
66203
1955
7478
32892
34162
35957
37729
45950
100365
150
2174
8623
111931
111624
1199
2968
4467
4911
5909
47465
82152
4388
1131
64957
5507
7373
163949
27904
76251
78209
160954
158783
156387
155064
148626
148482
146656
144172
143385
142488
141749
140725
140715
140174
139642
139385
137337
134881
2085
134130
133771
61024
161336
52973
44555
37733
63992
66097
163056
69526
69712
71057
46970
47640
6985
5618
8528
5971
82461
104283
161582
6754
8865
36401
104
1103
2502
2012
339
2369
3415
3539
64620
3632
3634
3671
3679
3742
3789
3811
3947
4103
4262
4326
4327
4437
4712
4763
4928
5169
5198
5289
5747
5795
64614
6229
3498
3384
6515
3111
1209
1211
1232
1260
1272
1273
1281
67429
1572
1935
1942
2396
64839
2109
2178
2182
2202
2730
2747
2857
2920
2927
64701
64622
3089
6433
6643
1172
41585
42217
45028
45210
46664
46723
47274
47423
47629
48516
48696
48738
48774
49824
49917
61323
52579
60766
60069
58879
53953
58191
57669
56015
55946
55063
41863
34517
6783
31770
6830
6981
6983
7195
63876
7335
7792
7926
63082
8128
8154
8195
8207
8236
61357
8584
8751
8765
8766
8767
25805
25927
26150
26151
26366
1197
1957
6016
1028
47099
5812
94969
5481
3114
3113
4322
1088
101285
2942
6863
88125
8533
45720
59725
63131
40148
102469
3176
8369
8636
44191
106473
3676
5449
111249
106918
110871
1
3893
3785
6953
6281
1900
107636
112070
64969
6942
3707
4823
1153
111505
4016
72176
946
914
4041
2700
4306
757
4351
4641
146501
4701
4369
3052
5135
5984
7155
39421
82313
5377
5349
107649
72741
4890
4995
62849
1176
130682
60684
1250
112552
118880
112515
118700
1997
33794
112852
112290
116161
112556
117176
112183
116797
114662
111622
114342
115569
72998
111
215
109487
94777
1210
377
588
364
319
306
1245
2677
3246
2330
55069
55442
48394
68954
3030
7022
3265
65514
31878
5782
93040
41997
52281
26554
7361
40819
40629
39183
38304
37741
61236
61240
55363
3275
2924
50068
8645
7438
2997
6874
5791
5464
68358
7844
7090
3996
55280
34405
122886
