1617
2273
7347
5602
4638
4223
4023
3916
3499
3175
3160
2989
2985
2600
2329
8781
780
153
434
494
44199
1036
3994
745
5064
1291
4011
3949
6218
293
1242
1250
1259
300
904
1059
529
661
337
587
1376
350
357
377
520
628
135518
246
1079
111
40614
54290
118997
109374
109249
106696
97938
95441
93040
72998
68358
56367
46578
34321
27611
26662
26614
8464
247
1080
236
1089
215
186
5
67997
58559
52885
31658
30745
27773
27592
8188
6713
5662
3546
2529
2288
1729
1256
1219
1358
1517
5299
2959
1028
4322
77455
62849
60072
47099
40148
6016
5608
2542
1635
778
117533
2361
1900
94777
78349
70286
8369
106918
1088
1997
2942
6863
757
146501
588
541
364
319
306
53318
39421
7155
5984
3707
3176
64969
63131
59725
45720
8533
6942
55247
3676
106473
4016
3893
3785
3751
3361
3260
3114
3113
3052
2700
2692
2396
2369
2085
2012
2004
1956
1954
1801
1639
3978
4041
44191
4306
3703
107649
88125
68954
65514
8636
6953
6281
5812
5481
5377
5349
5135
4890
4823
4701
4641
4369
4351
7161
7376
4973
2082
3275
3257
2641
2359
1732
1061
80551
104841
79132
69640
8972
7458
5445
608
52319
121231
3300
3301
3809
3882
68157
66934
66097
63992
60684
48394
37733
34405
27904
8928
8861
7373
5507
5219
4069
109487
48780
69526
150
2968
1199
130682
111624
107999
8623
2174
100365
4995
45950
37729
35957
34162
32892
7478
1955
4467
4911
5909
47465
4226
1704
1258
260
27255
6986
6683
4612
4189
48711
74458
64957
1131
4388
296
68319
69712
4018
7090
26585
26554
8961
8874
8795
7844
7153
7022
3265
6857
6539
6350
5952
5902
5782
4993
31878
33794
1721
122886
3948
2424
2068
1265
1210
1176
318
232
50
47
35836
32025
31221
946
4721
3996
2997
71057
82461
2502
1103
36401
8865
6754
132046
104283
5971
2924
5618
3030
44555
7361
6985
47640
46970
8528
52973
55820
61024
2571
2019
1274
924
741
4121
3793
1610
1200
1120
1042
858
593
78209
76251
914
599
954
94931
96588
96417
95761
95558
95449
95135
94969
94959
91077
96728
90866
90531
90439
90376
90057
89804
89759
89492
96610
96811
105197
101285
103624
103449
103372
103107
102469
102194
101895
101525
99149
96832
99114
98961
98154
97923
97921
97752
97673
97304
89470
89260
88810
72011
74324
73023
72741
72720
72395
72226
72176
72131
71745
88235
71464
71108
70293
69481
67665
67429
67255
67087
74545
78039
78574
78653
88129
87304
86833
86320
85394
83976
82463
82459
82313
81932
81845
81786
81591
81562
80489
80463
79242
103688
105355
1153
134859
141749
140725
140715
140174
139642
139385
137337
134881
134130
143385
133771
133645
132800
132549
132547
132458
131796
128606
142488
144172
105504
163949
111931
111384
82152
66203
47044
138610
164979
164977
163056
146656
161582
161336
160954
158783
156387
155064
148626
148482
128512
128360
128235
111505
112556
112552
112550
112515
112290
112183
112070
111622
111251
127212
111249
110871
107636
107141
106920
106916
106766
106100
112852
113064
114254
114342
127206
127144
127114
127108
123695
123663
122882
118880
118700
117176
116797
116161
115713
115569
115139
114662
114459
66665
64839
64701
4928
5956
5795
5791
5747
5464
5289
5198
5169
4763
3742
4712
4437
4327
4326
4262
4103
3947
3811
6229
6433
6515
6643
8236
8207
8195
8154
8128
8125
7926
7792
7438
7335
7243
7195
6983
6981
6874
6830
6783
3789
3679
8584
1281
2178
2109
2028
1957
1942
1935
1572
1283
1273
3671
1272
1260
1245
1232
1211
1209
1197
1172
2182
2202
2330
2677
3634
3632
3629
3539
3498
3415
3384
3246
3111
3089
3022
2936
2927
2920
2857
2747
2730
64622
8494
8645
56015
55442
55363
55280
55276
55269
55253
55118
55069
55063
55052
54881
54513
54286
54272
53953
53894
53123
55946
56152
52967
56286
64620
64614
63876
63082
61357
61323
61240
61236
60766
60069
58879
58191
57669
56805
56788
56782
56607
8751
53000
52579
34517
41997
41863
41585
40819
40629
39183
38304
37741
31770
45028
26366
26151
26150
25927
25805
8767
8766
8765
42217
45210
48738
48696
52281
52241
51540
50068
49917
49824
48774
46664
339
48516
47629
47423
47274
46723
115617
134853
78499
1
104
6287
5449
