2329
1617
4023
5602
3916
3499
3175
3160
2989
2985
2600
4223
2273
4638
434
7347
153
494
8781
780
44199
1036
3994
3361
745
5064
1291
4011
3949
6218
293
318
3498
4712
3671
3384
4928
47274
4437
3947
6229
2178
2109
1272
7792
26366
8207
2730
520
377
587
628
661
904
1059
529
135518
357
115617
1089
1080
1079
247
111
40614
54290
134853
118997
109374
350
109249
106696
97938
95441
93040
72998
68358
56367
46578
1219
1256
1729
2288
337
300
236
215
186
5
67997
58559
52885
31658
30745
27773
27592
8188
6713
6287
5662
3546
2529
246
1639
1242
70286
2542
778
1
117533
2361
1900
94777
78349
8369
5608
106918
55247
5449
3676
106473
44191
3703
107649
2959
6016
68954
2942
3176
64969
63131
59725
45720
8533
6942
6863
1997
40148
1088
1028
4322
78499
77455
62849
60072
47099
88125
65514
1250
2004
3113
3052
2700
2692
2396
2369
2085
2012
1956
3260
1954
1801
27611
1635
1517
1376
1358
1259
3114
3751
8636
4823
6953
6281
5812
5481
5377
5349
5135
4890
4701
3785
4641
4369
4351
4306
4041
4016
3978
3893
34321
50
26662
26614
3301
3300
3275
3257
2641
2359
1732
1061
80551
2082
104841
69640
8972
7458
5445
608
52319
3809
3882
4069
60684
69712
69526
68319
68157
66934
66097
63992
48394
5219
37733
34405
27904
8928
8861
7373
5507
121231
109487
79132
150
2968
1199
130682
111624
107999
8623
2174
100365
4911
45950
37729
35957
34162
32892
7478
1955
4467
5909
48780
6683
4995
4226
1704
1258
260
27255
6986
4612
47465
4189
48711
74458
64957
1131
4388
296
71057
46970
47640
8795
1721
33794
31878
26585
26554
8961
8874
7844
4721
7153
7090
7022
6857
6539
6350
5952
122886
7376
5782
2068
8464
7161
5299
4973
4018
3948
2424
1265
31221
1210
1176
232
5984
47
35836
32025
5902
4993
6985
6754
52973
8528
2502
1103
104
36401
8865
132046
61024
104283
82461
5971
5618
3030
44555
7361
55820
76251
3996
741
3265
2997
2924
2571
2019
1274
924
4121
78209
3793
1610
1200
1120
1042
858
593
3707
599
7155
95449
96832
96811
96728
96610
96588
96417
95761
95558
95135
39421
94969
94959
94931
91077
90866
90531
90439
90376
97304
97673
97752
97921
105355
105197
103688
103624
103449
103372
103107
102469
102194
101895
101525
101285
99149
99114
98961
98154
97923
90057
89804
89759
80463
78653
78574
78039
74545
74324
73023
72741
72720
72395
72226
72176
72131
72011
71745
71464
71108
70293
79242
80489
89492
81562
89470
89260
88810
88235
88129
87304
86833
86320
85394
83976
82463
82459
82313
81932
81845
81786
81591
105504
106100
106766
144172
142488
141749
140725
140715
140174
139642
139385
137337
134881
134859
134130
133771
133645
132800
132549
132547
132458
143385
146656
128606
148482
111931
111384
82152
66203
47044
138610
164979
164977
163949
163056
161582
161336
160954
158783
156387
155064
148626
131796
128512
106916
114342
113064
112852
112556
112552
112550
112515
112290
112183
112070
111622
111505
111251
111249
110871
107636
107141
106920
114254
114459
128360
114662
128235
127212
127206
127144
127114
127108
123695
123663
122882
118880
118700
117176
116797
116161
115713
115569
115139
69481
67665
67429
5795
5747
5464
5289
5198
5169
4763
4327
4326
4262
4103
3811
3789
3742
3679
3634
3632
3629
5791
5956
3415
6433
8236
8195
8154
8128
8125
7926
7438
7335
7243
7195
6983
6981
6874
6830
6783
6643
6515
3539
3246
8584
1260
1232
1211
1209
1197
1172
1153
954
946
914
757
146501
588
541
364
319
306
53318
1245
1273
3111
1281
3089
3022
2936
2927
2920
2857
2747
2677
2330
2202
2182
2028
1957
1942
1935
1572
1283
8494
8645
67255
56788
56607
56286
56152
56015
55946
55442
55363
55280
55276
55269
55253
55118
55069
55063
55052
54881
54513
56782
56805
54272
57669
67087
66665
64839
64701
64622
64620
64614
63876
63082
61357
61323
61240
61236
60766
60069
58879
58191
54286
53953
8751
45028
41997
41863
41585
40819
40629
39183
38304
37741
34517
31770
26151
26150
25927
25805
8767
8766
8765
42217
45210
53894
46664
53123
53000
52967
52579
52281
52241
51540
50068
49917
49824
48774
48738
48696
48516
47629
47423
46723
339
