1
78499
1957
1197
1172
4103
4262
4326
1273
5198
3811
3679
5747
3111
8128
1211
924
260
1080
954
541
8125
3022
68954
3114
3260
3978
5902
1210
67665
7361
1265
2936
2028
72226
71464
66665
67087
69481
71108
70293
78653
72395
72720
73023
71745
72131
72011
3629
1283
7243
2997
5952
7153
81845
74324
81932
81591
78574
81562
80489
67255
82459
82463
78039
80463
74545
79242
55363
115617
33794
1732
134853
55069
55442
5782
150
70286
114254
112550
114459
7926
4763
94969
102469
127206
128512
132800
133771
161336
757
101285
111505
52579
110871
53953
111249
113064
77455
26554
5464
6874
7438
8645
5791
50068
55280
106473
1250
1245
2330
53000
3246
52241
51540
588
364
319
306
52967
2677
55253
55269
54513
55276
55118
55052
54881
56152
56286
56607
56782
56788
53123
56805
54286
54272
53894
81786
2424
2730
93040
2920
67997
2571
52281
41997
3634
107999
61240
61236
745
55247
79132
68157
8874
2068
2361
3809
215
48394
3703
1258
2019
8861
53318
55820
132046
111
56367
27611
63131
7161
135518
109374
46970
60684
34405
64969
5299
4018
74458
5971
34321
118997
35836
6539
6942
4351
121231
80551
3893
6016
2082
69640
52319
4641
4016
4369
8972
4041
7458
3785
4306
3751
1061
2359
1954
1956
2004
2085
2369
2396
2700
4069
3882
1955
3052
3301
3113
60072
3300
3275
3257
3361
2641
4701
35957
5608
130682
88125
47465
107649
5909
32892
4911
4467
2968
3676
4388
5449
8369
8623
106918
100365
45950
37729
34162
78349
1131
4823
5377
7478
27255
4890
5135
6986
6683
4612
5349
5219
65514
5481
5812
4189
48711
6281
6953
8636
1900
1801
232
1639
593
95441
4121
3793
1610
1200
1120
1042
106696
858
78209
68358
76251
52973
8528
2502
1103
104
36401
8865
6754
741
4322
1635
7844
32025
31221
318
7376
4721
1721
26585
8961
8795
7090
1274
7022
6857
4993
3996
3265
2924
8464
26614
26662
104283
5618
3030
904
337
350
357
377
520
529
587
628
661
1059
6985
50
37733
1259
27904
1358
7373
1376
5507
1517
300
246
236
186
47640
71057
69712
54290
66097
1219
1256
2288
3546
5662
6287
6713
8188
30745
63992
31658
52885
58559
5
1242
599
1028
88129
72741
82313
83976
85394
86320
86833
87304
88235
56015
88810
89260
89470
89492
89759
90057
90376
72176
55946
90531
34517
8767
25805
25927
26150
26151
26366
31770
37741
47274
38304
39183
40629
40819
41585
42217
46664
90439
90866
8765
163949
148482
155064
156387
158783
160954
161582
163056
164977
140725
164979
138610
47044
66203
82152
111384
111931
144172
140715
91077
123663
95761
96417
103449
103688
107636
112070
115139
123695
139642
127144
127212
128235
131796
132458
132547
132549
8766
89804
8751
5795
8584
2182
2202
2747
2857
2927
3089
3384
3415
3498
3539
3632
3671
3742
3789
3947
4327
4437
4712
4928
5169
2178
2109
1942
39421
1997
2942
8533
45720
59725
3176
3707
5984
7155
146501
1935
914
946
1153
1209
1232
1260
1272
1281
1572
5289
339
6830
6783
8207
8154
7792
7335
8236
6229
7195
5956
6983
6981
8195
6643
6515
6433
8494
47
66934
4995
1176
2529
1704
247
27773
31878
4226
44191
27592
1199
61024
94777
64957
1088
296
8928
2174
48780
2012
60766
61323
64614
63876
60069
58879
58191
57669
64620
64701
55063
64622
63082
61357
67429
3948
64839
46578
6350
2692
2959
293
97938
111624
109249
62849
68319
608
1079
778
1729
6218
1089
47099
117533
44555
40148
96610
96832
3949
122886
40614
1291
5064
105504
69526
6863
2542
1036
112552
46723
45210
45028
41863
47423
99114
48516
97923
97921
98154
97752
98961
99149
97304
101525
96728
96588
47629
96811
95558
95135
94959
94931
48696
49917
49824
48738
95449
48774
72998
4011
134859
122882
118700
112515
118880
3994
109487
111251
127108
3499
3175
5445
2989
3916
4023
4223
4638
5602
7347
3160
8781
104841
2985
780
494
153
2600
2329
2273
1617
434
4973
44199
141749
143385
142488
128606
148626
146656
140174
115713
139385
137337
134881
134130
127114
133645
128360
112290
112183
111622
112852
114342
112556
114662
115569
116161
116797
117176
82461
102194
103624
101895
105197
105355
103372
106100
106766
106916
106920
107141
97673
103107
