2677
588
3246
306
2330
364
1245
319
26614
50
293
2028
215
339
4041
1610
1200
1120
4121
377
858
593
587
357
350
300
52973
1103
1042
296
47
150
608
3793
55820
60072
2959
3114
3882
37733
1729
778
2288
88125
1089
5608
68157
27592
4226
1258
2542
130682
1079
48394
1219
2529
1997
48780
62849
1704
66097
74458
1732
4995
79132
1358
1639
1801
1197
1635
1517
1954
1172
1376
64969
2004
2012
2085
2369
2396
2692
2700
3052
3113
1153
3260
3751
3785
1956
628
1259
1250
1256
1283
1281
3546
5662
6713
8188
30745
31658
52885
58559
67997
5
1273
246
1272
337
1260
1232
1211
1209
529
3978
661
904
1059
1242
3893
4890
4016
47099
8369
70286
78349
94777
1900
2361
117533
1
7155
5984
6016
40148
3707
55247
77455
78499
3176
4322
1028
1088
2942
6863
6942
8533
45720
59725
106918
3676
954
757
4306
4351
4369
4641
4701
4823
63131
5135
5349
5377
946
914
146501
106473
541
53318
39421
5481
5812
6281
6953
8636
65514
107649
3703
44191
68954
72998
1080
6754
27904
8928
8861
7373
5507
5219
4069
3809
3301
3300
3275
3257
2641
2359
80551
34405
60684
63992
7361
104283
82461
5971
5618
3030
44555
6985
66934
47640
46970
71057
69712
69526
68319
2082
104841
69640
100365
2968
1199
111624
107999
8623
2174
45950
4911
37729
35957
34162
32892
7478
1955
4467
5909
8972
6986
7458
5445
52319
109487
260
27255
6683
47465
4612
4189
48711
64957
1131
4388
132046
8865
247
36401
26662
8464
7161
5299
4973
4018
3948
2068
1265
1210
1176
232
35836
32025
31221
27611
34321
46578
109374
111
40614
54290
134853
118997
115617
109249
56367
106696
97938
95441
93040
1935
68358
7376
4721
122886
1274
3996
3265
2997
2924
2571
2019
924
5782
741
78209
76251
61024
8528
2502
4993
5902
1721
8795
33794
31878
26585
26554
8961
8874
7844
5952
7153
7090
7022
6857
6539
6350
1572
135518
1942
90439
97673
97304
96832
96811
96728
96610
96588
96417
95761
95558
95449
95135
94969
94959
94931
91077
90866
97752
97921
97923
103107
105504
105355
105197
103688
103624
103449
103372
102469
98154
102194
101895
101525
101285
99149
99114
98961
90531
90376
106766
90057
81562
80489
1957
79242
78653
78574
78039
74545
74324
73023
72741
72720
72395
72226
72176
72131
72011
81591
81786
81845
88129
89804
89759
89492
89470
89260
88810
88235
87304
81932
86833
86320
85394
83976
82463
82459
82313
106100
106916
71464
128606
142488
141749
140725
140715
140174
139642
139385
137337
134881
134859
134130
133771
133645
132800
132549
132547
132458
143385
144172
146656
163949
111931
82152
66203
47044
138610
164979
164977
163056
148482
161582
161336
160954
158783
156387
155064
148626
131796
128512
106920
128360
114254
113064
112852
112556
112552
112550
112515
112290
112183
112070
111622
111505
111251
111249
110871
107636
107141
114342
114459
114662
123663
128235
127212
127206
127144
127114
127108
123695
122882
115139
118880
118700
117176
116797
116161
115713
115569
71745
80463
71108
48696
8766
8765
8751
8645
8584
8494
8236
8207
8195
8154
8128
8125
7926
7792
7438
7335
7243
7195
6983
6981
6874
8767
25805
25927
41863
47629
70293
47274
46723
46664
45210
45028
42217
41997
41585
26150
40819
40629
39183
38304
37741
34517
31770
26366
26151
6830
6783
6643
3022
3634
3632
3629
3539
3498
3415
3384
3111
3089
2936
3679
2927
2920
2857
2747
2730
2202
2182
2178
2109
3671
3742
6515
5169
6433
6229
5956
5795
5791
5747
5464
5289
5198
4928
3789
4763
4712
4437
4327
4326
4262
4103
3947
3811
48516
47423
599
53953
56805
56788
56782
56607
56286
56152
56015
55946
52967
53000
53123
53894
54272
55363
54286
54513
54881
48738
55052
55063
55069
55118
55442
55253
55269
55276
52579
57669
58191
58879
69481
67665
48774
67429
67255
67087
66665
49824
64839
49917
50068
51540
64701
52241
64622
64620
64614
63876
63082
61357
61323
61240
61236
52281
60766
60069
55280
27773
1061
121231
111384
6218
3949
3361
2424
4011
5064
1291
745
3994
1036
44199
494
780
2989
1617
2273
434
2329
2600
2985
3499
3160
4223
8781
7347
5602
3175
4638
4023
3916
153
318
6287
104
5449
520
186
236
