5618
70286
1258
5971
2330
306
319
364
588
1245
3246
2677
293
2361
6016
7361
61236
61240
132046
1729
778
46578
61323
57669
60766
60069
58191
58879
63082
61357
64622
63876
64614
64620
64701
64839
55063
67429
55442
55069
104283
741
1274
6857
52885
215
1732
72998
2028
55052
54286
55118
51540
52241
52967
53000
53123
53894
54272
56286
54513
56607
55253
55276
54881
56152
55269
56782
56788
56805
2997
3030
111
247
60072
34405
2288
50
26614
78349
1210
94777
27611
5791
50068
55280
7438
6874
5464
8645
72131
71464
67087
66665
69481
70293
72011
71108
78653
73023
72720
71745
72226
72395
2959
5782
68157
53318
1079
107999
135518
2571
27592
26554
74458
6942
55363
26662
67665
93040
67997
55247
2542
61024
106473
6350
1265
48780
296
5299
7161
4973
41997
52281
109487
68954
56367
27773
5608
260
79132
115617
1219
1704
3809
8928
109249
109374
3893
4890
4823
4701
4641
4369
4016
3113
3114
3361
47465
3751
5909
3785
4351
4306
3052
35836
2700
1376
529
587
628
661
1131
904
1059
1242
1250
1259
1358
1517
2396
1635
1639
4388
1801
1954
1956
2004
2012
5349
2085
2369
5135
6953
5377
8533
100365
45950
40148
37729
4322
1028
1088
35957
2942
6863
3996
45720
5481
59725
63131
64969
3176
3707
5984
34162
7155
32892
7478
1955
7022
150
2174
1
5812
6281
377
8636
65514
107649
3703
44191
8874
4911
3676
5449
7844
106918
8369
4467
2968
1199
1900
111624
7090
8623
117533
520
58559
357
82461
76251
4721
8528
2502
104
36401
122886
8865
134853
6754
6985
593
47640
39421
46970
71057
69712
69526
68319
66934
63992
60684
78209
858
337
31221
232
318
1176
2924
2068
2424
3948
4018
8464
32025
4121
1042
34321
3793
68358
1610
7376
1200
95441
97938
106696
1120
27904
8861
7373
31878
33794
1080
1256
4189
48711
3546
5662
6539
6713
8188
30745
5507
31658
26585
3265
8961
5
186
64957
236
246
300
4612
6683
6986
27255
5219
4069
3301
3300
3275
54290
40614
3257
1721
2641
2359
1061
80551
2082
104841
69640
8972
7458
5445
52319
121231
6287
599
541
101525
103449
103372
103107
102469
102194
101895
101285
103688
99149
99114
98961
98154
97923
97921
103624
105197
81786
110871
112183
112070
111622
111505
111251
111249
107636
105355
107141
106920
106916
106766
106100
105504
97752
97673
97304
88810
90057
89804
89759
89492
89470
89260
88235
96832
88129
87304
86833
86320
85394
83976
90376
90439
90531
146501
91077
94931
94959
94969
95135
95449
95558
95761
96417
96588
96610
96728
96811
112290
112515
112550
140725
148482
146656
144172
143385
142488
141749
140715
133771
140174
139642
139385
137337
134881
134859
148626
155064
156387
158783
160954
161336
161582
163056
163949
164977
164979
138610
47044
66203
82152
111384
111931
134130
133645
112552
115139
118700
117176
116797
116161
115713
115569
114662
132800
114459
114342
114254
113064
112852
112556
118880
122882
123663
123695
127108
127114
127144
127206
127212
128235
128360
128512
128606
131796
132458
132547
132549
82313
90866
339
8154
6515
6643
6783
6830
6981
6983
7195
7335
7792
7926
8125
8128
8195
6229
2927
8207
8236
8494
8584
8751
8765
8766
8767
25805
25927
3539
6433
5956
2920
4327
3632
3634
3671
3679
3742
3789
3811
3947
4103
4262
4326
3415
4437
2936
4712
4763
4928
3384
5169
3111
3089
5198
5289
3022
5747
5795
26150
3498
2109
2730
31770
1273
53953
34517
52579
37741
38304
39183
2202
40629
2182
2178
40819
41585
42217
1957
1942
1935
1572
46664
47274
1272
1281
56015
55946
1197
72741
946
954
1153
1172
1209
1211
757
1232
72176
2857
26366
2747
26151
914
1260
47
6218
1997
118997
130682
2692
1291
5064
745
3994
1036
4995
1283
7243
3629
4226
62849
5602
2600
2329
4638
4223
4023
3916
7347
3499
3175
3160
2989
8781
2985
2273
1617
780
494
434
153
77455
2529
3949
78499
48394
47099
4011
44555
1089
80489
78574
81562
74545
78039
74324
82463
82459
79242
67255
81932
80463
81845
81591
88125
44199
46723
47423
49917
49824
48774
48738
48696
48516
47629
45210
45028
41863
66097
55820
37733
3882
608
924
52973
350
1103
4041
5902
3260
3978
2019
4993
8795
7153
5952
