2396
2700
3114
745
4890
150
106473
2424
924
5902
3978
3260
33794
7153
5952
27592
27773
300
30745
246
236
67997
31658
215
186
52885
5
337
58559
135518
520
350
1242
1635
1517
1376
1358
1259
1250
1059
357
904
661
628
587
529
377
8188
3546
6713
6287
97938
95441
93040
72998
68358
56367
46578
34321
27611
26662
26614
8464
7161
5299
4973
4018
3948
106696
109249
109374
1089
5662
1801
2529
2288
1729
1256
1219
1080
115617
1079
247
111
40614
54290
134853
118997
1639
2085
1954
78349
1028
4322
78499
77455
62849
60072
47099
40148
6016
5608
2959
2542
778
1
117533
2361
1900
1997
6863
8533
541
1153
954
946
914
757
146501
588
364
45720
319
306
53318
5984
3176
64969
63131
94777
70286
1956
8369
4641
4369
4351
4306
4041
4016
3893
3785
3751
3361
3113
3052
2692
2369
1265
2012
2004
4701
4823
5135
88125
106918
55247
5449
3676
44191
3703
107649
68954
5349
65514
8636
6953
6281
5812
5481
5377
2068
232
1210
5219
3882
3809
3301
3300
3275
3257
2641
2359
1732
1061
80551
2082
104841
69640
8972
7458
5445
4069
5507
1176
7373
47640
46970
71057
69712
69526
68319
68157
66934
66097
63992
60684
48394
37733
34405
27904
8928
8861
608
52319
121231
109487
4911
4467
2968
1199
130682
111624
107999
8623
2174
100365
45950
37729
35957
34162
32892
7478
1955
5909
47465
296
27255
79132
48780
4995
4226
1704
1258
260
6986
4388
6683
4612
4189
48711
74458
64957
1131
6985
7361
44555
4638
6539
6350
5782
4993
3996
3265
2997
2924
2571
2019
1274
741
44199
8781
7347
6218
5602
6857
7022
7090
4721
318
1197
50
47
32025
31221
7376
122886
7844
1721
31878
26585
26554
8961
8874
8795
5064
4223
3030
4023
78209
76251
61024
55820
52973
8528
2502
1103
104
36401
8865
6754
132046
104283
82461
5971
5618
153
293
434
2989
4011
3994
3949
3916
3499
3175
3160
2985
494
2600
2329
2273
1617
1291
1036
780
1172
599
1209
94969
96728
96610
96588
96417
95761
95558
95449
95135
94959
89492
94931
91077
90866
90531
90439
90376
90057
89804
96811
96832
97304
97673
103688
103624
103449
103372
103107
102469
102194
101895
101525
101285
99149
99114
98961
98154
97923
97921
97752
89759
89470
105355
72176
78039
74545
74324
73023
72741
72720
72395
72226
72131
89260
72011
71745
71464
71108
70293
1211
67665
67429
78574
78653
79242
80463
88810
88235
88129
87304
86833
86320
85394
83976
82463
82459
82313
81932
81845
81786
81591
81562
80489
105197
105504
67087
134881
142488
141749
140725
140715
140174
139642
139385
137337
134859
128512
134130
133771
133645
132800
132549
132547
132458
131796
143385
144172
146656
148482
111931
111384
82152
66203
47044
138610
164979
164977
163949
163056
161582
161336
160954
158783
156387
155064
148626
128606
128360
106100
111622
112852
112556
112552
112550
112515
112290
112183
112070
111505
128235
111251
111249
110871
107636
107141
106920
106916
106766
113064
114254
114342
114459
127212
127206
127144
127114
127108
123695
123663
122882
118880
118700
117176
116797
116161
115713
115569
115139
114662
67255
69481
66665
5464
6643
6515
6433
6229
5956
5795
5791
5747
5289
6830
5198
5169
4928
4763
4712
4437
4327
4326
6783
6874
8767
8154
8765
64839
8645
8584
8494
8236
8207
8195
8128
6981
8125
7926
7792
7438
7335
7243
7195
6983
4262
4103
3947
1942
2677
2330
2202
2182
2178
2109
2028
1957
1935
3811
1572
1283
1281
1273
1272
1260
1245
1232
2730
2747
2857
2920
3789
3742
3679
3671
3634
3632
3629
3539
3498
3415
3384
3246
3111
3089
3022
2936
2927
8766
8751
25805
55118
56015
55946
55442
55363
55280
55276
55269
55253
55069
53000
55063
55052
54881
54513
54286
54272
25927
53894
56152
56286
56607
56782
64701
64622
64620
64614
63876
63082
61357
61323
61240
61236
60766
60069
58879
58191
57669
56805
56788
53123
53953
52967
45210
52579
42217
41997
41863
41585
40819
40629
39183
38304
37741
34517
31770
26366
26151
26150
45028
339
46664
47423
49824
48774
48738
48696
48516
50068
51540
47629
47274
52241
52281
46723
49917
6942
35836
59725
3707
39421
7155
3793
1088
4121
593
1610
858
1042
1200
1120
2942
