1291
6983
3632
6229
4928
4712
4437
1272
3947
3671
1935
946
1942
3498
2109
2178
3384
2202
47274
3089
26366
2927
7792
8207
2920
780
494
8781
7347
5602
4638
4223
4023
3916
3499
3175
3160
2989
2985
2600
2329
2273
1617
153
434
2730
1281
46664
25927
2936
44199
1036
3994
745
3811
1376
5747
5198
1242
8128
1197
4326
4262
4103
1273
1211
2968
1172
1957
3679
3111
5064
4011
3949
4467
47465
4911
6218
293
1199
2396
27592
3052
2692
2700
357
3546
8188
6713
6287
5662
2529
2288
1729
1256
1219
1089
1080
1079
27773
1956
2369
67997
377
337
300
246
520
236
529
215
587
186
628
3113
904
5
1059
30745
58559
1259
1358
1517
1635
1639
52885
1801
1954
350
2004
2012
31658
2085
661
599
3114
3676
55247
106918
8369
78349
1900
2361
117533
1
778
2542
2959
5608
6016
40148
47099
60072
62849
77455
78499
4322
1028
1088
1997
2942
6863
6942
8533
5449
106473
3260
44191
3361
3751
3785
3893
111
3978
4016
4041
4306
4351
4369
4641
4701
4823
4890
5135
5349
5377
5481
5812
6281
6953
8636
65514
68954
88125
107649
247
8464
40614
8865
27904
8928
8861
7373
5507
5219
4069
3882
3809
3301
3300
3275
3257
2641
2359
1732
1061
37733
48394
60684
6985
104283
82461
5971
5618
3030
44555
7361
47640
63992
46970
71057
69712
69526
68157
66934
66097
80551
2082
104841
150
4388
296
5909
130682
111624
8623
2174
100365
64957
45950
37729
35957
34162
32892
7478
1955
1131
74458
69640
4995
8972
7458
5445
608
52319
121231
48780
4226
48711
1704
1258
27255
6986
6683
4612
4189
6754
36401
54290
104
3948
2424
2068
1265
1176
318
232
50
47
35836
32025
31221
7376
4721
1721
33794
31878
4018
4973
5299
95441
134853
118997
115617
109374
109249
106696
97938
93040
7161
68358
56367
46578
34321
26662
26614
59725
26585
26554
8961
593
4121
3793
1610
1200
1120
1042
858
78209
924
76251
61024
55820
52973
8528
2502
1103
741
1274
8874
6350
8795
7844
7153
7090
7022
6857
6539
5952
2019
5902
5782
4993
3996
3265
2997
2924
45720
339
63131
72176
97923
97921
97752
97673
97304
96832
96811
96728
96610
96588
96417
95761
95558
95449
95135
94969
94959
98154
98961
99114
103624
106916
106766
106100
105504
105355
105197
103688
103449
99149
103372
103107
102469
102194
101895
101525
101285
94931
91077
90866
78653
81845
81786
81591
81562
80489
80463
79242
78574
82313
78039
74545
74324
73023
72741
64969
72395
81932
82459
90531
89260
90439
90376
90057
89804
89759
89492
89470
88810
82463
88235
88129
87304
86833
86320
85394
83976
106920
107141
107636
139385
143385
142488
141749
140725
140715
140174
139642
137337
146656
134881
134859
134130
133771
133645
132800
132549
144172
148482
132458
164977
111931
111384
82152
66203
47044
138610
164979
163949
148626
163056
161582
161336
160954
158783
156387
155064
132547
131796
110871
112550
114459
114342
114254
113064
112852
112556
112552
112515
115139
112290
112183
112070
111622
111505
111251
111249
114662
115569
128606
127108
128512
128360
128235
127212
127206
127144
127114
123695
115713
123663
122882
118880
118700
117176
116797
116161
72226
72720
39183
8125
8645
8584
8494
8236
319
8195
8154
7926
42217
7438
7335
7243
7195
6981
6874
6830
8751
8765
8766
306
41863
39421
41585
40819
53318
40629
72131
38304
37741
34517
31770
26151
26150
25805
8767
6783
6643
6515
541
2747
2677
2330
2182
588
2028
146501
1572
1283
1260
1245
1232
1209
1153
954
2857
3022
6433
3246
5956
5795
5791
5464
5289
5169
4763
4327
3789
3742
3634
3629
364
3539
3415
757
41997
45028
63876
61357
61323
3707
5984
61240
61236
60766
60069
7155
58879
58191
57669
56805
56788
56782
63082
64614
45210
64620
72011
71745
71464
71108
70293
69481
67665
67429
67255
3176
67087
66665
64839
64701
64622
56607
56286
56152
49917
53000
52967
52579
52281
52241
51540
50068
49824
53894
48774
48738
48696
48516
47629
47423
46723
53123
53953
56015
55118
55946
55442
55363
55280
55276
55269
55253
55069
55063
55052
54881
54513
54286
54272
914
79132
3703
135518
2571
68319
109487
27611
94777
34405
260
107999
122886
72998
70286
132046
1250
1210
