357
1
78499
134853
2396
2959
1265
115617
778
1729
5608
4890
4226
1219
2529
4011
79132
3949
2542
48780
47
1079
3809
62849
1704
5299
4973
5971
74458
296
6218
4995
111624
60684
27773
55247
34321
1732
8874
2068
118997
1258
35836
31878
63131
109374
7161
6539
6942
46970
94777
56367
64969
6350
4018
6863
66934
350
67997
27611
5
186
26662
236
246
300
337
40614
58559
8464
377
520
529
587
628
661
904
1059
1242
1250
26614
46578
111
3546
247
1358
1080
54290
1089
109249
1256
106696
2288
97938
5662
52885
6287
6713
8188
95441
93040
72998
27592
68358
30745
31658
1259
135518
1376
60072
40148
6016
117533
2361
1900
78349
70286
8369
106918
5449
3676
106473
44191
3703
107649
47099
77455
68954
4322
146501
541
53318
39421
7155
5984
3707
3176
59725
45720
8533
2942
1997
1088
1028
88125
65514
1517
3785
3361
3260
3114
3052
2700
2692
2369
2085
2012
2004
1956
1954
1801
1639
1635
3751
3893
8636
3978
6953
6281
5812
5481
5377
5349
5135
4823
4701
4641
4369
4351
4306
4041
4016
3113
7376
3948
3882
27904
8928
8861
7373
5507
5219
4069
3301
37733
3300
3275
3257
2641
2359
1061
80551
34405
48394
36401
7361
6754
132046
104283
82461
5618
3030
44555
6985
63992
47640
71057
69712
69526
68319
68157
66097
2082
104841
69640
150
4467
2968
1199
130682
107999
8623
2174
100365
8972
45950
37729
35957
34162
32892
7478
1955
4911
5909
47465
4388
7458
5445
608
52319
121231
109487
260
27255
6986
6683
4612
4189
48711
64957
1131
8865
104
2424
2997
6857
5952
5902
5782
4993
3996
3265
2924
7090
2571
2019
1274
924
741
44199
8781
7022
7153
1103
914
1210
1176
318
232
50
32025
31221
4721
7844
122886
1721
33794
26585
26554
8961
8795
7347
5602
5064
434
1042
1036
858
780
745
593
494
153
4638
78209
76251
61024
55820
52973
8528
2502
1120
1200
1291
1610
4223
4121
4023
3994
3916
3793
3499
3175
3160
2989
2985
2600
2329
2273
1617
757
599
946
94931
96588
96417
95761
95558
95449
95135
94969
94959
91077
96728
90866
90531
90439
90376
90057
89804
89759
89492
96610
96811
105197
101285
103624
103449
103372
103107
102469
102194
101895
101525
99149
96832
99114
98961
98154
97923
97921
97752
97673
97304
89470
89260
88810
72011
74324
73023
72741
72720
72395
72226
72176
72131
71745
88235
71464
71108
70293
69481
67665
67429
67255
67087
74545
78039
78574
78653
88129
87304
86833
86320
85394
83976
82463
82459
82313
81932
81845
81786
81591
81562
80489
80463
79242
103688
105355
954
134859
141749
140725
140715
140174
139642
139385
137337
134881
134130
143385
133771
133645
132800
132549
132547
132458
131796
128606
142488
144172
105504
163949
111931
111384
82152
66203
47044
138610
164979
164977
163056
146656
161582
161336
160954
158783
156387
155064
148626
148482
128512
128360
128235
111505
112556
112552
112550
112515
112290
112183
112070
111622
111251
127212
111249
110871
107636
107141
106920
106916
106766
106100
112852
113064
114254
114342
127206
127144
127114
127108
123695
123663
122882
118880
118700
117176
116797
116161
115713
115569
115139
114662
114459
66665
64839
64701
6515
6229
5956
5795
5791
5747
5464
5289
5198
5169
4928
4763
4712
4437
4327
4326
4262
4103
6433
6643
8645
6783
8494
8236
64622
8195
8154
8128
8125
7926
7792
7438
7335
7243
7195
6983
6981
6874
6830
3947
3811
3789
3742
2178
2109
1957
1942
1935
1572
1283
1281
1273
1272
1260
1232
1211
1209
1197
1172
1153
2182
2202
2730
3415
3679
3671
3634
3632
3629
3539
3498
3384
2747
3111
3089
3022
2936
2927
2920
2857
8584
8207
8751
53000
55946
55442
55363
55280
55276
55269
55253
55118
55069
55063
55052
54881
54513
54286
8765
53953
53894
56015
56152
56286
61236
64620
64614
63876
63082
61357
61323
61240
60766
56607
60069
58879
58191
57669
56805
56788
56782
53123
54272
52967
45028
52579
41863
41585
40819
40629
39183
38304
37741
34517
31770
26366
26151
26150
25927
25805
8767
8766
42217
41997
48738
48516
52281
52241
51540
50068
49917
49824
48774
48696
339
46723
47274
47629
45210
47423
46664
293
215
2028
3246
1245
306
319
364
588
2330
2677
