2019
1176
6981
4103
1957
2330
2677
3111
3246
3415
42217
3679
3742
3811
4262
1273
4326
5198
5747
26151
26150
6433
6643
6783
25805
8128
1572
8195
1172
319
1211
1232
1245
588
364
1197
306
232
8795
4993
6985
2028
215
5952
7153
293
1617
2273
2329
153
2985
2989
3160
3175
434
3499
494
3916
2600
780
8781
4023
7347
5602
4638
4223
1131
247
5377
1704
97938
44199
1036
3994
134853
745
118997
1291
5064
4011
79132
260
1061
3949
27592
6218
27904
64957
5618
60684
109249
27773
3052
2369
2692
2700
5662
3546
3113
2085
2396
52885
2012
6287
661
628
587
529
520
377
357
337
300
246
236
186
5
67997
31658
30745
904
1059
1801
2004
6713
1956
58559
1954
8188
1639
1242
1635
1517
1376
1358
3114
1250
1259
135518
3260
3361
70286
78349
94777
1900
2361
117533
1
778
2542
2959
5608
6016
40148
47099
60072
62849
77455
78499
4322
1028
1088
1997
2942
6863
6942
8533
45720
59725
63131
8369
106918
55247
5135
3751
3785
3893
3978
4016
4306
4351
2288
4369
4641
4701
4823
4890
5349
5449
5481
5812
6281
6953
8636
65514
68954
88125
107649
3703
44191
106473
3676
2529
5299
1729
34405
7373
5507
5219
4069
3301
3300
3275
3257
2641
2359
80551
2082
104841
69640
8972
8861
48394
5445
63992
104283
82461
5971
3030
44555
7361
47640
46970
71057
69712
69526
68319
68157
66934
66097
7458
52319
6754
4467
1199
130682
111624
107999
8623
2174
150
100365
45950
37729
35957
34162
32892
7478
1955
2968
4911
121231
5909
109487
48780
4995
4226
1258
27255
6986
6683
4612
4189
48711
74458
4388
296
47465
132046
8865
1256
8464
3176
4018
3948
2424
2068
1265
1210
318
50
47
35836
32025
31221
7376
4721
7161
26614
1721
26662
1219
1089
1080
111
40614
54290
115617
106696
95441
93040
72998
68358
56367
34321
27611
122886
33794
36401
1274
741
4121
3793
1610
1200
1120
1042
858
593
78209
76251
61024
8528
2502
104
924
2571
31878
2924
26585
26554
8961
8874
7844
7090
7022
6857
6539
6350
5902
5782
3996
3265
2997
64969
599
3707
90866
97921
97752
97673
97304
96832
96811
96728
96610
96588
96417
95761
95558
95449
95135
94969
94959
94931
97923
98154
98961
103449
106766
106100
105504
105355
105197
103688
103624
103372
99114
103107
102469
102194
101895
101525
101285
99149
91077
90531
72011
90439
81786
81591
81562
80489
80463
79242
78653
78574
78039
74545
74324
73023
72741
72720
5984
72226
72176
81845
81932
82313
88810
90376
90057
89804
89759
89492
89470
89260
88235
82459
88129
87304
86833
86320
85394
83976
82463
106916
106920
107141
107636
143385
142488
141749
140725
140715
140174
139642
139385
137337
134881
134859
134130
133771
133645
132800
132549
132547
144172
146656
148482
164977
111931
111384
82152
66203
47044
138610
164979
163949
148626
163056
161582
161336
160954
158783
156387
155064
132458
131796
128606
112515
114342
114254
113064
112852
112556
112552
112550
112290
114662
112183
112070
111622
111505
111251
111249
110871
114459
115139
128512
123695
128360
128235
127212
127206
127144
127114
127108
123663
115569
122882
118880
118700
117176
116797
116161
115713
72131
72395
71745
4437
7438
7335
7243
7195
6983
6874
6830
6515
6229
5956
5795
5791
5464
5289
5169
4928
4763
7792
7926
8125
8767
39183
71464
37741
34517
31770
26366
25927
8766
8154
8765
8751
8645
8584
8494
8236
8207
4712
4327
40819
3947
1942
1935
1283
1281
1272
1260
1209
1153
954
946
914
757
146501
541
53318
39421
7155
2109
2178
2182
3384
3789
3671
3634
3632
3629
3539
3498
3089
2202
3022
2936
2927
2920
2857
2747
2730
40629
38304
41585
60766
58879
58191
57669
56805
56788
56782
56607
56286
56152
56015
55946
55442
55363
55280
55276
55269
41863
60069
61236
55069
61240
71108
70293
69481
67665
67429
67255
67087
66665
64839
64701
64622
64620
64614
63876
63082
61357
61323
55118
55253
55063
48516
51540
55052
49917
49824
48774
48738
48696
47629
52281
47423
47274
46723
46664
45210
45028
41997
52241
50068
52579
53000
54881
54513
54286
54272
53953
53123
53894
52967
339
1732
109374
46578
8928
4973
1079
37733
3882
55820
3809
4041
350
1103
52973
608
