587
2424
1721
3114
745
2396
494
1042
858
780
593
434
153
1200
1265
7347
8781
5602
377
1120
357
3499
2985
4638
4023
3175
3160
4121
2989
2600
2329
2273
4223
1617
1610
3916
608
4041
1103
350
52973
150
3809
44199
3793
1036
4890
3994
59725
4973
6942
6218
1291
5064
4011
236
55820
3949
106473
63992
3882
37733
1079
109374
293
5299
8928
115617
5971
109249
79132
46578
111624
60684
1732
55247
34321
8874
2068
118997
35836
31878
63131
7161
6539
46970
94777
56367
64969
6350
4018
6863
66934
6287
5662
3546
27592
8188
2529
520
31658
1219
52885
1729
1089
6713
30745
5
58559
1517
337
628
661
904
300
1242
1250
246
1259
1358
1376
1635
67997
1639
1801
1954
1956
2004
2012
2085
2369
215
186
529
1059
135518
2692
2700
4322
78499
77455
62849
60072
47099
40148
6016
5608
2959
2542
778
1
117533
2361
1028
1088
1997
53318
146501
588
541
364
319
306
39421
2942
7155
5984
3707
3176
45720
8533
1900
78349
70286
3978
4701
4641
4369
4351
4306
4016
3893
5135
3785
3751
3361
3260
3113
3052
4823
5349
8369
88125
106918
5449
3676
44191
3703
107649
68954
5377
65514
8636
6953
6281
5812
5481
1080
31221
247
3257
48780
109487
121231
52319
5445
7458
8972
69640
104841
2082
80551
1061
2359
2641
3275
71057
3300
3301
4069
5219
5507
7373
8861
27904
34405
48394
66097
68157
68319
69526
4995
4226
1704
260
1955
7478
32892
34162
35957
37729
45950
100365
2174
8623
107999
130682
1199
2968
4467
4911
5909
47465
296
4388
1131
64957
74458
48711
4189
4612
6683
6986
27255
69712
47640
111
1176
7844
8795
8961
26554
26585
33794
122886
4721
7376
914
32025
50
232
318
1210
6985
3948
8464
26614
26662
27611
68358
72998
93040
95441
97938
106696
134853
54290
40614
7153
7090
7022
6857
7361
44555
3030
5618
82461
104283
132046
6754
8865
36401
104
2502
8528
61024
76251
78209
741
924
1274
2019
2571
2924
2997
3265
3996
4993
5782
5902
5952
757
599
946
94959
96610
96588
96417
95761
95558
95449
95135
94969
94931
96811
91077
90866
90531
90439
90376
90057
89804
89759
96728
96832
954
101525
103688
103624
103449
103372
103107
102469
102194
101895
101285
97304
99149
99114
98961
98154
97923
97921
97752
97673
89492
89470
89260
72131
74545
74324
73023
72741
72720
72395
72226
72176
72011
88810
71745
71464
71108
70293
69481
67665
67429
67255
78039
78574
78653
79242
88235
88129
87304
86833
86320
85394
83976
82463
82459
82313
81932
81845
81786
81591
81562
80489
80463
105197
105355
105504
134881
142488
141749
140725
140715
140174
139642
139385
137337
134859
128512
134130
133771
133645
132800
132549
132547
132458
131796
143385
144172
146656
148482
111931
111384
82152
66203
47044
138610
164979
164977
163949
163056
161582
161336
160954
158783
156387
155064
148626
128606
128360
106100
111622
112852
112556
112552
112550
112515
112290
112183
112070
111505
128235
111251
111249
110871
107636
107141
106920
106916
106766
113064
114254
114342
114459
127212
127206
127144
127114
127108
123695
123663
122882
118880
118700
117176
116797
116161
115713
115569
115139
114662
67087
66665
64839
5795
6830
6783
6643
6515
6433
6229
5956
5791
6981
5464
5289
5169
4928
4763
4712
4437
6874
6983
25927
8207
8767
8766
8765
8751
8645
8494
8236
8195
7195
8154
8125
7926
7792
7438
7335
7243
4327
3947
3789
1572
2202
2182
2178
2109
2028
1942
1935
1283
3742
1281
1272
1260
1245
1232
1209
1153
2330
2677
2730
2747
3671
3634
3632
3629
3539
3498
3415
3384
3246
3089
3022
2936
2927
2920
2857
25805
8584
26150
56286
56015
55946
55442
55363
55280
55276
55269
55253
55118
55069
55063
55052
54881
54513
54286
54272
26151
56152
56607
53894
56782
64701
64622
64620
64614
63876
63082
61357
61323
61240
61236
60766
60069
58879
58191
57669
56805
56788
53953
339
47423
46723
48774
48738
48696
48516
47629
38304
47274
46664
37741
45210
45028
42217
41997
41863
41585
40819
39183
49824
31770
52579
26366
53123
53000
52967
49917
40629
52281
34517
52241
51540
50068
1258
47
27773
1211
1197
1273
1172
3811
1957
8128
4326
3111
5747
5198
3679
2288
4103
4262
1256
