1042
858
1610
593
4121
1200
1120
2502
50
26614
1259
2028
3793
7243
3629
1283
293
44199
2542
2959
8125
954
3022
541
1245
2677
306
2330
364
3246
588
319
4011
778
1729
95135
2857
8154
4327
3789
95449
97304
101525
99114
98961
98154
97923
97921
94931
97752
99149
1209
94959
96811
96728
914
96588
95558
318
260
2600
153
2985
780
2989
3160
3175
3499
2273
3916
1617
4023
8781
4223
4638
494
5602
434
7347
2329
56805
56788
55052
54272
53123
54286
53000
52967
52241
51540
54513
54881
53894
55118
55253
55269
55276
56152
56286
56607
56782
66934
47629
49917
49824
48774
48738
48696
48516
47423
46723
45210
45028
41863
2936
3634
599
3949
96610
96832
215
5608
40148
62849
1036
3994
44555
745
47099
4226
1079
4388
5064
1291
1089
55820
296
1219
2529
3361
97938
47
52281
41997
48780
27773
1732
1704
56367
46578
74458
111384
121231
4995
48394
1061
1210
1258
132046
106696
118997
55247
122886
6218
107999
1028
27611
134853
109487
68319
3703
109249
135518
72998
70286
2571
1956
93040
112852
2424
3948
8464
112556
26662
112552
112550
112515
68358
95441
232
112290
112183
112070
111622
111505
54290
40614
247
111251
111249
110871
1256
113064
114342
114254
2288
115713
115569
115139
114662
741
1274
2924
2997
3265
3996
5782
6857
7022
7090
7844
8961
26554
26585
33794
1721
114459
4721
7376
31221
32025
107636
107141
116797
1242
1358
1376
1517
1635
1639
1801
1954
2004
2012
2085
2369
2396
2700
3052
3113
3114
106100
3751
3785
3893
4016
4041
4306
4351
4369
106766
1059
3546
904
5662
6287
6713
8188
27592
106920
30745
31658
52885
58559
5
186
106916
236
246
300
337
350
357
377
520
529
587
628
661
116161
117176
4701
80551
164979
164977
163949
163056
161582
161336
160954
5445
8972
69640
104841
2082
158783
27904
156387
2359
2641
3257
3275
3300
3301
3882
4069
5219
5507
7373
138610
27255
6986
6683
1955
7478
32892
34162
35957
37729
45950
100365
150
2174
8623
111931
130682
2968
4467
4911
5909
47465
82152
66203
1131
47044
48711
4189
4612
8861
37733
118700
131796
139642
139385
137337
134881
134859
134130
133771
133645
132800
132549
132547
132458
128606
155064
128512
128360
128235
127212
127206
127144
127114
127108
123695
123663
122882
118880
140174
140715
140725
141749
63992
66097
148626
148482
69526
71057
47640
6985
7361
146656
5618
82461
104283
144172
6754
8865
36401
104
1103
143385
8528
52973
142488
76251
78209
4641
339
4823
81591
78574
79242
80463
3498
80489
3539
81562
3632
3671
42217
81845
47274
81932
3742
4890
3947
46664
82313
3415
3384
78039
74545
1572
1935
26366
72176
2109
2178
2182
2202
2730
2747
53953
2920
2927
72741
3089
74324
52579
82459
4437
55946
8494
38304
7792
7926
37741
34517
8195
8207
8236
8584
4712
31770
8751
8765
8766
8767
25805
25927
26150
7335
39183
7195
6983
4763
4928
5169
82463
5289
41585
40819
5795
5956
6229
6433
6515
6643
6783
6830
40629
6981
1281
1942
26151
103449
95761
96417
97673
101285
101895
105197
103688
39421
7155
5984
3707
3176
103624
59725
103107
45720
8533
6016
103372
1272
2942
1997
1088
102194
4322
78499
77455
102469
1
117533
146501
757
1260
5135
56015
1232
5349
5377
5481
5812
6281
6953
8636
65514
88125
107649
105504
67255
106473
3676
5449
105355
106918
1153
8369
946
94969
1900
60072
8928
111
78349
64957
69712
67665
608
53318
67087
69481
72226
72131
72011
72720
73023
66665
71745
71464
78653
71108
70293
72395
1176
67997
2361
7458
52319
1250
2692
3030
61024
60766
60069
58879
58191
64622
55063
64620
61357
63876
57669
64614
63082
67429
61323
64839
64701
115617
34405
2068
31878
68157
8874
6863
4018
6539
6350
79132
64969
35836
46970
6942
94777
34321
7161
109374
63131
5299
111624
4973
55442
55069
5971
3809
68954
1199
60684
81786
61236
61240
2019
55363
924
1265
44191
90439
90531
90866
91077
1080
90376
89759
90057
88810
85394
86320
86833
83976
87304
89804
88235
88129
89492
89470
89260
4326
3811
8128
5747
1957
5198
4262
4103
1197
1172
3111
3679
1211
1273
8645
55280
7438
6874
5791
5464
50068
5902
3260
3978
4993
8795
7153
5952
