587
135518
1059
661
628
529
520
377
357
350
337
300
246
236
186
5
67997
58559
52885
904
1242
1283
1250
3052
2700
2692
2396
2369
2085
2012
2004
1956
1954
1801
1639
1635
1517
1376
1358
1259
31658
30745
8188
6713
93040
72998
68358
56367
46578
34321
27611
26662
26614
8464
7161
5299
4973
4018
3948
2068
1265
95441
97938
106696
1079
6287
5662
3546
1729
1256
1089
1080
247
109249
111
40614
54290
134853
118997
115617
109374
3113
3260
3361
2542
3176
64969
63131
59725
45720
8533
6942
6863
2942
1088
1028
4322
78499
77455
60072
47099
40148
3707
5984
7155
1172
1273
1272
1260
1232
1211
1209
1197
1153
39421
954
946
914
757
146501
541
53318
6016
778
3751
1
5812
5481
5377
5349
5135
4890
4823
4701
4641
4369
4351
4306
4041
4016
3978
3893
3785
6281
6953
8636
106918
117533
2361
1900
94777
78349
70286
8369
55247
65514
5449
3676
106473
44191
3703
107649
68954
1210
1176
318
80551
34405
27904
8928
8861
7373
5507
5219
4069
3882
3809
3301
3300
3275
3257
2641
2359
1732
37733
60684
63992
7361
132046
104283
82461
5971
5618
3030
44555
6985
66934
47640
46970
71057
69712
69526
68319
68157
1061
2082
8865
104841
5909
4911
4467
2968
1199
111624
107999
8623
2174
100365
45950
37729
35957
34162
32892
7478
1955
47465
296
4388
109487
69640
8972
7458
5445
608
52319
121231
260
1131
27255
6986
6683
4612
4189
48711
64957
6754
36401
232
6218
6539
6350
5952
5902
5782
4993
3996
3265
2997
2924
2571
2019
1274
924
741
44199
8781
6857
7022
7090
1721
50
35836
32025
31221
7376
4721
122886
33794
7153
31878
26585
26554
8961
8874
8795
7844
7347
5602
104
5064
1042
1036
858
780
745
593
494
434
153
78209
76251
61024
55820
52973
8528
2502
1103
1120
1200
1291
3499
4638
4223
4121
4023
3994
3916
3793
3175
1610
3160
2989
2985
2600
2329
2273
1617
1281
599
1572
94959
96610
96588
96417
95761
95558
95449
95135
94969
94931
96811
91077
90866
90531
90439
90376
90057
89804
89759
96728
96832
66665
101525
103688
103624
103449
103372
103107
102469
102194
101895
101285
97304
99149
99114
98961
98154
97923
97921
97752
97673
89492
89470
89260
72131
74545
74324
73023
72741
72720
72395
72226
72176
72011
88810
71745
71464
1935
70293
69481
67665
67429
67255
78039
78574
78653
79242
88235
88129
87304
86833
86320
85394
83976
82463
82459
82313
81932
81845
81786
81591
81562
80489
80463
105197
105355
105504
134881
142488
141749
140725
140715
140174
139642
139385
137337
134859
128512
134130
133771
133645
132800
132549
132547
132458
131796
143385
144172
146656
148482
111931
111384
82152
66203
47044
138610
164979
164977
163949
163056
161582
161336
160954
158783
156387
155064
148626
128606
128360
106100
111622
112852
112556
112552
112550
112515
112290
112183
112070
111505
128235
111251
111249
110871
107636
107141
106920
106916
106766
113064
114254
114342
114459
127212
127206
127144
127114
127108
123695
123663
122882
118880
118700
117176
116797
116161
115713
115569
115139
114662
67087
71108
64839
34517
7438
7335
7243
7195
6983
6981
6874
6830
6783
6643
6515
6433
6229
5956
5795
5791
5747
7792
7926
8125
8765
26366
26151
26150
25927
25805
8767
8766
8751
8128
64701
8584
8494
8236
8207
8195
8154
5464
5289
5198
2857
3384
3111
3089
3022
2936
2927
2920
2747
3498
2730
2202
2182
2178
2109
1957
1942
3415
3539
5169
4103
4928
4763
4712
4437
4327
4326
4262
3947
3629
3811
3789
3742
3679
3671
3634
3632
31770
8645
37741
38304
56152
56015
55946
55442
55363
55280
55276
55253
53953
55118
55069
55063
55052
54881
54513
54286
56286
56607
56782
56788
64622
64620
64614
63876
63082
61357
61323
61240
61236
60766
60069
58879
58191
57669
56805
54272
55269
339
41863
49917
42217
49824
48774
48738
53894
48696
48516
47629
47423
47274
41997
46723
46664
45210
50068
45028
52579
53123
51540
52241
53000
41585
40819
52967
39183
40629
52281
79132
4995
74458
66097
1704
62849
48780
3949
4011
1997
2529
1219
48394
27773
130682
1258
4226
27592
2424
5608
2959
2288
88125
293
3114
215
2028
150
1245
319
364
2677
3246
306
588
47
2330
