1036
3246
364
588
2330
306
319
2677
1245
858
4121
1042
593
1200
587
1610
1120
318
1617
2273
2600
780
2329
3160
2985
2989
153
3175
3499
3916
4023
4223
4638
5602
7347
8781
434
494
26585
293
3265
7022
44199
2028
215
5782
3793
3994
745
5064
1291
4011
3361
6218
3949
111384
121231
1061
4041
350
1103
236
52973
150
608
2424
55820
60072
26614
50
3114
37733
3882
1635
1153
1639
3260
3113
1801
2085
1954
3052
2700
1956
2004
2012
2692
2396
2369
1028
1517
58559
31658
30745
8188
6713
6287
5662
3546
1729
1256
1089
1080
1079
247
111
40614
52885
67997
1376
5
1358
1259
954
1242
1059
904
661
628
1172
529
520
357
300
246
186
1250
541
946
106918
5481
5812
6281
6953
8636
65514
68954
107649
3703
44191
106473
3676
5449
55247
8369
5349
70286
78349
94777
1900
2361
117533
1
778
2542
6016
40148
47099
77455
78499
5377
5135
914
6942
757
146501
4322
53318
39421
7155
5984
3707
3176
64969
63131
59725
45720
8533
6863
4890
2942
134853
1088
3751
3785
3893
3978
4016
4306
4351
4369
4641
4701
4823
54290
135518
118997
3275
5507
5219
4069
3809
3301
3300
3257
8861
2641
2359
1732
80551
2082
104841
7373
8928
115617
69712
44555
7361
6985
47640
46970
71057
69526
27904
68319
68157
66934
63992
60684
34405
69640
8972
7458
100365
2968
1199
111624
107999
8623
2174
45950
5445
37729
35957
34162
32892
7478
1955
4467
4911
5909
47465
296
4388
1131
64957
48711
4189
4612
6683
6986
27255
260
109487
52319
3030
5618
5971
1209
4018
3948
2068
1265
1210
1176
232
33794
35836
32025
31221
7376
4721
122886
4973
5299
7161
8464
26662
27611
34321
46578
56367
68358
72998
93040
95441
97938
106696
109249
109374
1721
31878
82461
8528
1274
924
741
78209
76251
61024
2502
26554
104
36401
8865
6754
132046
104283
2019
2571
2924
2997
3996
4993
5902
5952
6350
6539
6857
7090
7153
7844
8795
8874
8961
1197
599
1211
94969
96728
96610
96588
96417
95761
95558
95449
95135
94959
89492
94931
91077
90866
90531
90439
90376
90057
89804
96811
96832
97304
97673
103688
103624
103449
103372
103107
102469
102194
101895
101525
101285
99149
99114
98961
98154
97923
97921
97752
89759
89470
67087
72176
78039
74545
74324
73023
72741
72720
72395
72226
72131
89260
72011
71745
71464
71108
1232
69481
67665
67429
78574
78653
79242
80463
88810
88235
88129
87304
86833
86320
85394
83976
82463
82459
82313
81932
81845
81786
81591
81562
80489
105197
105355
105504
134859
141749
140725
140715
140174
139642
139385
137337
134881
134130
106100
133771
133645
132800
132549
132547
132458
131796
128606
142488
143385
144172
146656
111931
82152
66203
47044
138610
164979
164977
163949
163056
161582
161336
160954
158783
156387
155064
148626
148482
128512
128360
128235
113064
112556
112552
112550
112515
112290
112183
112070
111622
111505
111251
111249
110871
107636
107141
106920
106916
106766
112852
114254
127212
114342
127206
127144
127114
127108
123695
123663
122882
118880
118700
117176
116797
116161
115713
115569
115139
114662
114459
67255
70293
66665
7195
6981
6874
6830
6783
6643
6515
6433
6229
5956
5795
5791
5747
5464
5289
5198
5169
4928
6983
7243
4712
7335
25805
8767
8766
8765
8751
64839
8584
8494
8236
8207
8195
8154
8128
8125
7926
7792
7438
4763
4437
26150
2936
2920
2857
2747
2730
2202
2182
2178
2109
1957
1942
1935
1572
1283
1281
1273
1272
1260
2927
3022
4327
3089
4326
4262
4103
3947
3811
3789
3742
3679
3671
3634
3632
3629
3539
3498
3415
3384
3111
25927
8645
26151
55253
61240
55069
55063
61323
61357
63082
26366
55052
54881
54513
54286
54272
63876
60069
53953
55118
61236
53123
60766
58191
57669
56805
56788
56782
56607
56286
56152
56015
55946
55442
55363
55280
55276
55269
53894
58879
53000
46723
37741
38304
52967
47423
39183
47274
46664
34517
45210
45028
40629
42217
41997
40819
47629
48516
41585
49917
52579
52281
52241
51540
64614
50068
64620
48696
64622
49824
48774
31770
64701
48738
41863
27773
79132
4995
74458
66097
1704
62849
48780
1997
2529
1219
48394
130682
1258
4226
27592
5608
2959
2288
88125
47
377
339
337
