1079
246
1131
1729
778
1061
608
2959
3809
2542
1732
1956
1258
858
4121
1259
1610
593
1200
1120
1042
2028
109249
1283
7243
3629
4973
296
8928
8125
3022
541
954
3793
2677
2330
306
319
364
3246
588
1245
46578
109374
2361
52281
41997
2936
215
48394
2288
111
74458
5608
78349
47
293
27592
53318
48780
1219
3949
4226
1704
27773
350
357
377
236
337
529
520
300
904
587
628
661
5
39421
1059
1250
7155
5984
1358
1517
1635
186
62849
67997
1080
68358
72998
93040
95441
946
97938
106696
914
54290
40614
247
757
1089
58559
1256
146501
2529
3546
5662
6287
6713
8188
1801
30745
31658
52885
1639
2085
1954
3707
5377
5481
5812
6281
6953
8636
65514
68954
88125
3703
44191
106473
3676
5449
55247
106918
8369
70286
1900
117533
1
1997
1028
4322
78499
6016
40148
47099
60072
5349
5135
4890
3114
2004
2012
3176
77455
59725
45720
2396
8533
2692
2700
6942
3052
3113
3260
4823
3361
3751
3785
3893
3978
4016
4041
56367
4351
2942
4369
4641
4701
4306
135518
27611
5219
60684
37733
34405
27904
8861
7373
5507
4069
2082
3882
3301
3300
3275
3257
2641
2359
63992
66097
66934
68157
6754
132046
104283
82461
5971
5618
3030
44555
7361
6985
47640
71057
69712
69526
68319
80551
104841
36401
150
4467
2968
1199
130682
111624
107999
8623
100365
69640
45950
37729
35957
34162
32892
7478
1955
4911
5909
47465
4388
8972
7458
5445
52319
121231
109487
79132
4995
27255
6986
6683
4612
4189
48711
64957
8865
104
26662
6857
8961
8874
8795
7844
7153
7090
7022
5952
2019
5902
5782
4993
3996
3265
2997
2924
26554
26585
31878
33794
26614
8464
3948
2424
1210
1176
318
232
1153
32025
31221
7376
4721
122886
1721
2571
1274
1103
434
2273
1617
1291
1036
780
745
494
153
924
78209
76251
61024
55820
52973
8528
2502
2329
2600
2985
2989
741
44199
8781
7347
5602
5064
4638
4223
4023
4011
3994
3916
3499
3175
3160
50
599
67665
94969
96728
96610
96588
96417
95761
95558
95449
95135
94959
89492
94931
91077
90866
90531
90439
90376
90057
89804
96811
96832
97304
97673
103688
103624
103449
103372
103107
102469
102194
101895
101525
101285
99149
99114
98961
98154
97923
97921
97752
89759
89470
66665
72176
78039
74545
74324
73023
72741
72720
72395
72226
72131
89260
72011
71745
71464
71108
70293
69481
67429
67255
78574
78653
79242
80463
88810
88235
88129
87304
86833
86320
85394
83976
82463
82459
82313
81932
81845
81786
81591
81562
80489
105197
105355
105504
134881
142488
141749
140725
140715
140174
139642
139385
137337
134859
106100
134130
133771
133645
132800
132549
132547
132458
131796
143385
144172
146656
148482
111931
111384
82152
66203
47044
138610
164979
164977
163949
163056
161582
161336
160954
158783
156387
155064
148626
128606
128512
128360
114254
112852
112556
112550
112515
112290
112183
112070
111622
111505
111251
111249
110871
107636
107141
106920
106916
106766
113064
114342
128235
114459
127212
127206
127144
127114
127108
123695
123663
122882
118880
118700
117176
116797
116161
115713
115569
115139
114662
67087
339
64839
6983
8195
8154
7926
7792
7438
7335
7195
6981
5795
6874
6830
6783
6643
6515
6433
6229
8207
8236
8494
8584
40629
39183
38304
37741
34517
31770
26366
26151
25927
25805
8767
8766
8765
8751
8645
5956
5791
41585
2109
2920
2857
2747
2730
2202
2182
2178
1942
5464
1935
1572
1281
1272
1260
1232
1209
2927
3089
3384
3415
5289
5169
4928
4763
4712
4437
4327
3947
3789
3742
3671
3634
3632
3539
3498
40819
26150
56015
56782
55052
55063
55069
55118
55253
55269
55276
55363
55442
55946
41863
56152
56286
56607
64622
54513
64620
56788
56805
57669
58191
58879
60069
60766
61236
61240
61323
61357
63082
63876
54881
55280
54286
47629
49917
49824
48774
48738
48696
48516
47423
51540
47274
46723
46664
45210
45028
42217
50068
64614
53894
52579
53123
52967
64701
53000
53953
54272
52241
260
6539
1265
35836
4018
118997
6350
34321
64969
6218
94777
46970
7161
5299
63131
134853
115617
1088
112552
6863
107649
2068
1957
1211
1197
1273
1172
3111
3679
3811
4103
4262
4326
5198
5747
8128
2174
2369
1376
1242
