1245
306
319
364
588
2330
2677
3246
2028
215
293
5747
1957
4326
3111
5198
1273
3679
4262
4103
357
3811
1197
8128
1211
1172
661
30745
52885
1250
1259
31658
27773
27592
8188
6713
1358
1376
1517
1635
58559
67997
628
5
186
236
1242
246
300
337
350
6287
1059
904
377
529
587
135518
1219
5662
3546
93040
72998
68358
56367
46578
34321
27611
26662
26614
8464
7161
5299
4973
4018
3948
2068
1265
95441
97938
106696
1079
2529
2288
1729
1256
1801
1089
1080
247
109249
111
40614
54290
134853
118997
115617
109374
1639
3113
1954
1900
5608
2959
2542
778
1
117533
2361
94777
1956
78349
70286
8369
106918
55247
5449
3676
6016
40148
47099
60072
3707
3176
64969
63131
45720
8533
6863
2942
1997
1088
1028
4322
78499
77455
62849
106473
44191
3703
4016
3893
3785
3751
3361
3260
3114
1176
3052
2700
2692
2396
2369
2085
2012
2004
3978
4041
107649
4306
88125
68954
65514
6953
6281
5812
5377
5349
5135
4890
4823
4701
4641
4369
4351
1210
318
7155
3257
5507
5219
4069
3882
3809
3301
3300
3275
2641
8861
2359
1732
1061
80551
2082
104841
69640
8972
7373
8928
5445
69712
5618
3030
44555
7361
6985
47640
46970
71057
69526
27904
68319
68157
66934
66097
60684
48394
37733
34405
7458
608
82461
2174
4911
4467
2968
1199
130682
111624
107999
8623
150
47465
100365
45950
37729
35957
34162
32892
7478
1955
5909
296
52319
260
121231
109487
79132
48780
4995
4226
1704
1258
27255
4388
6986
6683
4612
4189
48711
74458
64957
1131
5971
104283
232
2571
5952
5902
5782
4993
3996
3265
2997
2924
2019
6539
1274
924
741
44199
8781
7347
6218
5602
6350
6857
4638
33794
50
47
35836
32025
31221
7376
4721
122886
31878
7022
26585
26554
8961
8874
8795
7844
7153
7090
5064
4223
132046
61024
780
745
593
494
434
153
78209
76251
55820
1036
52973
8528
2502
1103
104
36401
8865
6754
858
1042
4121
3160
4023
4011
3994
3949
3916
3793
3499
3175
2989
1120
2985
2600
2329
2273
1617
1610
1291
1200
5984
599
39421
97673
96832
96811
96728
96610
96588
96417
95761
95558
95449
95135
94969
94959
94931
91077
90866
90531
90439
97304
97752
90057
97921
105355
105197
103688
103624
103449
103372
103107
102469
102194
101895
101525
101285
99149
99114
98961
98154
97923
90376
89804
106100
80489
79242
78653
78574
78039
74545
74324
73023
72741
72720
72395
72226
72176
72131
72011
71745
71464
71108
80463
81562
89759
81591
89492
89470
89260
88810
88235
88129
87304
86833
86320
85394
83976
82463
82459
82313
81932
81845
81786
105504
106766
53318
144172
142488
141749
140725
140715
140174
139642
139385
137337
134881
134859
134130
133771
133645
132800
132549
132547
132458
143385
146656
128606
148482
111931
111384
82152
66203
47044
138610
164979
164977
163949
163056
161582
161336
160954
158783
156387
155064
148626
131796
128512
106916
114342
113064
112852
112556
112552
112550
112515
112290
112183
112070
111622
111505
111251
111249
110871
107636
107141
106920
114254
114459
128360
114662
128235
127212
127206
127144
127114
127108
123695
123663
122882
118880
118700
117176
116797
116161
115713
115569
115139
70293
339
69481
4327
6981
6874
6830
6783
6643
6515
6433
6229
5956
5795
5791
5464
5289
5169
4928
4763
4712
6983
7195
7243
8494
67665
8767
8766
8765
8751
8645
8584
8236
7335
8207
8195
8154
8125
7926
7792
7438
4437
3947
26150
3789
2109
1942
1935
1572
1283
1281
1272
1260
1232
1209
1153
954
946
914
757
146501
541
2178
2182
2202
3415
3742
3671
3634
3632
3629
3539
3498
3384
2730
3089
3022
2936
2927
2920
2857
2747
25927
25805
26151
57669
56788
56782
56607
56286
56152
56015
55946
55442
55363
55280
55276
55269
55253
55118
55069
55063
55052
56805
58191
54513
58879
67429
67255
67087
66665
64839
64701
64622
64620
64614
63876
63082
61357
61323
61240
61236
60766
60069
26366
54881
47274
39183
47629
47423
54286
46723
46664
45210
45028
34517
37741
42217
41997
41863
41585
38304
40819
48516
48696
48738
52967
54272
53953
31770
53894
53123
53000
52579
48774
52281
52241
51540
50068
49917
49824
40629
8636
520
63992
6942
2424
59725
5481
1721
