946
2202
50
111
4121
1610
1200
1120
1042
858
593
6983
3632
3089
2927
26614
1935
1942
2019
2920
1281
46664
25927
2936
8795
4993
3793
2361
293
5952
7153
1258
1732
377
520
337
357
350
587
300
246
236
215
529
5984
146501
1635
364
541
1956
588
1954
1801
1639
1517
628
1376
1358
1259
1242
186
904
661
1059
31658
5
1080
247
757
40614
914
54290
118997
109374
106696
97938
95441
93040
68358
56367
46578
34321
1079
1089
67997
1219
58559
52885
2004
30745
27773
27592
8188
6713
6287
5662
3546
2529
2288
1729
1256
319
2396
306
1
47099
40148
6016
5608
2959
2542
778
117533
2012
1900
78349
8369
106918
55247
5449
3676
60072
39421
62849
77455
3176
64969
63131
59725
45720
8533
6942
6863
2942
7155
1997
1088
1028
4322
78499
106473
44191
107649
4041
3978
3893
3785
3751
3361
26662
3114
3113
3052
2700
2692
3707
2369
53318
2085
4016
4306
88125
4351
68954
65514
8636
6953
6281
5812
5481
5377
5349
5135
4890
4823
4701
4641
4369
3260
599
8464
7161
7373
5507
5219
4069
3882
3809
3301
3300
3275
3257
2641
2359
1061
80551
2082
104841
69640
8861
8928
27904
71057
5971
5618
3030
44555
7361
47640
46970
69712
37733
69526
68157
66934
66097
63992
60684
48394
8972
7458
5445
150
4467
2968
1199
130682
111624
8623
2174
100365
5909
45950
37729
35957
34162
32892
7478
1955
4911
47465
608
6986
52319
121231
48780
4995
4226
1704
27255
6683
296
4612
4189
48711
74458
64957
1131
4388
82461
104283
6754
6350
8961
8874
7844
7090
7022
6857
6539
5902
26585
5782
3996
3265
2997
2924
1274
924
26554
31878
44199
318
5299
4973
4018
3948
2424
954
1176
232
33794
47
35836
32025
31221
7376
4721
1721
741
8781
8865
76251
1036
780
745
494
434
153
78209
61024
1617
55820
52973
8528
2502
1103
104
36401
1291
2273
7347
3994
6218
5602
5064
4638
4223
4023
4011
3949
2329
3916
3499
3175
3160
2989
2985
2600
1265
339
1153
95449
96832
96811
96728
96610
96588
96417
95761
95558
95135
67429
94969
94959
94931
91077
90866
90531
90439
90376
97304
97673
97752
97921
105355
105197
103688
103624
103449
103372
103107
102469
102194
101895
101525
101285
99149
99114
98961
98154
97923
90057
89804
89759
80463
78653
78574
78039
74545
74324
73023
72741
72720
72395
72226
72176
72131
72011
71745
71108
70293
69481
79242
80489
89492
81562
89470
89260
88810
88235
88129
87304
86833
86320
85394
83976
82463
82459
82313
81932
81845
81786
81591
105504
106100
106766
144172
142488
141749
140725
140715
140174
139642
139385
137337
134881
134859
134130
133771
133645
132800
132549
132547
132458
143385
146656
128606
148482
111931
111384
82152
66203
47044
138610
164979
164977
163949
163056
161582
161336
160954
158783
156387
155064
148626
131796
128512
106916
114342
113064
112852
112556
112552
112550
112515
112290
112183
112070
111622
111505
111251
111249
110871
107636
107141
106920
114254
114459
128360
114662
128235
127212
127206
127144
127114
127108
123695
123663
122882
118880
118700
117176
116797
116161
115713
115569
115139
67665
71464
1245
8494
8767
8766
8765
8751
8645
8584
8236
7438
8207
2028
8154
2109
8125
7926
67255
1283
1272
1260
26366
31770
34517
37741
38304
39183
40629
40819
41585
41863
41997
3634
45028
7792
7335
46723
3022
4928
4763
4712
4437
4327
2857
3246
7243
3947
3384
3789
3498
3539
3629
5169
2747
5289
5464
2730
5791
5795
5956
6229
2677
6515
2330
2182
6830
6874
2178
7195
45210
3671
47274
60766
55442
55946
56015
47423
56286
56607
56782
56788
56805
57669
58191
58879
60069
61236
55280
61240
61323
61357
63082
63876
64614
64620
64622
64701
64839
1209
66665
67087
55363
56152
55276
54272
49917
50068
51540
48738
48696
52241
52281
52579
52967
48516
53000
53123
53894
48774
53953
55063
55052
55269
55253
55118
47629
55069
49824
54881
54513
54286
115617
109249
134853
79132
2068
94777
34405
3703
135518
2571
68319
109487
27611
72998
107999
70286
122886
1250
132046
6985
260
3679
1197
1172
1211
1232
42217
26151
26150
1273
25805
1572
1957
8195
8128
6981
6783
6643
6433
5747
5198
4326
4262
3111
4103
3811
3415
3742
1210
