5349
37741
38304
39183
34162
40819
40629
8636
4995
5299
7161
1704
115617
35836
8874
34321
31878
118997
1721
4018
46578
2068
2529
6539
2959
56367
63131
4011
48780
8645
5449
7438
5464
6874
104
55280
8464
6287
377
5791
50068
4973
62849
7155
4226
1265
59725
46970
74458
55363
94777
55069
55442
61236
61240
64969
52281
41997
6350
66934
6863
27773
79132
2424
236
63992
3751
68954
48394
6016
2359
39421
100365
3707
2942
117533
134853
6942
67997
3703
146501
1517
1956
1153
1358
1376
1954
1801
954
541
946
1639
914
1635
757
53318
5608
904
1172
1197
1572
5
186
1283
246
300
1281
337
350
357
1273
520
529
587
1272
1260
628
1232
1211
661
1059
1209
1242
1250
1259
2004
45720
2012
44191
5377
5481
5812
6281
6953
78499
77455
65514
88125
107649
60072
3676
2085
47099
55247
40148
106918
8369
70286
78349
1900
2361
1
778
4322
58559
5135
4890
5984
2369
2396
2692
2542
2700
3052
3113
3260
3361
3785
3893
3978
4016
4041
4351
4369
8533
1088
1028
4641
4701
4823
135518
247
52885
3300
5507
5219
4069
3882
3809
3301
3275
8861
3257
2641
1732
1061
80551
2082
7373
8928
69640
69712
5618
3030
44555
6985
47640
71057
69526
27904
68319
68157
66097
60684
37733
34405
104841
8972
31658
8623
5909
4911
4467
2968
1199
107999
2174
296
45950
37729
35957
32892
7478
1955
47465
4388
7458
260
5445
608
52319
121231
109487
1258
27255
1131
6986
6683
4612
4189
48711
64957
5971
82461
104283
27611
109249
106696
97938
95441
72998
68358
26662
54290
26614
1210
1176
318
232
50
109374
40614
132046
2288
30745
27592
8188
6713
5662
3546
1729
111
1256
1219
1089
1080
1079
1942
32025
31221
7376
61024
2019
1274
924
741
78209
76251
55820
4721
52973
8528
1103
36401
8865
6754
2571
2924
3265
3996
4993
5902
5952
6857
7022
7090
7153
7844
8795
8961
26585
33794
122886
1935
599
1957
96811
98154
97923
97921
97752
97673
97304
96832
96728
99114
96610
96588
96417
95761
95558
95449
95135
98961
99149
107636
103688
106920
106916
106766
106100
105504
105355
105197
103624
101285
103449
103372
103107
102469
102194
101895
101525
94969
94959
94931
80463
82313
81932
81845
81786
81591
81562
80489
79242
91077
78653
78574
78039
74545
74324
73023
72741
82459
82463
83976
85394
90866
90531
90439
90376
90057
89804
89759
89492
89470
89260
88810
88235
88129
87304
86833
107141
110871
72395
139385
143385
142488
141749
140725
140715
140174
139642
137337
146656
134881
134859
134130
133771
133645
132800
132549
144172
148482
111249
164977
111931
111384
82152
66203
47044
138610
164979
163949
148626
163056
161582
161336
160954
158783
156387
155064
132547
132458
131796
112552
114662
114459
114342
114254
113064
112852
112556
112550
128606
112515
112290
112183
112070
111622
111505
111251
115139
115569
115713
116161
128512
128360
128235
127212
127206
127144
127114
127108
123695
123663
122882
118880
118700
117176
116797
72720
86320
72226
7926
8584
8494
8236
8207
8195
8154
8128
8125
7792
6433
7335
7243
7195
6983
6981
6830
6783
6643
8751
8765
8766
8767
47629
47423
47274
46723
46664
45210
45028
42217
41863
41585
34517
31770
26366
26151
26150
25927
25805
6515
6229
72176
2936
3629
3539
3498
3415
3384
3111
3089
3022
2927
5956
2920
2857
2747
2730
2202
2182
2178
2109
3632
3634
3671
3679
5795
5747
5289
5198
5169
4928
4763
4712
4437
4327
4326
4262
4103
3947
3811
3789
3742
48516
339
55052
52579
57669
56805
56788
56782
56607
56286
48738
48774
49824
49917
51540
52241
56152
52967
58191
53000
56015
55946
53123
53894
53953
54272
54286
54513
54881
55276
55063
55118
55269
55253
58879
64701
72131
72011
71745
71464
71108
70293
69481
67665
67429
67255
67087
66665
60069
64839
64622
64620
64614
63876
63082
61357
61323
60766
48696
3949
47
1291
5064
3994
1036
44199
2600
2989
4023
2273
1617
780
494
434
2985
2329
3160
3175
3499
3916
153
8781
4223
4638
5602
7347
150
111624
130682
293
106473
215
2028
93040
6218
7361
26554
745
5782
364
2330
2677
1245
319
3246
588
306
3114
1997
3948
2502
4306
2997
3176
3793
593
1610
1120
1200
4121
1042
858
