339
357
296
7347
5602
4638
4223
4023
3916
3499
3175
3160
2989
2985
2600
2329
2273
1617
780
153
434
8781
494
44199
1729
778
1036
3994
745
1089
1291
5064
68157
4011
2542
3949
6218
293
1079
2959
1732
111
247
40614
1801
72998
1080
1954
2369
54290
134853
95441
93040
115617
109374
109249
106696
97938
1956
2004
2012
2085
118997
5662
1256
6287
6713
8188
30745
31658
52885
58559
67997
5
186
215
236
246
300
350
3546
520
529
628
661
2396
1059
1242
1250
1259
1358
1376
1517
1635
1639
904
2692
56367
2942
3176
64969
63131
59725
45720
8533
6942
6863
1088
117533
1028
4322
78499
77455
60072
47099
40148
6016
3707
5984
7155
39421
1232
1211
1209
1197
1172
1153
954
946
914
757
146501
588
541
364
319
306
53318
1
2361
2700
4041
5135
4890
4823
4701
4641
4369
4351
4306
4016
1900
3978
3893
3785
3751
3361
3260
3113
3052
5349
5377
5481
5812
94777
78349
70286
8369
106918
55247
5449
3676
106473
44191
3703
107649
68954
65514
8636
6953
6281
68358
232
46578
8928
7373
5507
5219
4069
3882
3809
3301
3300
3275
3257
2641
2359
1061
80551
2082
8861
27904
34321
34405
5618
3030
44555
7361
6985
47640
46970
71057
69712
69526
68319
66934
63992
60684
37733
104841
69640
8972
7458
4467
2968
1199
111624
107999
8623
2174
100365
45950
37729
35957
34162
32892
7478
1955
4911
5909
47465
27255
5445
608
52319
121231
109487
260
6986
4388
6683
4612
4189
48711
64957
1131
5971
82461
104283
6857
31221
7376
4721
122886
1721
33794
31878
26585
26554
8961
8874
8795
7844
7153
7090
32025
35836
50
4973
27611
26662
26614
8464
7161
5299
4018
1260
3948
2068
1265
1210
1176
318
7022
6539
132046
6350
1042
858
593
78209
76251
61024
55820
52973
8528
2502
1103
104
36401
8865
6754
1120
1200
1610
2997
5952
5902
5782
4993
3996
3265
2924
3793
2571
2019
1274
924
741
4121
1245
135518
1272
94959
96610
96588
96417
95761
95558
95449
95135
94969
94931
96811
91077
90866
90531
90439
90376
90057
89804
89759
96728
96832
66665
101525
103688
103624
103449
103372
103107
102469
102194
101895
101285
97304
99149
99114
98961
98154
97923
97921
97752
97673
89492
89470
89260
72131
74545
74324
73023
72741
72720
72395
72226
72176
72011
88810
71745
71464
71108
70293
1273
67665
67429
67255
78039
78574
78653
79242
88235
88129
87304
86833
86320
85394
83976
82463
82459
82313
81932
81845
81786
81591
81562
80489
80463
105197
105355
105504
134881
142488
141749
140725
140715
140174
139642
139385
137337
134859
128512
134130
133771
133645
132800
132549
132547
132458
131796
143385
144172
146656
148482
111931
111384
82152
66203
47044
138610
164979
164977
163949
163056
161582
161336
160954
158783
156387
155064
148626
128606
128360
106100
111622
112852
112556
112552
112550
112515
112290
112183
112070
111505
128235
111251
111249
110871
107636
107141
106920
106916
106766
113064
114254
114342
114459
127212
127206
127144
127114
127108
123695
123663
122882
118880
118700
117176
116797
116161
115713
115569
115139
114662
67087
69481
64839
6983
6874
6830
6783
6643
6515
6433
6229
5956
5795
5791
5747
5464
5289
5198
5169
4928
4763
6981
7195
4437
7243
25805
8767
8766
8765
8751
8584
8494
8236
8207
8195
8154
8128
8125
7926
7792
7438
7335
4712
4327
26150
2936
2920
2857
2747
2730
2677
2330
2202
2182
2178
2109
2028
1957
1942
1935
1572
1283
1281
2927
3022
4326
3089
4262
4103
3947
3811
3789
3742
3679
3671
3634
3632
3629
3539
3498
3415
3384
3246
3111
25927
8645
54881
56286
56015
55946
55442
55363
55280
55276
55269
55253
55118
55069
55063
55052
26151
54513
54286
54272
53953
56152
56607
53123
56782
64701
64622
64620
64614
63876
63082
61357
61323
61240
61236
60766
60069
58879
58191
57669
56805
56788
53894
599
53000
52967
48696
48516
47629
47423
47274
46723
46664
45210
45028
42217
41997
41863
41585
40819
40629
39183
38304
37741
34517
31770
26366
48738
48774
49917
52579
52281
52241
49824
51540
50068
79132
4995
74458
66097
1704
62849
48780
1997
2529
1219
48394
27773
130682
1258
4226
27592
2424
5608
2288
88125
3114
150
47
377
587
337
