56367
6942
4973
318
55052
55118
56286
56152
55276
55269
55253
54881
56782
54513
54286
54272
53894
53123
53000
52967
52241
56607
56788
51540
56805
46578
6539
1088
55442
55069
5299
71464
72131
72226
72395
72720
73023
8128
71108
70293
78653
69481
67087
66665
71745
72011
1197
4103
3811
5198
4326
3679
1273
3111
1211
1172
1957
4262
5747
6218
1721
111624
67665
67997
6863
4995
69640
608
7161
55820
6016
4369
5377
2502
4641
37729
8528
7361
8533
48394
2359
4018
3361
2942
8874
59725
44199
93040
34321
31878
2424
118997
109249
2997
3175
5602
7347
4638
4223
4023
8781
3916
3499
3160
1617
2989
153
434
494
780
2329
2600
2985
2273
52281
41997
6350
111384
2174
8928
88125
121231
112552
63992
48738
48696
48516
49824
47629
47423
49917
46723
45210
45028
41863
48774
5782
1079
1732
1061
7155
55247
5464
8645
50068
6874
5791
7438
55280
26554
63131
7243
3629
1283
1036
745
3994
55363
232
46970
105504
5064
1291
106696
44555
66934
47099
64969
27773
64957
1176
1028
115617
66097
39421
4011
68954
3707
3809
109374
8961
5481
337
4701
1517
520
34162
3114
2068
150
106473
4612
4189
6683
6986
4041
48711
4823
27255
4890
52319
5135
4351
26662
4016
3893
1801
1954
1956
80551
2004
2012
2085
2369
2396
2700
3052
3113
2082
104841
7458
5445
3785
8972
6953
5349
1131
2968
40148
1199
60072
77455
4322
130682
8623
100365
1997
45950
35957
32892
45720
7478
1955
3176
4467
117533
2361
107649
5812
6281
4388
1639
8636
65514
47465
44191
4911
3676
5449
5909
106918
8369
78349
1900
2641
1242
3257
78209
6857
3996
3546
5662
3265
2924
1274
741
76251
7090
52973
6287
1103
104
36401
8865
6754
6713
7022
7844
82461
5984
8464
50
68358
32025
31221
7376
95441
97938
4721
2288
33794
54290
40614
111
247
26585
1080
1256
104283
5618
1635
628
236
246
300
350
357
377
529
587
3300
5
661
904
1059
26614
1259
1358
3275
1376
186
3301
3030
8861
8188
6985
47640
71057
69712
69526
37733
27904
7373
58559
27592
5507
5219
4069
30745
3882
31658
52885
599
339
53318
96417
101525
101285
99149
99114
98961
98154
97923
97921
97752
97673
97304
96832
96811
96728
96610
101895
102194
102469
106766
111249
110871
107636
107141
106920
106916
106100
103107
105355
105197
103688
103624
103449
103372
96588
95761
78574
95558
88129
87304
86833
85394
83976
82463
82459
82313
81932
81845
81786
81591
81562
80489
80463
88235
88810
89260
90866
95449
95135
94969
94959
94931
91077
90531
89470
90439
90376
90057
89804
89759
89492
111251
111505
111622
112070
144172
143385
142488
141749
140725
140715
140174
139642
139385
137337
134881
134859
134130
133771
133645
146656
148482
148626
164977
111931
82152
66203
47044
138610
164979
163949
155064
163056
161582
161336
160954
158783
156387
132800
132549
132547
114254
115713
115569
115139
114662
114459
114342
113064
116797
112852
112556
112550
112515
112290
112183
116161
117176
132458
127206
131796
128606
128512
128360
128235
127212
127144
118700
127114
127108
123695
123663
122882
118880
79242
86320
78039
5169
6515
6433
6229
5956
5795
5289
4928
6783
4763
4712
4437
4327
3947
3789
6643
6830
8767
8195
8765
8751
8584
8494
8236
8207
8154
6981
8125
7926
7792
7335
7195
74545
3742
3671
3634
1209
1935
1572
1281
1272
1260
1232
1153
3632
954
946
914
757
146501
541
1942
2109
2178
2182
2202
2730
2747
2857
2920
2927
2936
3022
3089
3384
3415
3498
3539
8766
6983
25805
53953
52579
47274
46664
67255
42217
41585
40819
40629
55946
39183
38304
37741
72176
56015
72741
26366
25927
74324
26150
26151
31770
34517
1704
74458
62849
2529
293
2028
94777
5971
48780
2692
215
68157
34405
1729
778
35836
60684
134853
68319
61024
1258
47
107999
3246
2677
2330
306
319
364
588
1245
70286
4306
3948
296
109487
122886
61240
61236
1250
135518
3703
72998
78499
2542
3793
27611
924
61323
58191
67429
55063
64839
1
64701
64622
57669
60069
58879
61357
63082
64620
63876
60766
64614
79132
4226
3751
1265
2959
3949
3260
5902
3978
593
1610
1200
1120
4121
1042
858
1089
132046
5608
2019
2571
1219
260
1210
4993
8795
5952
7153
