2959
4011
2542
3949
4226
5608
62849
78499
40148
44199
778
1729
81845
82463
67255
82459
78574
81562
81591
80489
80463
79242
74324
74545
78039
81932
494
3916
7347
434
2985
3160
2329
153
2989
2273
1617
8781
5602
3175
3499
4638
4023
780
4223
2600
72395
73023
72720
78653
72226
72131
72011
71464
71108
70293
69481
67087
66665
71745
296
1089
79132
68157
47
67665
1704
74458
77455
745
3994
1
1219
70286
1120
1042
4121
858
1610
593
1200
41863
48774
47629
47423
49824
46723
45210
45028
49917
48516
48696
48738
1036
64839
64701
64622
64620
64614
63876
67429
61357
61323
60766
60069
58879
58191
57669
63082
55063
2529
55269
56805
56788
56782
56607
56286
56152
52241
55276
52967
51540
55118
55052
54881
54513
54286
54272
53894
53123
55253
53000
2692
47099
1291
5064
3114
67997
6863
6016
60072
318
7153
5952
72998
8795
4993
293
1079
3793
56367
46578
6218
4995
44555
7361
48780
134853
27773
40614
132046
115617
2019
94777
4306
2571
61024
150
1283
7243
3629
55247
3978
5902
3260
61240
61236
102469
52579
94969
101285
53953
110871
757
161336
128512
111505
112550
4763
7926
113064
114254
114459
127206
133771
132800
111249
1265
106473
3546
6942
5299
27611
2028
1176
3361
541
8125
954
3022
52319
60684
88125
2288
7458
135518
55442
55069
109487
1210
2424
924
81786
134859
122882
118700
112515
118880
2730
2920
2936
27592
7161
34405
68954
3634
2997
1732
55820
111384
2174
111624
121231
112552
2068
130682
5782
34321
64957
1061
69712
63131
1997
118997
26554
1088
93040
8874
35836
46970
4018
117533
31878
6539
66097
6350
64969
3751
260
48394
66934
5971
3703
106918
53318
4016
34162
236
3052
246
1242
1059
904
661
628
300
587
3113
337
3893
32892
1955
7478
4612
6683
35957
357
529
377
520
3785
2700
1956
1250
1801
1954
107999
2004
2012
1199
2968
4467
4911
5909
47465
4388
5
1131
1639
1259
100365
2085
2369
45950
1635
48711
4189
2396
1517
1376
1358
8623
37729
186
4369
6986
69526
3265
3996
63992
6857
7022
7090
7844
27904
8961
8861
7373
26585
5507
33794
1721
2924
1274
4721
741
78209
76251
8528
2502
104
36401
8865
6754
104283
82461
5618
3030
6985
47640
71057
122886
7376
52885
80551
2082
247
104841
69640
1080
1256
8972
5445
5662
6287
6713
8188
27255
30745
31658
54290
106696
31221
97938
32025
5219
232
4069
3301
3300
3948
8464
26662
3275
3257
2641
68358
2359
95441
4351
599
4641
97752
94931
94959
95135
95449
95558
95761
96417
96588
96610
96728
96811
96832
97304
97673
97921
31770
97923
98154
98961
99114
99149
101525
101895
102194
103107
103372
103449
103624
103688
105197
91077
90866
90531
90439
37741
38304
39183
40629
40819
4701
42217
46664
47274
55946
56015
72176
72741
82313
83976
85394
86320
86833
87304
88129
88235
88810
89260
89470
89492
89759
89804
90057
90376
105355
105504
106100
132549
134130
134881
137337
139385
139642
140174
140715
140725
141749
142488
143385
144172
146656
148482
148626
155064
156387
158783
160954
161582
163056
163949
164977
164979
138610
47044
66203
82152
111931
133645
132547
106766
132458
106916
106920
107141
107636
111251
111622
112070
112183
112290
112556
112852
114342
114662
115139
115569
115713
116161
116797
117176
123663
123695
127108
127114
127144
127212
128235
128360
128606
131796
34517
41585
26366
3632
946
1153
1172
1197
1209
1211
1232
1260
1272
1273
1281
1572
1935
1942
1957
2109
2178
2182
2202
2747
2857
2927
26151
3111
3384
3415
3498
914
146501
39421
44191
4823
4890
5135
5349
5377
5481
5812
6281
6953
8636
65514
107649
3676
7155
5449
8369
1900
4322
1028
2942
8533
45720
59725
3176
3707
5984
3539
3089
3671
8128
5795
5956
6229
6515
6643
6783
6830
6981
6983
7195
7335
7792
8154
5289
8195
8207
8236
8494
8584
8751
8765
8766
8767
25805
25927
26150
5747
6433
5198
4712
3679
3742
3789
3811
3947
4103
4262
4326
4327
4437
339
5169
4928
4973
215
109374
2330
1245
588
364
319
306
3246
2677
109249
8928
68319
41997
52281
1258
3809
37733
3882
55363
50
58559
26614
4041
350
1103
52973
55280
50068
8645
7438
5791
5464
6874
608
2361
78349
111
