296
778
1729
1089
2542
2028
306
608
2330
2677
8125
50
1639
1245
319
26614
364
3246
1517
541
954
3022
588
1199
318
1079
2959
2936
293
350
4041
1103
52973
4467
7243
3629
1283
68157
745
215
2968
44191
1732
3809
106473
55820
60684
3361
37733
3882
4973
8928
3114
109249
111384
46578
109374
121231
4226
2692
1061
858
1120
4121
1200
1610
1042
593
48780
27773
1210
260
3793
1172
1197
1211
104
5449
1273
8128
5747
5198
1080
4326
3111
1
337
6287
3679
3811
1059
1957
4103
4262
78499
134853
132046
1250
115617
122886
70286
107999
72998
27611
109487
68319
2571
135518
3703
34405
94777
2019
2068
79132
6942
6863
2942
1259
1358
1376
1997
1088
1028
1635
1242
4322
1801
77455
1954
62849
1956
2004
8533
45720
60072
904
53318
236
246
39421
300
7155
5984
3707
357
377
520
529
3176
587
628
64969
63131
59725
661
2012
107649
2085
2369
4823
4890
5135
5349
5377
5481
5812
6281
78349
6953
8636
65514
8369
68954
106918
88125
55247
3676
5
4701
4641
4369
3260
2396
47099
40148
6016
2700
3052
3113
5608
117533
4351
3751
2361
3785
3893
3978
4016
1900
4306
186
97938
67997
4069
48394
27904
8861
7373
5507
5219
3301
66097
3300
3275
3257
2641
2359
80551
63992
66934
2502
3030
8865
6754
104283
82461
5971
5618
44555
69526
7361
6985
47640
46970
71057
69712
2082
104841
69640
100365
5909
4911
130682
111624
8623
2174
45950
8972
37729
35957
34162
32892
7478
1955
47465
4388
1131
64957
74458
48711
4189
4612
6683
6986
27255
1258
1704
4995
52319
5445
7458
36401
8528
58559
26662
757
95441
93040
68358
56367
34321
8464
118997
7161
5299
4018
3948
1265
1176
106696
54290
61024
5662
52885
31658
30745
27592
8188
6713
3546
40614
2529
2288
1256
1219
247
111
232
47
35836
3265
6350
5952
5902
5782
4993
3996
2997
32025
2924
1274
924
741
78209
76251
6539
6857
7022
7090
7153
7844
8795
8874
8961
26554
26585
31878
33794
1721
4721
7376
31221
146501
599
914
96728
97923
97921
97752
97673
97304
96832
96811
96610
98961
96588
96417
95761
95558
95449
95135
94969
98154
99114
107141
103624
106916
106766
106100
105504
105355
105197
103688
103449
99149
103372
103107
102469
102194
101895
101525
101285
94959
94931
91077
80463
82313
81932
81845
81786
946
81562
80489
79242
90866
78653
78574
78039
74545
74324
73023
72741
82459
82463
83976
85394
90531
90439
90376
90057
89804
89759
89492
89470
89260
88810
88235
88129
87304
86833
86320
106920
107636
72395
137337
142488
141749
140725
140715
140174
139642
139385
134881
144172
134859
134130
133771
133645
132800
132549
132547
143385
146656
110871
163949
111931
82152
66203
47044
138610
164979
164977
163056
148482
161582
161336
160954
158783
156387
155064
148626
132458
131796
128606
112550
114459
114342
114254
113064
112852
112556
112552
112515
128512
112290
112183
112070
111622
111505
111251
111249
114662
115139
115569
115713
128360
128235
127212
127206
127144
127114
127108
123695
123663
122882
118880
118700
117176
116797
116161
72720
81591
72226
8236
25927
25805
8767
8766
8765
8751
8645
8584
8494
8207
6830
8195
8154
7926
7792
7438
7335
7195
6983
6981
26150
26151
26366
31770
48696
48516
47629
47423
47274
46723
46664
45210
45028
42217
41997
41863
41585
40819
40629
39183
38304
37741
34517
6874
6783
72176
2178
3384
3089
2927
2920
2857
2747
2730
2202
2182
2109
6643
1942
1935
1572
1281
1272
1260
1232
1209
1153
3415
3498
3539
3632
6515
6433
6229
5956
5795
5791
5464
5289
5169
4928
4763
4712
4437
4327
3947
3789
3742
3671
3634
48738
48774
49824
61240
60766
60069
58879
58191
57669
56805
56788
56782
56607
56286
56152
56015
55946
55442
55363
55280
55276
55269
55253
61236
61323
49917
61357
72131
72011
71745
71464
71108
70293
69481
67665
67429
67255
67087
66665
64839
64701
64622
64620
64614
63876
63082
55118
55069
339
52579
54513
54286
54272
53953
53894
53123
53000
52967
55052
54881
52281
55063
52241
51540
50068
6218
3949
4011
1291
5064
3994
1036
2424
44199
8781
2273
7347
5602
4638
4223
4023
3916
3499
153
3175
434
494
3160
2989
780
2985
2600
2329
1617
150
