78499
4121
593
858
1042
1120
1200
1610
1
80489
74324
74545
78039
67255
79242
80463
78574
81562
81591
81845
81932
82459
82463
117176
116797
116161
115569
114662
114342
112852
112556
112552
112290
112183
111622
260
3793
112515
118700
118880
1291
1089
357
26614
58559
50
4973
1210
2571
111251
134853
77455
115617
293
79132
2542
4223
3499
3160
2989
2985
2600
7347
3916
2329
5602
2273
4638
1617
3175
4023
434
494
8781
153
780
117533
109374
68157
1250
44199
608
296
122886
109249
111624
3809
132046
2174
1036
107999
1265
6218
74458
745
8874
5299
5064
4011
5971
31878
6863
4226
3949
2692
1088
1079
68319
109487
3703
93040
27611
8928
34321
6350
56367
118997
135518
2068
46578
48780
35836
1732
6539
64957
6942
66934
1219
47099
67997
5
40148
186
215
246
236
300
6016
337
350
5608
2959
377
520
778
529
587
628
60072
31658
52885
30745
1256
3707
1729
2288
2529
3176
64969
63131
59725
45720
3546
5662
6287
8533
6713
2942
1997
8188
1028
27592
27773
4322
62849
661
904
2361
3114
4701
4641
4369
4351
4306
4041
4016
3893
3785
3751
3361
3113
4890
3052
2700
2396
2369
2085
2012
2004
1956
1954
1801
1639
4823
5135
1635
3676
1059
1242
1259
1900
78349
1358
1376
8369
106918
55247
5449
106473
5349
44191
107649
88125
68954
65514
8636
6953
6281
5812
5481
5377
1517
5782
1080
3300
5445
7458
8972
69640
104841
2082
80551
1061
2359
2641
3257
3275
3301
121231
3882
4069
5219
5507
7373
8861
27904
37733
48394
60684
63992
66097
52319
4995
247
2968
1955
7478
32892
34162
35957
37729
45950
100365
150
8623
130682
1199
4467
1704
4911
5909
47465
4388
1131
48711
4189
4612
6683
6986
27255
1258
69526
69712
71057
318
7844
8961
26554
26585
33794
1721
4721
7376
31221
32025
47
232
1176
46970
2424
3948
4018
7161
8464
26662
68358
95441
97938
106696
54290
111
7090
7022
6857
7155
47640
6985
7361
44555
3030
5618
82461
104283
6754
8865
36401
104
1103
2502
8528
52973
55820
76251
78209
741
1274
2924
2997
3265
3996
5984
599
39421
90531
95449
95135
94969
94959
94931
91077
90866
90439
88235
90376
90057
89804
89759
89492
89470
89260
95558
95761
96417
96588
101525
101285
99149
99114
98961
98154
97923
97921
97752
97673
97304
96832
96811
96728
96610
88810
88129
102194
56607
69481
67665
67087
66665
53318
56788
56782
56286
87304
56152
56015
55946
55442
55363
55280
55276
70293
71108
71464
71745
86833
86320
85394
83976
82313
81786
78653
73023
72741
72720
72395
72226
72176
72131
72011
101895
102469
55253
139642
144172
143385
142488
141749
140725
140715
140174
139385
132547
137337
134881
134859
134130
133771
133645
132800
146656
148482
148626
155064
111931
111384
82152
66203
47044
138610
164979
164977
163949
163056
161582
161336
160954
158783
156387
132549
132458
103107
106766
111505
111249
110871
107636
107141
106920
106916
106100
131796
105504
105355
105197
103688
103624
103449
103372
112070
112550
113064
114254
128606
128512
128360
128235
127212
127206
127144
127114
127108
123695
123663
122882
115713
115139
114459
55269
56805
55118
7926
4763
4712
4437
4327
4326
4262
4103
3947
3811
3789
3742
3679
3671
3634
3632
3629
3539
3498
3415
4928
5169
5198
6783
55069
7335
7243
7195
6983
6981
6874
6830
6643
5289
6515
6433
6229
5956
5795
5791
5747
5464
3384
3246
3111
954
1260
1245
1232
1211
1209
1197
1172
1153
946
1273
914
757
146501
588
541
364
319
306
1272
1281
3089
2330
3022
2936
2927
2920
2857
2747
2730
2677
2202
1283
2182
2178
2109
2028
1957
1942
1935
1572
7792
7438
8125
50068
45028
45210
46664
46723
47274
47423
47629
48516
48696
48738
48774
8128
49917
51540
41997
52241
52281
52579
52967
53000
53123
53894
53953
54272
54286
54513
54881
55052
42217
49824
41863
26150
8154
8195
8207
8236
8494
8584
8645
8751
8765
8766
8767
25805
25927
339
26151
40819
38304
39183
37741
40629
26366
41585
34517
31770
70286
94777
34405
61024
3994
61240
61236
55063
57669
58191
58879
60069
60766
64622
67429
61357
63082
63876
64614
64620
61323
64701
64839
40614
72998
924
3260
5902
3978
2019
8795
4993
5952
7153
