1197
1172
1211
1273
1957
3111
3679
3811
4103
4262
4326
5198
5747
8128
904
954
3022
541
8125
2936
54881
54513
56805
56788
56782
56607
56286
56152
55276
55269
55253
55118
51540
55052
52967
53000
53123
53894
54272
54286
52241
260
3176
1256
1088
72741
112070
107636
2747
3539
34517
55946
82313
8584
72176
132458
123663
164979
132549
139642
131796
140715
140725
128235
127212
127144
123695
164977
148482
37741
40629
39183
38304
40819
1281
780
5602
2985
4638
434
2600
8781
494
4223
2989
7347
3175
2273
4023
153
3160
1617
3499
3916
2329
1036
1291
127108
8961
1259
1028
55820
1210
44199
3994
745
26585
2927
946
1942
2202
1935
3089
3632
6983
5064
318
2920
3265
7022
2174
55247
112552
122886
107999
6863
2019
2068
106696
27592
7161
111384
5299
121231
70286
1061
72998
34405
94777
5782
118997
132046
3949
6539
66934
27611
135518
115617
80489
8369
4701
4823
5135
5349
5377
5481
5812
6281
6953
8636
65514
114342
107649
44191
106473
3676
5449
114254
4641
4369
4351
2085
1358
1376
1517
1635
1639
1801
1956
2004
2369
4306
114662
114459
2700
3052
3113
3785
3893
4016
106918
113064
1242
112852
36401
111622
8865
146501
757
6754
111505
111251
111249
110871
107141
104283
106920
1232
82461
5618
106916
106766
1572
104
5984
80463
77455
1900
78209
117533
1
76251
112556
40148
60072
78499
112183
4322
112550
112515
1997
112290
8528
2502
45720
115569
1059
105504
115713
8795
146656
144172
143385
142488
4721
7376
31221
32025
141749
50
232
140174
139385
137337
134881
134859
3948
134130
7844
7090
148626
161336
111931
82152
66203
47044
138610
163949
163056
161582
741
6857
1274
160954
2924
158783
3996
4993
156387
155064
133771
133645
8464
116797
8188
117176
30745
31658
52885
58559
5
186
246
6287
300
357
377
520
529
116161
628
661
6713
5662
26614
128360
26662
132800
132547
68358
128606
95441
97938
128512
127206
3546
127114
54290
40614
122882
247
1080
118880
118700
106100
3301
105355
86320
52579
90531
90439
90376
90057
53953
89804
89759
89492
89470
89260
1131
88810
88235
88129
87304
4388
47465
86833
64957
90866
91077
95558
52319
96417
95761
25805
26150
26151
27255
6986
95449
48711
95135
94969
94959
94931
6683
3030
42217
4189
5909
85394
96588
83976
69481
70293
71108
71464
71745
72011
72131
81591
72226
72395
72720
81562
73023
74324
74545
78039
78574
78653
79242
67665
7478
67255
81845
82463
82459
81932
4911
4467
2968
1199
130682
8623
67087
81786
100365
45950
37729
35957
34162
32892
66665
7458
4612
103107
6981
4763
5507
5219
97752
4069
69712
103688
71057
102194
102469
97673
97304
5795
103372
101525
99114
5956
3257
6783
103624
103449
6643
3275
47640
8494
3300
96832
3415
98961
98154
97923
97921
6985
69526
69640
8195
27904
104841
3742
96610
96728
105197
99149
7926
2082
80551
96811
101285
101895
6433
6218
6350
64969
46970
2942
63131
31878
34321
8874
134853
56367
47099
7243
3629
1283
44555
25927
46664
60684
5971
49917
45028
41863
45210
46723
47423
47629
48516
48696
48738
48774
49824
55442
55069
150
7373
3114
3707
37733
3882
68157
93040
2359
67997
35836
6016
26554
3751
39421
63992
236
7153
5952
33794
4890
109487
1219
3793
1176
111624
2997
5902
3978
3260
53318
7155
2542
4041
350
1103
52973
1250
3361
2571
2288
3703
59725
2730
78349
4018
293
5608
924
7361
1610
2641
1042
1955
593
8972
1120
1200
858
339
587
337
6515
6830
7195
7335
5169
8236
1260
8751
4121
2396
2012
1954
5289
1153
31770
8766
2182
8767
115139
56015
8765
41585
8533
8861
1089
3671
3384
2178
3947
4928
1272
4437
2109
4712
3498
6229
7792
8207
26366
47274
68954
2361
66097
296
111
2692
68319
1729
778
2424
215
599
6942
1721
27773
3634
3789
2857
4327
1209
914
8154
1258
61024
2028
109249
1704
4995
55363
62849
4011
8928
5445
79132
47
6874
5464
50068
8645
55280
7438
5791
74458
46578
4973
1265
2330
364
2677
588
3246
319
1245
306
1079
4226
88125
2959
109374
52281
41997
2529
55063
61357
67429
64839
64701
64622
64620
64614
63876
63082
61323
60766
60069
58879
57669
58191
61240
61236
608
1732
48394
48780
3809
