1042
593
1059
1
4121
1610
1200
1120
858
661
78499
3793
134853
115617
3113
1639
1635
1517
1376
1358
1954
1259
1250
3785
1242
3893
904
1801
3751
1956
3052
3361
3260
628
3114
2004
2012
2085
2369
2396
2692
2700
135518
529
587
247
5662
3546
2529
2288
1256
1219
1080
111
6713
40614
54290
118997
109374
109249
106696
97938
6287
8188
4016
236
520
377
357
350
337
300
246
186
27592
5
67997
58559
52885
31658
30745
27773
3978
4041
93040
4306
53318
39421
7155
5984
3707
3176
64969
63131
59725
45720
8533
6942
6863
2942
1997
1088
1028
541
146501
757
1260
1942
1935
1572
1283
1281
1273
1272
1232
914
1211
1209
1197
1172
1153
954
946
4322
77455
62849
5377
68954
65514
8636
6953
6281
5812
5481
5349
107649
5135
4890
4823
4701
4641
4369
4351
88125
3703
60072
94777
47099
40148
6016
5608
117533
2361
1900
78349
44191
70286
8369
106918
55247
5449
3676
106473
95441
34321
72998
80551
3301
3300
3275
3257
2641
2359
1061
2082
3882
104841
69640
8972
7458
5445
608
52319
3809
4069
68358
60684
71057
69712
69526
68319
66934
66097
63992
48394
5219
37733
34405
27904
8928
8861
7373
5507
121231
109487
79132
150
2968
1199
130682
111624
107999
8623
2174
100365
48780
45950
37729
35957
34162
32892
7478
1955
4467
4911
5909
47465
4995
4226
1704
1258
260
27255
6986
6683
4612
4189
48711
74458
64957
1131
4388
46970
47640
6985
122886
50
47
35836
32025
31221
7376
4721
1721
7153
33794
31878
26585
26554
8961
8874
8795
232
318
1176
1210
56367
46578
2109
27611
26662
26614
8464
7161
5299
4973
4018
3948
2424
2068
1265
7844
7090
7361
8865
55820
52973
8528
2502
1103
104
36401
6754
7022
132046
104283
82461
5971
5618
3030
44555
61024
76251
78209
741
6857
6539
6350
5952
5902
5782
4993
3996
3265
2997
2924
2571
2019
1274
924
1957
599
2178
97752
97304
96832
96811
96728
96610
96588
96417
95761
95558
95449
95135
94969
94959
94931
91077
90866
90531
97673
97921
90376
97923
105504
105355
105197
103688
103624
103449
103372
103107
102469
102194
101895
101525
101285
99149
99114
98961
98154
90439
90057
69481
81562
80463
79242
78653
78039
74545
74324
73023
72741
72720
72395
72226
72176
72131
72011
71745
71464
71108
80489
81591
89804
81786
89759
89492
89470
89260
88810
88235
88129
87304
86833
86320
85394
83976
82463
82459
82313
81932
81845
106100
106766
106916
144172
142488
141749
140725
140715
140174
139642
139385
137337
134881
134859
134130
133771
133645
132800
132549
132547
132458
143385
146656
106920
148482
111931
111384
82152
66203
47044
138610
164979
164977
163949
163056
161582
161336
160954
158783
156387
155064
148626
131796
128606
128512
128360
114254
113064
112852
112556
112552
112550
112515
112290
112183
112070
111622
111505
111251
111249
110871
107636
107141
114342
114459
114662
123663
128235
127212
127206
127144
127114
127108
123695
122882
115139
118880
118700
117176
116797
116161
115713
115569
70293
78574
67665
8765
8645
8584
8494
8236
8207
8195
8154
8128
8125
7926
7792
7438
7335
7243
7195
6983
6981
6874
6830
8751
8766
47274
8767
46664
45210
67429
42217
41997
41863
41585
40819
40629
39183
38304
37741
34517
31770
26366
26151
26150
25927
25805
6783
6643
6515
6433
3671
3634
3632
3629
3539
3498
3415
3384
3111
3089
3022
2936
2927
2920
2857
2747
2730
2202
2182
3679
3742
3789
5169
6229
5956
5795
5791
5747
5464
5289
5198
4928
3811
4763
4712
4437
4327
4326
4262
4103
3947
46723
45028
54513
56782
56286
56152
56015
55946
55442
55363
55280
55276
55269
55253
55118
55069
55063
55052
54881
54286
54272
53953
53894
56607
56788
53000
56805
67255
67087
66665
64839
64701
64622
64620
64614
63876
63082
61357
61323
61240
61236
60766
60069
58879
58191
57669
53123
339
52967
50068
47423
52579
47629
48516
49824
48774
49917
48696
51540
52241
52281
48738
1732
1079
2542
2959
68157
1089
6218
1729
778
3949
4011
1291
5064
745
3994
215
1036
2028
293
44199
1617
3246
434
1245
2330
2677
153
494
3175
2273
296
8781
7347
5602
4638
4223
4023
3916
3499
3160
2989
2985
306
319
364
2600
588
2329
780
