260
1210
745
3114
106473
132046
1250
122886
70286
107999
72998
27611
109487
1617
2273
153
780
494
2600
2329
434
2985
2989
3160
3499
3916
4023
4223
4638
5602
7347
8781
3175
68319
2571
135518
3703
34405
94777
2019
44199
2068
1036
3994
79132
5064
1291
4011
3949
6218
293
109249
2012
2085
661
954
904
1059
1242
1197
1259
1358
1376
1517
1635
1639
1801
1153
914
946
146501
1954
1172
587
1956
757
2004
628
1088
529
520
6287
5662
3546
2529
2288
1256
1219
1232
1089
1080
247
1245
111
40614
54290
6713
8188
1211
215
357
337
300
246
236
1209
186
27592
5
67997
58559
52885
31658
30745
377
319
588
68954
5449
3676
6863
44191
107649
88125
65514
106918
6942
8636
6953
6281
5812
5481
55247
8369
5349
47099
1997
1028
4322
77455
62849
60072
40148
2942
6016
5608
117533
2361
1900
78349
5377
5135
2369
3707
3176
3113
3052
2700
2692
2396
5984
63131
7155
39421
53318
306
364
541
64969
59725
4890
4306
4823
4701
4641
4369
8533
4351
4016
45720
3978
3893
3785
3751
3361
3260
118997
232
106696
2641
5219
4069
3301
3300
3275
3257
2359
7373
80551
2082
104841
69640
8972
7458
5507
8861
52319
69712
44555
7361
6985
47640
46970
71057
69526
27904
68157
66934
66097
63992
60684
48394
5445
121231
97938
100365
1199
130682
111624
8623
2174
150
45950
4467
37729
35957
34162
32892
7478
1955
2968
4911
48780
6683
4995
4226
1704
1258
27255
6986
4612
5909
4189
48711
74458
64957
4388
47465
3030
5618
5971
33794
35836
32025
31221
7376
4721
1721
31878
50
26585
26554
8961
8874
8795
7844
47
1272
82461
26614
95441
93040
68358
56367
34321
26662
8464
1176
7161
5299
4018
3948
2424
1265
7153
7090
7022
61024
1120
1042
858
593
78209
76251
8528
6857
2502
104
36401
8865
6754
104283
1200
1610
3793
4121
741
924
1274
2924
2997
3265
3996
4993
5782
5902
5952
6350
6539
1260
599
1273
94959
96610
96588
96417
95761
95558
95449
95135
94969
94931
89470
91077
90866
90531
90439
90376
90057
89804
89759
96728
96811
96832
97304
103624
103449
103372
103107
102469
102194
101895
101525
101285
99149
99114
98961
98154
97923
97921
97752
97673
89492
89260
105197
72131
74545
74324
73023
72741
72720
72395
72226
72176
72011
88810
71745
71464
71108
1281
69481
67665
67429
67255
78039
78574
78653
79242
88235
88129
87304
86833
86320
85394
83976
82463
82459
82313
81932
81845
81786
81591
81562
80489
80463
103688
105355
66665
134859
141749
140725
140715
140174
139642
139385
137337
134881
134130
128360
133771
133645
132800
132549
132547
132458
131796
128606
142488
143385
144172
146656
111931
82152
66203
47044
138610
164979
164977
163949
163056
161582
161336
160954
158783
156387
155064
148626
148482
128512
128235
105504
111505
112556
112552
112550
112515
112290
112183
112070
111622
111251
127212
111249
110871
107636
107141
106920
106916
106766
106100
112852
113064
114254
114342
127206
127144
127114
127108
123695
123663
122882
118880
118700
117176
116797
116161
115713
115569
115139
114662
114459
67087
70293
8751
7195
6981
6874
6830
6783
6643
6515
6433
6229
5956
5795
5791
5747
5464
5289
5198
5169
4928
6983
7243
4712
7335
25805
8767
8766
8765
64839
8645
8584
8494
8236
8207
8195
8154
8128
8125
7926
7792
7438
4763
4437
26150
3022
2927
2920
2857
2747
2730
2677
2330
2202
2182
2178
2109
2028
1957
1942
1935
1572
1283
2936
3089
4327
3111
4326
4262
4103
3947
3811
3789
3742
3679
3671
3634
3632
3629
3539
3498
3415
3384
3246
25927
339
26151
58879
55052
54881
60069
60766
26366
61236
61240
61323
54513
54286
54272
53953
61357
53894
53123
55063
55069
52579
58191
56788
56782
56607
57669
56286
56152
56015
55946
55442
55363
55280
55276
55269
55253
55118
52967
53000
45210
46664
42217
41997
41863
41585
40819
40629
64614
39183
38304
64620
37741
34517
64622
64701
31770
45028
56805
46723
48774
63082
52281
63876
52241
51540
50068
49917
49824
48738
48696
48516
47629
47423
47274
115617
134853
109374
46578
8928
4973
37733
3882
296
1732
55820
3809
2542
2959
318
1079
350
4041
1103
52973
27773
78499
608
1
778
1729
111384
1131
1061
