296
1079
4121
300
1610
593
50
318
1200
26614
1120
1042
858
47
150
1729
778
2959
3793
293
3114
2542
109249
3361
2288
88125
1089
1732
3809
5608
2424
27773
68157
27592
4226
1258
111384
4011
3949
121231
4973
130682
48394
1219
2529
1061
1997
8928
48780
780
377
494
8781
434
4223
2329
1617
2273
4638
7347
2600
2985
2989
3160
3175
3499
5602
3916
4023
153
339
1028
46578
62849
1704
109374
66097
74458
4995
44199
1036
3994
745
79132
1291
5064
106696
6218
118997
6539
66934
236
3052
2085
2369
31658
30745
107999
111624
2396
2692
8188
2700
6713
3113
2004
6287
100365
3260
45950
3751
3785
3893
3978
4016
4306
4351
4369
2012
1956
246
1954
8623
337
357
2174
215
186
520
529
5
628
661
67997
904
1059
58559
1242
1250
4641
52885
1358
1376
1517
1635
1639
1801
1259
5481
4701
7478
40148
47099
60072
77455
78499
4322
1088
1955
2942
6863
6942
8533
45720
59725
63131
64969
3176
3707
5984
7155
39421
53318
306
319
364
541
588
146501
757
6016
32892
4823
34162
4890
5135
5349
5377
3546
5812
6281
6953
8636
65514
68954
37729
107649
3703
44191
106473
3676
5449
55247
106918
8369
70286
78349
94777
1900
2361
117533
1
35957
5662
247
1199
7458
5219
4069
3301
3300
3275
3257
2641
2359
80551
2082
104841
69640
8972
5445
3265
52319
109487
260
27255
6986
6683
4612
741
924
1274
2019
2571
2924
5507
7373
8861
27904
63992
68319
69526
69712
71057
46970
47640
6985
7361
44555
3030
5618
5971
82461
104283
132046
6754
8865
36401
104
2502
8528
61024
76251
78209
60684
34405
2997
3996
2968
93040
3948
4018
64957
5299
7161
8464
1131
26662
27611
34321
56367
68358
72998
95441
4993
97938
4388
115617
134853
54290
40614
111
47465
1080
5909
4911
1256
4467
2068
1265
1210
1176
5782
5902
5952
6350
6857
7022
7090
7153
7844
8795
8874
8961
26554
26585
31878
33794
1721
122886
4721
7376
31221
32025
35836
946
4189
232
48711
914
135518
954
94959
96610
96588
96417
95761
95558
95449
95135
94969
94931
89470
91077
90866
90531
90439
90376
90057
89804
89759
96728
96811
96832
97304
103624
103449
103372
103107
102469
102194
101895
101525
101285
99149
99114
98961
98154
97923
97921
97752
97673
89492
89260
105197
72131
74545
74324
73023
72741
72720
72395
72226
72176
72011
88810
71745
71464
71108
70293
69481
67665
1153
67255
78039
78574
78653
79242
88235
88129
87304
86833
86320
85394
83976
82463
82459
82313
81932
81845
81786
81591
81562
80489
80463
103688
105355
66665
134859
141749
140725
140715
140174
139642
139385
137337
134881
134130
128360
133771
133645
132800
132549
132547
132458
131796
128606
142488
143385
144172
146656
111931
82152
66203
47044
138610
164979
164977
163949
163056
161582
161336
160954
158783
156387
155064
148626
148482
128512
128235
105504
111505
112556
112552
112550
112515
112290
112183
112070
111622
111251
127212
111249
110871
107636
107141
106920
106916
106766
106100
112852
113064
114254
114342
127206
127144
127114
127108
123695
123663
122882
118880
118700
117176
116797
116161
115713
115569
115139
114662
114459
67087
67429
64839
4928
5956
5795
5791
5747
5464
5289
5198
5169
4763
6433
4712
4437
4327
4326
4262
4103
3947
3811
6229
6515
8645
7792
64701
8236
8207
8195
8154
8128
8125
7926
7438
6643
7335
7243
7195
6983
6981
6874
6830
6783
3789
3742
3679
1281
2178
2109
2028
1957
1942
1935
1572
1283
1273
3671
1272
1260
1245
1232
1211
1209
1197
1172
2182
2202
2330
2677
3634
3632
3629
3539
3498
3415
3384
3246
3111
3089
3022
2936
2927
2920
2857
2747
2730
8584
8494
8751
8765
55442
55363
55280
55276
55269
55253
55118
55069
55063
55052
54881
54513
54286
54272
53953
53894
53123
53000
52967
55946
56015
56152
61236
64622
64620
64614
63876
63082
61357
61323
61240
60766
56286
60069
58879
58191
57669
56805
56788
56782
56607
52579
52281
52241
34517
41863
41585
40819
40629
39183
38304
37741
31770
42217
26366
26151
26150
25927
25805
8767
8766
41997
599
45028
47629
51540
50068
49917
49824
48774
48738
48696
48516
47423
47274
46723
46664
45210
608
3882
37733
55820
4041
350
52973
1103
587
