2959
5952
7153
2542
4226
778
1729
8795
4993
593
4121
858
1042
1610
1200
1120
296
5747
5198
4326
1957
4262
3811
3679
1273
4103
3111
1172
1211
8128
1197
5608
1089
1245
2330
364
588
319
306
2677
3246
1732
2019
1079
924
5902
3260
3978
1219
1704
3793
215
2692
2028
2997
1942
1935
2927
6983
3632
3089
946
2202
2936
47
1281
260
111
48780
62849
3949
2920
2529
1954
25927
46664
4011
33794
50
26614
1258
40148
608
7361
5782
26554
2571
93040
2361
1210
79132
1358
337
6953
6016
8961
2924
1080
7844
7090
3996
4995
293
68157
47274
26366
8207
7792
6229
4928
4712
4437
1272
2109
3947
3384
3671
3498
2178
2396
541
3022
954
8125
1250
132046
3629
7243
1283
27773
109249
1061
1997
2730
3809
55280
7438
6874
5791
8645
5464
50068
74458
904
1635
1209
3789
5445
300
529
8154
1242
1259
2857
4327
1955
4306
1639
914
3052
4641
1199
52281
41997
318
4973
46578
599
3265
7022
55363
3634
8928
65514
55069
55442
109487
61236
61240
94777
48394
4467
27611
350
52973
1103
4041
164977
8584
164979
148482
34517
55946
82313
140725
127144
2747
72741
72176
107636
3539
112070
123663
127212
128235
131796
132458
132549
139642
140715
123695
6539
70286
69640
135518
1176
111384
2968
44191
109374
53318
127108
106473
68954
122886
1131
130682
31878
3114
55820
72998
107999
37733
88125
2288
3703
27592
96417
103449
103688
8494
132547
95761
5956
121231
96610
96832
111251
34405
105504
106696
1028
66097
64957
2068
60684
6350
247
6857
113064
54290
112852
112556
112550
112515
112290
112183
106100
95441
111505
106766
4721
7376
68358
106916
106920
26662
107141
31221
32025
110871
111622
111249
52967
3546
105355
101285
661
99149
99114
98961
98154
97923
1376
97921
97752
1801
97673
1956
2004
2012
2085
97304
96811
628
101525
105197
52579
103624
1256
103372
5662
6713
8188
103107
30745
31658
52885
58559
5
186
102469
236
246
102194
114254
117176
114342
8972
161582
161336
160954
158783
156387
52319
155064
148626
7458
146656
163949
104841
2082
80551
144172
143385
3257
3275
3300
3301
163056
138610
114459
4911
111931
7478
32892
34162
35957
37729
45950
8623
82152
5909
27255
47465
66203
4388
47044
48711
4189
4612
6683
6986
142488
5219
5507
122882
78209
133771
133645
132800
128606
128512
128360
127206
127114
741
141749
118880
1274
118700
116797
116161
115713
115569
115139
114662
76251
61024
134130
8528
27904
140174
139385
69526
69712
71057
47640
6985
137337
44555
3030
5618
82461
104283
134881
6754
8865
36401
134859
3113
101895
96728
4763
64839
3742
64701
64622
64620
64614
63876
63082
61357
61323
60766
60069
67087
5169
58879
5289
58191
57669
56805
5795
56788
6433
6515
6643
66665
67255
6830
73023
81591
81562
80489
80463
79242
78653
2182
78574
78039
74545
74324
72720
67429
72395
72226
72131
72011
71745
71464
71108
70293
3415
69481
67665
6783
56782
81786
53894
39183
40629
40819
41585
41863
54272
42217
45028
45210
53953
46723
47423
37741
47629
48516
48696
48738
48774
49824
49917
53123
51540
52241
53000
38304
54286
6981
55118
56607
7195
56286
7335
56152
56015
7926
55276
55269
55253
8195
8236
31770
55063
55052
8751
8765
8766
8767
25805
54881
26150
26151
54513
1572
339
81845
81932
3176
3707
5984
7155
39421
3676
89492
95449
95558
89470
6281
89260
88810
146501
757
45720
89804
5481
4322
1900
94959
94931
91077
90866
78349
90531
90439
95135
90376
47099
90057
77455
8369
106918
5812
89759
94969
88235
85394
86320
86833
1153
3785
4016
96588
82463
1232
87304
88129
83976
5135
4351
1260
82459
117533
134853
97938
64969
100365
46970
107649
66934
7161
63131
111624
68319
3361
6863
5971
60072
67997
55247
1291
4018
56367
35836
115617
112552
26585
118997
78499
6942
8861
40614
34321
63992
745
7373
150
3948
2359
1
3751
8636
2369
1517
1059
4701
3893
5349
2700
357
8464
5377
232
4890
5299
59725
2942
2424
2174
5064
8533
6218
44199
1036
3994
8874
6287
2641
4823
587
1721
2502
104
5449
4069
1088
1265
8781
7347
5602
4223
4023
3916
3499
3175
2600
3160
2989
2985
2329
2273
1617
780
494
434
153
4638
3882
4369
520
377
