7347
8781
2273
2329
780
2600
2985
494
434
2989
153
3160
3175
3499
3916
4023
4223
4638
5602
1617
44199
1036
3994
745
5064
1291
4011
3949
6218
293
300
1242
1059
904
215
661
236
628
587
529
520
377
357
350
337
246
135518
5299
95441
40614
54290
134853
118997
115617
109374
109249
106696
97938
93040
186
72998
68358
56367
46578
34321
27611
26662
26614
8464
111
247
1079
1080
5
67997
58559
52885
31658
30745
27773
27592
8188
6713
6287
5662
3546
2529
2288
1729
1256
1219
1089
1250
1259
1358
2542
78499
77455
62849
60072
47099
40148
6016
5608
2959
778
1376
1
117533
2361
1900
94777
78349
70286
8369
106918
4322
1028
1088
1997
588
541
364
319
306
53318
39421
7155
5984
3707
3176
64969
63131
59725
45720
8533
6942
6863
2942
55247
5449
3676
4016
3893
3785
3751
3361
3260
3114
3113
3052
2700
2692
2085
2012
2004
1956
1954
1801
1639
1635
1517
3978
4041
106473
4306
44191
3703
107649
88125
68954
65514
8636
6953
6281
5812
5481
5377
5349
5135
4823
4701
4641
4369
4351
7161
7376
4973
2082
3275
3257
2641
2359
1732
1061
80551
104841
3301
69640
8972
7458
5445
608
52319
121231
3300
3809
4018
37733
68319
68157
66934
66097
63992
60684
48394
34405
3882
27904
8928
8861
7373
5507
5219
4069
109487
79132
48780
150
2968
1199
130682
111624
107999
8623
2174
100365
4995
45950
37729
35957
34162
32892
7478
1955
4467
4911
5909
47465
4226
1704
1258
260
27255
6986
6683
4612
4189
48711
74458
64957
1131
4388
296
69526
69712
71057
7090
26585
26554
8961
8874
8795
7844
7153
7022
3265
6857
6539
6350
5952
5902
5782
4993
31878
33794
1721
122886
3948
2424
2068
1265
1210
1176
318
232
50
47
35836
32025
31221
757
4721
3996
2997
46970
104283
2502
1103
104
36401
8865
6754
132046
82461
2924
5971
5618
3030
44555
7361
6985
47640
8528
52973
55820
61024
2571
2019
1274
924
741
4121
3793
1610
1200
1120
1042
858
593
78209
76251
146501
599
914
94959
96610
96588
96417
95761
95558
95449
95135
94969
94931
96811
91077
90866
90531
90439
90376
90057
89804
89759
96728
96832
66665
101525
103688
103624
103449
103372
103107
102469
102194
101895
101285
97304
99149
99114
98961
98154
97923
97921
97752
97673
89492
89470
89260
72131
74545
74324
73023
72741
72720
72395
72226
72176
72011
88810
71745
71464
71108
70293
69481
67665
67429
67255
78039
78574
78653
79242
88235
88129
87304
86833
86320
85394
83976
82463
82459
82313
81932
81845
81786
81591
81562
80489
80463
105197
105355
105504
134881
142488
141749
140725
140715
140174
139642
139385
137337
134859
128512
134130
133771
133645
132800
132549
132547
132458
131796
143385
144172
146656
148482
111931
111384
82152
66203
47044
138610
164979
164977
163949
163056
161582
161336
160954
158783
156387
155064
148626
128606
128360
106100
111622
112852
112556
112552
112550
112515
112290
112183
112070
111505
128235
111251
111249
110871
107636
107141
106920
106916
106766
113064
114254
114342
114459
127212
127206
127144
127114
127108
123695
123663
122882
118880
118700
117176
116797
116161
115713
115569
115139
114662
67087
64839
946
4437
5747
5464
5289
5198
5169
4928
4763
4712
4327
8207
4326
4262
4103
3947
3811
3789
3742
3679
5791
5795
5956
6229
8154
8128
8125
7926
7792
7438
7335
7243
7195
6983
6981
6874
6830
6783
6643
6515
6433
3671
3634
3632
2109
1957
1942
1935
1572
1283
1281
1273
1272
1260
1245
1232
1211
1209
1197
1172
1153
954
2028
2178
3629
2182
3539
3498
3415
3384
3246
3111
3089
3022
2936
2927
2920
2857
2747
2730
2677
2330
2202
64701
8195
8236
55063
55442
55363
55280
55276
55269
55253
55118
55069
55052
56015
54881
54513
54286
54272
53953
53894
53123
53000
55946
56152
52579
61236
64622
64620
64614
63876
63082
61357
61323
61240
60766
56286
60069
58879
58191
57669
56805
56788
56782
56607
52967
52281
8494
52241
40629
39183
38304
37741
34517
31770
26366
26151
26150
25927
25805
8767
8766
8765
8751
8645
8584
40819
41585
41863
47629
51540
50068
49917
49824
48774
48738
48696
41997
48516
47423
47274
46723
46664
45210
45028
42217
339
2369
4890
2396
