1089
2396
1131
4103
3111
3679
5902
3978
5198
1172
1197
3811
5747
3260
1273
4262
4326
1957
1211
2359
8128
296
5952
7153
924
1291
2989
3160
3175
2329
2600
2985
3916
2273
1617
780
494
434
153
3499
5602
4223
4638
7347
8781
4023
1079
608
2542
4890
67997
68157
1061
232
1265
529
3893
246
318
3809
44199
1036
3994
1103
52973
4041
350
4973
5064
4011
6218
778
1729
109249
55820
109374
2692
8928
1732
3361
37733
3882
5377
46578
5299
48780
5971
97938
111384
121231
111624
60684
55247
34321
8874
118997
35836
31878
63131
7161
27773
6539
293
46970
94777
64957
56367
64969
6350
4018
6863
66934
1260
1272
2369
1232
3113
1209
2700
3052
6016
2085
2012
357
377
1942
1935
587
628
661
904
1059
1242
1250
1259
1358
1376
1517
1635
1639
1572
1801
1281
1954
3751
2004
1956
4823
3785
1153
2942
1997
337
1088
1028
4322
77455
62849
60072
65514
68954
88125
107649
44191
47099
3676
5449
106918
8369
78349
1900
2361
117533
8533
45720
3176
146501
946
4016
914
4306
4351
4369
4641
757
4701
40148
53318
3707
5135
5349
5481
5812
6281
6953
39421
8636
7155
5984
599
26662
300
8861
104841
2082
80551
2641
3257
3275
3300
3301
4069
5219
5507
7373
27904
8972
34405
66097
69526
69712
71057
47640
6985
7361
44555
3030
5618
82461
69640
7458
6754
2968
1955
7478
32892
34162
35957
37729
45950
100365
2174
8623
130682
1199
4467
5445
4911
5909
47465
4388
74458
48711
4189
4612
6683
6986
27255
52319
104283
8865
236
2288
26614
2178
68358
93040
95441
106696
54290
40614
111
247
1080
1256
2529
3948
3546
5662
6287
6713
8188
27592
30745
31658
52885
58559
5
186
8464
50
36401
4993
104
2502
8528
61024
76251
78209
741
1274
2924
2997
3265
3996
5782
32025
6857
7022
7090
7844
8795
8961
26554
26585
33794
4721
7376
31221
2109
339
2182
97304
96811
96728
96610
96588
96417
95761
95558
95449
95135
94969
94959
94931
91077
90866
90531
90439
90376
96832
97673
89804
97752
105197
103688
103624
103449
103372
103107
102469
102194
101895
101525
101285
99149
99114
98961
98154
97923
97921
90057
89759
105504
80463
78653
78574
78039
2202
74324
73023
72741
72720
72395
72226
72176
72131
72011
71745
71464
71108
70293
79242
80489
89492
81562
89470
89260
88810
88235
88129
87304
86833
86320
85394
83976
82463
82459
82313
81932
81845
81786
81591
105355
106100
67665
143385
141749
140725
140715
140174
139642
139385
137337
134881
134859
134130
133771
133645
132800
132549
132547
132458
131796
142488
144172
128512
146656
111931
82152
66203
47044
138610
164979
164977
163949
163056
161582
161336
160954
158783
156387
155064
148626
148482
128606
128360
106766
114254
112852
112556
112552
112550
112515
112290
112183
112070
111622
111505
111251
111249
110871
107636
107141
106920
106916
113064
114342
128235
114459
127212
127206
127144
127114
127108
123695
123663
122882
118880
118700
117176
116797
116161
115713
115569
115139
114662
69481
74545
67429
8584
25927
25805
8767
8766
8765
8751
8645
8494
48516
8236
8207
8195
8154
7926
7792
7438
26150
26151
26366
31770
47423
47274
46723
46664
45210
45028
42217
41863
41585
40819
40629
39183
38304
67255
34517
7335
7195
6983
4327
3789
3742
3671
3634
3632
3539
3498
3415
3384
3089
2927
2920
2857
2747
2730
3947
4437
6981
4712
6874
6830
6783
6643
6515
6433
6229
5956
5795
5791
5464
5289
5169
4928
4763
47629
37741
48696
55946
56805
56788
56782
56286
56152
56015
55442
58191
55363
55280
55276
55269
55253
55118
57669
58879
55063
64614
67087
66665
64839
64701
64622
64620
63876
60069
63082
61357
61323
61240
61236
60766
55069
56607
55052
52967
53123
52579
53894
52241
51540
53953
50068
54272
53000
49917
49824
48774
54286
54513
48738
54881
6942
2068
72998
70286
3703
135518
2571
68319
109487
3949
27611
48394
107999
122886
4226
132046
52281
41997
2019
1210
1258
79132
47
2959
215
3793
1176
1219
63992
115617
1610
1200
1120
593
1042
4121
858
2330
2677
306
319
364
588
1245
3246
106473
745
59725
5608
134853
150
4995
260
2424
2936
3629
7243
1283
78499
2028
3114
1721
1
1704
520
541
954
3022
8125
