246
111
300
296
608
318
50
26614
1103
4041
52973
350
2361
3809
1079
55820
778
1729
1732
3361
3882
37733
4973
1089
1258
68157
8928
2959
109249
111384
46578
109374
2542
121231
1061
27773
293
1956
2085
2012
2004
247
31658
1954
1801
1639
1635
1080
1517
2369
2692
2396
1219
2700
3052
3113
3260
40614
3751
3785
3893
54290
134853
3978
118997
1376
1259
1358
4016
30745
58559
67997
5
186
236
27592
8188
6713
357
377
520
587
52885
6287
5662
3546
628
661
2529
904
2288
1256
1059
1242
1250
529
135518
4306
59725
39421
7155
5984
3707
3176
64969
63131
45720
78499
8533
6942
6863
2942
1997
1088
1028
53318
541
146501
757
1572
1283
1281
1273
1272
1260
1232
1211
1209
1197
1172
1153
954
946
914
4322
77455
4351
5481
88125
68954
65514
8636
6953
6281
5812
5377
62849
5349
5135
115617
4823
4701
4641
4369
107649
3703
44191
106473
47099
40148
6016
5608
1
117533
1900
94777
78349
70286
8369
106918
55247
5449
3676
4890
27611
106696
8861
5507
5219
4069
3301
3300
3275
3257
2641
2359
80551
2082
104841
69640
8972
7458
7373
27904
52319
34405
3030
44555
7361
6985
47640
46970
71057
69712
69526
68319
66934
66097
63992
60684
48394
5445
109487
97938
4911
2968
1199
130682
111624
107999
8623
2174
100365
45950
37729
35957
34162
32892
7478
1955
4467
5909
79132
47465
48780
4995
4226
1704
260
27255
6986
6683
4612
4189
48711
74458
64957
1131
4388
5618
5971
82461
232
35836
32025
31221
7376
4721
122886
1721
33794
31878
26585
26554
8961
8874
8795
7844
47
1176
104283
1210
95441
93040
72998
68358
56367
34321
1942
26662
8464
7161
5299
4018
3948
2068
1265
7153
7090
7022
6857
1200
1120
1042
858
593
78209
76251
61024
8528
2502
104
36401
8865
6754
132046
1610
3793
4121
3996
6539
6350
5952
5902
5782
4993
3265
741
2997
2924
2571
2019
1274
924
1935
599
1957
97673
96832
96811
96728
96610
96588
96417
95761
95558
95449
95135
94969
94959
94931
91077
90866
90531
90439
97304
97752
106100
97921
105355
105197
103688
103624
103449
103372
103107
102469
102194
101895
101525
101285
99149
99114
98961
98154
97923
90376
90057
89804
89759
80463
79242
78653
78574
78039
74324
73023
72741
72720
72395
72226
72176
72131
72011
71745
71464
71108
80489
81562
81591
86833
89492
89470
89260
88810
88235
88129
87304
86320
81786
85394
83976
82463
82459
82313
81932
81845
105504
106766
69481
143385
141749
140725
140715
140174
139642
139385
137337
134881
134859
134130
133771
133645
132800
132549
132547
132458
131796
142488
144172
106916
146656
111931
82152
66203
47044
138610
164979
164977
163949
163056
161582
161336
160954
158783
156387
155064
148626
148482
128606
128512
128360
128235
113064
112852
112556
112552
112550
112515
112290
112183
112070
111622
111505
111251
111249
110871
107636
107141
106920
114254
114342
114459
122882
127212
127206
127144
127114
127108
123695
123663
118880
114662
118700
117176
116797
116161
115713
115569
115139
70293
74545
67665
7926
8645
8584
8494
8236
8207
8195
8154
8128
8125
7792
47274
7438
7335
7243
7195
6983
6981
6874
6830
6783
8751
8765
8766
8767
46664
45210
67429
42217
41997
41863
41585
40819
40629
39183
38304
37741
34517
31770
26366
26151
26150
25927
25805
6643
6515
6433
3671
3632
3629
3539
3498
3415
3384
3111
3089
3022
2936
2927
2920
2857
2747
2730
2202
2182
2178
2109
3634
3679
6229
3742
5956
5795
5791
5747
5464
5289
5198
5169
4928
4763
4712
4437
4327
4326
4262
4103
3947
3811
3789
46723
45028
55052
53123
56607
56286
56152
56015
55946
55442
55363
55280
55276
55269
55253
55118
55069
55063
54881
54513
54286
54272
53953
56782
56788
56805
63876
67255
67087
66665
64839
64701
64622
64620
64614
63082
57669
61357
61323
61240
61236
60766
60069
58879
58191
53894
339
53000
47423
48516
48738
47629
49824
49917
48774
52967
50068
51540
52241
52281
52579
48696
6218
3949
4011
1291
5064
745
3994
1036
44199
215
2028
2424
2329
780
494
1617
2273
2989
2600
3916
153
8781
7347
5602
2985
4223
4023
4638
3499
3175
3160
434
3246
588
2677
1245
2330
364
319
306
3114
60072
150
337
