112852
112556
117176
116797
114662
112290
116161
112183
111622
115569
114342
318
5064
79132
118700
118880
112515
111251
81591
82459
81932
81845
79242
80463
74324
74545
78039
78574
80489
82463
81562
67255
74458
3994
3546
40614
112552
3361
78499
2273
434
494
780
1617
4023
2329
4223
2985
2989
3160
3175
3499
3916
4638
2600
153
5602
7347
8781
117533
60684
2571
77455
109374
44199
111384
121231
1036
1704
745
1061
132046
1176
3949
1265
27611
135518
27773
58879
60069
58191
57669
55063
60766
61357
63082
63876
64614
64620
64622
64701
67429
61323
64839
61236
61240
260
61024
4011
337
350
357
377
1059
300
520
529
587
628
661
904
1242
186
1250
1259
1358
1376
1517
1635
1639
1801
1954
1956
2004
2012
2085
246
104283
2369
1080
93040
95441
97938
106696
109249
100365
118997
134853
54290
45950
111
247
1079
1219
58559
1256
1729
2288
37729
5662
6287
6713
8188
27592
35957
30745
31658
52885
5
2396
56367
40148
106473
3676
5449
55247
106918
8369
1900
2361
32892
1
778
2542
5608
47099
2700
60072
7478
1955
4322
1028
1088
1997
6863
8533
45720
63131
64969
3176
44191
3703
107649
88125
3052
3113
3260
34162
3751
3785
3893
3978
4016
4041
4306
4351
4369
4641
4701
4823
4890
5135
5349
5377
5481
5812
6281
6953
8636
65514
68954
68358
2174
46578
66934
37733
3793
27904
8928
8861
7373
4121
5507
5219
4069
3882
3809
3301
3300
3275
3257
2641
1732
80551
2082
104841
69640
8972
7458
5445
608
52319
66097
68157
924
69526
6754
8865
36401
104
1103
2502
8528
52973
55820
76251
78209
5971
5618
3030
593
44555
7361
858
6985
1042
1120
1200
1610
47640
46970
71057
69712
741
1274
34321
7153
8795
8874
8961
26554
26585
31878
33794
122886
4721
7376
31221
1199
32025
50
232
130682
107999
8623
2068
3948
4018
5299
7161
8464
26614
26662
82461
7844
7090
2019
7022
2924
2997
3265
3996
4993
5782
5902
5952
27255
6986
6350
6539
53318
6683
4612
4189
48711
64957
1131
4388
296
47465
5909
4911
4467
2968
6857
5984
599
55118
86833
89492
89470
89260
88810
88235
88129
87304
86320
52579
85394
83976
82313
81786
78653
73023
72741
89759
89804
90057
90376
96728
96610
96588
96417
95761
95558
95449
95135
94969
94959
94931
91077
90866
90531
90439
72720
72395
72226
55946
55363
55280
55276
55269
55253
55069
55052
54881
54513
54286
54272
53953
53894
53123
53000
55442
56015
72176
56152
72131
72011
71745
71464
71108
70293
69481
67665
67087
66665
56805
56788
56782
56607
56286
96811
96832
97304
146656
143385
142488
141749
140725
140715
140174
139642
139385
137337
134881
134859
134130
133771
133645
132800
144172
148482
132547
148626
111931
82152
66203
47044
138610
164979
164977
163949
163056
161582
161336
160954
158783
156387
155064
132549
132458
97752
112550
111505
111249
110871
107636
103688
103449
102469
101525
101285
99149
99114
98961
98154
97923
97921
112070
113064
131796
114254
128606
128512
128360
128235
127212
127206
127144
127114
127108
123695
123663
122882
115713
115139
114459
52967
339
4326
1197
3679
3742
3789
3811
3947
4103
4262
52241
4327
4437
4712
4763
4928
5169
5198
7195
5289
5464
5747
5791
5795
5956
6229
6433
6515
6643
6783
6830
6874
6981
3671
3634
3632
757
1211
1232
1172
1260
1272
1273
1281
1572
1935
1153
1942
1957
2109
2178
2182
2202
946
2730
2747
2857
2920
2927
914
3089
3111
3384
3415
3498
3539
6983
1209
146501
26151
31770
34517
37741
38304
7335
40629
40819
41585
41863
42217
45028
45210
46664
46723
47274
47423
47629
48516
48696
48738
48774
49824
49917
50068
51540
26366
39183
26150
8128
8207
8236
8494
25927
8195
8584
8645
8154
8751
8765
7926
8766
25805
7438
8767
7792
1210
70286
78349
1258
109487
115617
72998
47
94777
34405
4973
4995
150
3114
105504
62849
63992
2942
293
2959
3707
236
1291
2529
111624
39421
1089
67997
4226
35836
6218
59725
2692
48394
68319
215
2359
106100
105355
101895
102194
103107
103372
103624
105197
106766
106916
106920
107141
97673
6016
1721
7155
2936
2424
52281
41997
1245
2677
306
319
588
3246
2330
364
3022
8125
954
541
1283
3629
7243
2028
6942
48780
