1042
1120
858
593
296
1200
1610
4121
318
3793
1729
778
3361
1089
68157
2959
111384
2542
121231
1079
1061
27773
1732
2396
1639
3978
3893
3785
1250
1259
3751
1358
1376
1517
1635
1801
2692
1954
1956
2004
2012
2085
2369
3260
3113
3052
2700
1242
135518
628
1059
904
27592
8188
6713
6287
5662
3546
2529
2288
1256
1219
1080
247
111
40614
54290
134853
118997
30745
31658
52885
350
661
4041
587
529
520
377
357
337
58559
300
246
236
215
186
5
67997
4016
4701
4306
4351
39421
7155
5984
3707
3176
64969
63131
59725
45720
8533
6942
6863
2942
1997
1088
1028
4322
53318
306
319
1172
1272
1260
1245
1232
1211
1209
1197
1153
364
954
946
914
757
146501
588
541
78499
77455
62849
5481
88125
68954
65514
8636
6953
6281
5812
5377
3703
5349
5135
4890
4823
109374
4641
4369
107649
44191
60072
1900
47099
40148
6016
5608
1
117533
2361
94777
106473
78349
70286
8369
106918
55247
5449
3676
115617
56367
109249
2641
4069
3882
3809
3301
3300
3275
3257
2359
5507
80551
2082
104841
69640
8972
7458
5445
5219
7373
106696
66934
6985
47640
46970
71057
69712
69526
68319
66097
8861
63992
60684
48394
37733
34405
27904
8928
608
52319
109487
2174
4467
2968
1199
130682
111624
107999
8623
100365
79132
45950
37729
35957
34162
32892
7478
1955
4911
5909
47465
4388
48780
4995
4226
1704
1258
260
27255
6986
6683
4612
4189
48711
74458
64957
1131
7361
44555
3030
31221
1210
1176
232
50
47
35836
32025
7376
8874
4721
122886
1721
33794
31878
26585
26554
1265
2068
3948
4018
97938
95441
93040
72998
68358
1281
46578
34321
27611
26662
26614
8464
7161
5299
4973
8961
8795
5618
1103
78209
76251
61024
55820
52973
8528
2502
104
7844
36401
8865
6754
132046
104283
82461
5971
741
924
1274
2019
7153
7090
7022
6857
6539
6350
5952
5902
5782
4993
3996
3265
2997
2924
2571
1273
599
1283
97752
97304
96832
96811
96728
96610
96588
96417
95761
95558
95449
95135
94969
94959
94931
91077
90866
90531
97673
97921
71108
97923
105504
105355
105197
103688
103624
103449
103372
103107
102469
102194
101895
101525
101285
99149
99114
98961
98154
90439
90376
90057
89804
80489
80463
79242
1572
78574
78039
74545
74324
73023
72741
72720
72395
72226
72176
72131
72011
71745
81562
81591
81786
87304
89759
89492
89470
89260
88810
88235
88129
86833
81845
86320
85394
83976
82463
82459
82313
81932
106100
106766
106916
128606
142488
141749
140725
140715
140174
139642
139385
137337
134881
134859
134130
133771
133645
132800
132549
132547
132458
143385
144172
146656
163949
111931
82152
66203
47044
138610
164979
164977
163056
148482
161582
161336
160954
158783
156387
155064
148626
131796
128512
106920
128360
114254
113064
112852
112556
112552
112550
112515
112290
112183
112070
111622
111505
111251
111249
110871
107636
107141
114342
114459
114662
123663
128235
127212
127206
127144
127114
127108
123695
122882
115139
118880
118700
117176
116797
116161
115713
115569
71464
78653
70293
69481
8207
8195
8154
8128
8125
7926
7792
7438
7335
7243
7195
6983
6981
6874
6830
6783
6643
6515
6433
6229
5956
8236
8494
8584
34517
42217
41997
41863
41585
40819
40629
39183
38304
37741
31770
8645
26366
26151
26150
25927
25805
8767
8766
8765
8751
5795
5791
5747
2730
3246
3111
3089
3022
2936
2927
2920
2857
2747
2677
3415
2330
2202
2182
2178
2109
2028
1957
1942
1935
3384
3498
5464
4262
5289
5198
5169
4928
4763
4712
4437
4327
4326
4103
3539
3947
3811
3789
3742
3679
3671
3634
3632
3629
45028
45210
46664
53000
56607
56286
56152
56015
55946
55442
55363
55280
55276
55269
55253
55118
55069
55063
55052
54881
54513
54286
54272
53953
53894
56782
56788
56805
64614
67665
67429
67255
67087
66665
64839
64701
64622
64620
63876
57669
63082
61357
61323
61240
61236
60766
60069
58879
58191
46723
53123
52967
50068
49824
48696
48516
52579
47629
49917
48738
48774
52281
52241
47423
47274
51540
2424
293
6218
3949
4011
5064
1291
3114
745
3994
1036
44199
150
780
494
434
153
2985
1617
2273
2329
2600
2989
3160
3175
3499
3916
4023
4223
4638
5602
7347
8781
339
