1610
593
858
1042
1120
1200
4121
608
1729
778
296
2959
1258
4041
350
52973
1103
741
1273
3111
3679
3811
4103
1957
4262
4326
5747
5198
1274
104283
52885
1211
6857
8128
1172
1197
111
1079
1219
26614
50
1250
260
954
3947
4437
4712
4928
6229
7792
3498
47274
8125
541
8207
26366
3671
1272
3022
2109
3384
2178
247
318
924
2361
2028
3793
2542
5608
1732
1210
2730
107999
2936
1245
588
2677
2330
306
319
3246
364
55820
3629
7243
1283
5618
47
5902
3260
3978
106473
3809
37733
3882
26662
5952
7153
1089
27592
33794
4226
6350
2019
293
4973
215
60684
27773
1704
109249
68157
3114
2288
1028
1265
8767
56015
31770
41585
337
357
529
661
1080
1242
1259
8766
6515
8765
1153
5289
1260
6830
7195
115139
7335
1
1199
5169
2182
8751
8236
150
3361
26585
27904
78499
8928
74458
109374
4467
48780
46664
25927
46578
4993
8795
78349
3265
7022
5782
132046
111384
134853
121231
53318
60072
2968
115617
44191
2068
1061
122886
79132
70286
27611
72998
88125
106696
109487
68319
135518
2571
118997
5299
3703
5971
94777
6539
2692
130682
111624
48394
2529
55247
34321
34405
8874
1997
35836
31878
63131
62849
66934
66097
6942
46970
4995
56367
64969
4018
5507
117533
5219
4069
3301
3300
3275
3257
1517
2359
80551
2082
104841
6016
69640
8972
2641
7373
40148
69526
6985
8369
47640
186
71057
69712
67997
1900
58559
63992
54290
40614
31658
8861
7458
5445
44555
35957
100365
45950
6713
6287
8533
37729
34162
1256
32892
7478
1955
45720
59725
5662
8188
4911
52319
4612
30745
27255
6986
47099
6683
3176
77455
4322
4189
48711
1131
4388
47465
5909
7361
3030
1635
4306
3785
3893
7376
4016
4721
1721
4351
31221
4369
4641
4701
8464
26554
4823
3751
32025
106918
2085
1639
1801
1954
1956
2004
2012
2369
1176
2396
1358
2700
3052
3113
3948
4890
8961
5135
36401
8528
3546
2502
107649
104
93040
8865
904
6754
82461
3676
5449
95441
246
61024
76251
65514
78209
8636
68358
2924
6953
6281
2997
3996
5812
5481
5349
628
7090
7844
68954
599
3707
101285
99114
98961
98154
97923
97921
97752
97673
97304
96832
96811
96728
96610
96588
96417
95761
99149
101525
110871
101895
107141
106920
106916
106766
106100
105504
105355
105197
103688
103624
103449
103372
103107
102469
102194
95558
95449
95135
94969
86320
5984
83976
82463
82459
82313
81932
81845
81786
81591
81562
80489
80463
79242
78653
86833
87304
88129
90376
94959
94931
91077
90866
90531
90439
90057
88235
89804
89759
89492
89470
89260
88810
107636
111249
78039
146656
143385
142488
141749
140725
140715
140174
139642
139385
137337
134881
134859
134130
133771
133645
132800
144172
148482
111251
148626
111931
82152
66203
47044
138610
164979
164977
163949
163056
161582
161336
160954
158783
156387
155064
132549
132547
132458
131796
115569
114662
114459
114342
114254
113064
112852
112556
112550
112515
112290
112183
112070
111622
111505
115713
116161
116797
127144
128606
128512
128360
128235
127212
127206
127114
117176
127108
123695
123663
122882
118880
118700
78574
85394
55052
41863
48516
47629
47423
46723
45210
45028
42217
41997
40819
8584
40629
39183
38304
37741
34517
26151
26150
25805
48696
48738
48774
49824
55063
74545
54881
54513
54286
54272
53953
53894
53123
53000
52967
52579
52281
52241
51540
50068
49917
8645
8494
55118
1572
3089
2927
2920
2857
2747
2202
1942
1935
1281
8195
1232
1209
946
914
757
146501
39421
7155
3415
3539
3632
3634
8154
7926
7438
6983
6981
6874
6783
6643
6433
5956
5795
5791
5464
4763
4327
3789
3742
55069
339
64614
56607
71745
71464
71108
70293
64620
56286
69481
60766
67665
67429
67255
72131
67087
66665
64839
60069
64701
64622
58879
58191
56782
56788
57669
72011
72176
72226
55253
63876
55269
63082
55276
61357
74324
73023
72741
61323
55280
61240
61236
55363
72720
55442
55946
72395
56152
56805
6863
64957
112552
2174
97938
5377
2942
3949
1088
232
1059
520
300
587
377
6218
2424
745
4011
1036
5064
1376
7161
3994
1291
44199
236
5
8623
1617
494
434
780
153
8781
2273
7347
2600
2985
2989
3160
3175
3499
3916
4023
4223
4638
5602
2329
