72998
70286
81845
79242
80463
3275
78574
78039
67255
74545
80489
81562
81591
74324
3246
2330
81932
1245
588
364
319
2677
306
82459
82463
56607
55276
56152
56805
56782
56788
55253
55269
56286
55118
55052
54881
54513
54286
54272
53123
53000
52967
52241
51540
53894
132046
55069
55442
78499
74458
2028
215
77455
40614
34405
1210
94777
27611
79132
293
3994
55820
71745
71464
66665
67087
69481
70293
73023
72720
72395
71108
72226
72131
72011
78653
2571
135518
33794
7844
3996
7090
2924
4995
67665
68157
55247
3265
7022
109487
924
1704
65514
67997
260
31878
2529
4011
2959
48780
62849
4226
27773
47
1242
1376
130682
236
68358
246
1358
1259
1250
529
587
300
337
904
350
661
186
357
377
628
520
4467
1059
2968
5
52885
95441
97938
106696
109249
109374
134853
54290
1199
111
247
1079
1080
1089
1219
1256
1729
2288
3546
5662
6287
6713
8188
27592
1517
93040
30745
31658
47640
1954
1635
1639
8369
106918
5449
3676
106473
44191
3703
107649
88125
68954
100365
8636
6953
6281
5812
45950
37729
35957
778
1955
60072
40148
6016
5608
2542
1
34162
117533
2361
1900
7478
78349
32892
5481
5377
5349
2396
3260
3114
3113
3052
2700
2692
2369
107999
2085
2012
2004
1956
26614
1801
3361
3751
5135
8623
150
4890
4823
4701
4641
2174
4369
3785
4351
4306
4041
4016
3978
3893
26662
232
8464
4121
1617
2273
2329
2600
2985
2989
3160
3175
3499
3793
3916
3949
69526
4023
4223
27904
4638
5064
5602
6218
7347
8781
741
68319
1274
66097
63992
2019
60684
48394
1610
1291
1200
1120
7361
3030
5618
5971
82461
104283
46970
6754
8865
36401
104
1103
2502
8528
52973
71057
61024
76251
78209
153
69712
434
494
593
745
780
858
1036
1042
37733
8928
7161
1131
52319
121231
1721
122886
1258
27255
4721
6986
6683
4612
4189
48711
7376
64957
4388
8861
296
31221
32025
47465
5909
50
6985
318
1176
4911
2068
2424
3948
4018
608
5445
26585
26554
7373
5507
5219
4069
3882
3809
3301
3300
3257
2641
2359
1732
1061
80551
2082
104841
2997
69640
8972
7458
4993
5782
5902
5952
6350
6857
4322
8795
8961
7153
599
1028
96811
98154
97923
97921
97752
97673
97304
96832
96728
99114
96610
96588
96417
95761
95558
95449
95135
98961
99149
94959
103688
106920
106916
106766
106100
105504
105355
105197
103624
101285
103449
103372
103107
102469
102194
101895
101525
94969
94931
58191
64614
72741
72176
67429
64839
64701
64622
64620
63876
82313
63082
61357
61323
61240
61236
60766
1088
81786
83976
91077
89492
90866
90531
90439
90376
90057
89804
89759
89470
85394
89260
88810
88235
88129
87304
86833
86320
107141
107636
110871
139385
143385
142488
141749
140725
140715
140174
139642
137337
146656
134881
134859
134130
133771
133645
132800
132549
144172
148482
111249
164977
111931
111384
82152
66203
47044
138610
164979
163949
148626
163056
161582
161336
160954
158783
156387
155064
132547
132458
131796
112552
114662
114459
114342
114254
113064
112852
112556
112550
128606
112515
112290
112183
112070
111622
111505
111251
115139
115569
115713
116161
128512
128360
128235
127212
127206
127144
127114
127108
123695
123663
122882
118880
118700
117176
116797
58879
60069
57669
3111
3634
3632
3629
3539
3498
3415
3384
3089
3679
3022
2936
2927
2920
2857
2747
2730
3671
3742
2182
4763
5791
5747
5464
5289
5198
5169
4928
4712
3789
4437
4327
4326
4262
4103
3947
3811
2202
2178
6229
64969
541
53318
39421
7155
5984
3707
3176
63131
757
59725
45720
8533
6942
6863
2942
1997
146501
914
2109
1272
1957
1942
1935
1572
1283
1281
1273
1260
946
1232
1211
1209
1197
1172
1153
954
5795
5956
38304
8766
25805
25927
26150
26151
26366
31770
34517
37741
39183
40629
40819
41585
41997
42217
46664
47274
50068
52281
52579
53953
55063
55280
55363
55946
56015
8767
339
8765
7926
7195
8751
6981
7243
6874
7335
6830
6783
6643
6515
7792
7438
8125
8195
8645
8584
8494
8236
6433
8207
8154
8128
6983
66934
6539
115617
1265
35836
118997
34321
4973
5299
8874
46578
111624
47099
56367
44555
44199
45210
41863
58559
45028
48516
48696
47423
47629
49917
49824
48774
48738
46723
