1079
296
337
593
858
1042
1120
1200
1610
4121
318
778
1729
3793
2959
2542
232
52885
1274
104283
6857
587
357
741
47
109249
3361
608
1089
1732
3809
68157
111384
60072
107999
121231
50
26614
26662
4973
1061
106473
8928
6350
46578
88125
2288
109374
5377
27773
5608
4226
1258
97938
130682
48394
1219
2529
5618
1997
48780
62849
1704
66097
74458
64957
4995
79132
4369
3260
4641
3751
4306
4351
3785
3893
3978
4016
3113
4041
3114
1954
3052
1259
31658
58559
67997
246
300
350
520
628
661
904
1059
1242
1250
1358
2700
1376
1517
1635
1639
1801
4823
1956
2004
2012
2085
2369
2396
2692
4701
135518
4890
541
1153
954
946
914
757
146501
53318
59725
39421
7155
5984
3707
3176
64969
1172
1197
1209
1211
1232
1260
1272
1273
1281
1283
1572
1935
1942
1957
2109
2178
2182
63131
45720
5135
68954
55247
5449
3676
44191
3703
107649
65514
8533
8636
6953
6281
5812
5481
5349
106918
8369
70286
78349
94777
1900
2361
117533
1
6016
40148
47099
77455
78499
4322
1028
6942
30745
68358
8188
104841
80551
2359
2641
3257
3275
3300
3301
3882
4069
5219
5507
7373
8861
34405
37733
63992
66934
68319
69526
69712
71057
46970
47640
6985
7361
44555
3030
5971
82461
2082
69640
6754
8972
1955
7478
32892
34162
35957
37729
45950
100365
150
111624
1199
2968
4467
4911
5909
47465
4388
1131
48711
4189
4612
6683
6986
27255
260
109487
52319
5445
7458
132046
8865
6713
7376
32025
35836
1176
1210
1265
2068
3948
4018
5299
8464
27611
34321
56367
2730
72998
93040
95441
106696
115617
118997
134853
54290
40614
111
1080
1256
3546
5662
6287
31221
4721
36401
122886
104
1103
2502
8528
52973
55820
61024
76251
78209
924
2019
2571
2924
2997
3996
4993
5902
5952
6539
7090
7153
7844
8795
8874
8961
26554
31878
33794
1721
2202
599
2747
97304
96811
96728
96610
96588
96417
95761
95558
95449
95135
94969
94959
94931
91077
90866
90531
90439
90376
96832
97673
105504
97752
105197
103688
103624
103449
103372
103107
102469
102194
101895
101525
101285
99149
99114
98961
98154
97923
97921
90057
89804
89759
89492
78653
78574
78039
74545
74324
73023
72741
72720
72395
72226
72176
72131
72011
71745
71464
71108
70293
80463
80489
81562
86320
89470
89260
88810
88235
88129
87304
86833
85394
81591
83976
82463
82459
82313
81932
81845
81786
105355
106100
67665
143385
141749
140725
140715
140174
139642
139385
137337
134881
134859
134130
133771
133645
132800
132549
132547
132458
131796
142488
144172
106766
146656
111931
82152
66203
47044
138610
164979
164977
163949
163056
161582
161336
160954
158783
156387
155064
148626
148482
128606
128512
128360
128235
113064
112852
112556
112550
112515
112290
112183
112070
111622
111505
111251
111249
110871
107636
107141
106920
106916
114254
114342
114459
122882
127212
127206
127144
127114
127108
123695
123663
118880
114662
118700
117176
116797
116161
115713
115569
115139
69481
79242
67429
48696
5795
47629
5956
47423
6229
67255
6433
47274
46723
46664
45210
45028
42217
41997
41863
48516
48738
49917
5791
6515
4262
4326
4327
49824
4437
4712
4763
4928
5169
5198
5289
5464
5747
48774
41585
40819
40629
39183
8195
8154
8128
8125
7926
7792
7438
7335
7243
7195
6983
6981
6874
6830
6783
8207
8236
8494
26150
38304
37741
34517
31770
26366
26151
25927
8584
25805
8767
8766
8765
8751
8645
3947
4103
3811
55442
58879
58191
57669
56805
2936
3022
3089
3111
56788
56782
56607
56286
56152
56015
3789
2927
2920
60069
64620
2857
67087
66665
64839
64701
64622
64614
60766
63876
63082
61357
61323
61240
61236
55946
3384
55363
53953
53123
3539
53000
52967
52579
52281
52241
51540
50068
3629
3632
3634
3671
3679
3742
55280
53894
54272
55052
3415
55276
55269
55253
55118
55069
55063
3498
54881
54513
54286
6643
27592
6863
112552
2174
60684
27904
2942
2424
5782
293
6218
3265
7022
7161
3949
4011
26585
5064
1291
1088
247
529
339
377
236
186
5
8623
745
3994
215
2028
44199
1036
8781
7347
5602
153
4638
4023
434
494
780
1617
2273
2329
2600
2985
2989
3160
3175
3499
3916
4223
3246
306
319
1245
364
2677
588
2330
