47
1245
186
587
3246
236
377
357
306
319
364
588
2677
2330
2028
215
2424
2288
88125
2959
5608
27592
4226
1258
130682
27773
48394
293
1219
2529
1997
48780
62849
1704
66097
74458
4995
79132
1517
1259
1250
1376
1242
1059
1358
1801
1635
2692
3751
3361
3260
3114
3113
3052
2700
2396
1639
2369
2085
2012
2004
1956
1954
661
904
5
628
5662
115617
118997
134853
54290
40614
111
247
1079
1080
1089
1256
1729
3546
6287
529
6713
8188
30745
31658
52885
58559
67997
3893
246
300
337
350
520
3785
5349
3978
3176
63131
59725
45720
8533
6942
6863
2942
1088
1028
4322
78499
77455
60072
47099
40148
64969
3707
4016
5984
1232
1211
1209
1197
1172
1153
954
946
914
757
146501
541
53318
39421
7155
6016
2542
778
1
6953
6281
5812
5481
5377
109249
5135
4890
4823
4701
4641
4369
4351
4306
4041
8636
65514
68954
8369
117533
2361
1900
94777
78349
70286
106918
107649
55247
5449
3676
106473
44191
3703
109374
135518
106696
3301
8861
7373
5507
5219
4069
3882
3809
3300
27904
3275
3257
2641
2359
1732
1061
80551
8928
34405
104841
46970
5971
5618
3030
44555
7361
6985
47640
71057
37733
69712
69526
68319
68157
66934
63992
60684
2082
69640
104283
150
4467
2968
1199
111624
107999
8623
2174
100365
5909
45950
37729
35957
34162
32892
7478
1955
4911
47465
8972
27255
7458
5445
608
52319
121231
109487
260
6986
296
6683
4612
4189
48711
64957
1131
4388
82461
132046
97938
4721
318
232
50
35836
32025
31221
7376
122886
1210
1721
33794
31878
26585
26554
8961
8874
1176
1265
7844
27611
95441
93040
72998
68358
1260
46578
34321
26662
2068
26614
8464
7161
5299
4973
4018
3948
8795
7153
6754
61024
1200
1120
1042
858
593
78209
76251
55820
3793
52973
8528
2502
1103
104
36401
8865
1610
4121
7090
4993
7022
6857
6539
6350
5952
5902
5782
3996
741
3265
2997
2924
2571
2019
1274
924
56367
599
1272
90531
97752
97673
97304
96832
96811
96728
96610
96588
96417
95761
95558
95449
95135
94969
94959
94931
91077
97921
97923
98154
103372
106100
105504
105355
105197
103688
103624
103449
103107
98961
102469
102194
101895
101525
101285
99149
99114
90866
90439
106916
90376
81591
81562
80489
80463
1273
78653
78574
78039
74545
74324
73023
72741
72720
72395
72226
72176
72131
81786
81845
81932
88235
90057
89804
89759
89492
89470
89260
88810
88129
82313
87304
86833
86320
85394
83976
82463
82459
106766
106920
71745
131796
143385
142488
141749
140725
140715
140174
139642
139385
137337
134881
134859
134130
133771
133645
132800
132549
132547
144172
146656
148482
164977
111931
111384
82152
66203
47044
138610
164979
163949
148626
163056
161582
161336
160954
158783
156387
155064
132458
128606
107141
128512
114342
114254
113064
112852
112556
112552
112550
112515
112290
112183
112070
111622
111505
111251
111249
110871
107636
114459
114662
115139
123695
128360
128235
127212
127206
127144
127114
127108
123663
115569
122882
118880
118700
117176
116797
116161
115713
72011
79242
71464
71108
8236
8207
8195
8154
8128
8125
7926
7792
7438
7335
7243
7195
6983
6981
6874
6830
6783
6643
6515
6433
6229
8494
8584
8645
37741
45028
42217
41997
41863
41585
40819
40629
39183
38304
34517
8751
31770
26366
26151
26150
25927
25805
8767
8766
8765
5956
5795
5791
2730
3384
3111
3089
3022
2936
2927
2920
2857
2747
2202
3498
2182
2178
2109
1957
1942
1935
1572
1283
1281
3415
3539
5747
4326
5464
5289
5198
5169
4928
4763
4712
4437
4327
4262
3629
4103
3947
3811
3789
3742
3679
3671
3634
3632
45210
46664
46723
55280
56788
56782
56607
56286
56152
56015
55946
55442
55363
55276
57669
55269
55253
55118
55069
55063
55052
54881
54513
54286
56805
58191
53953
64622
70293
69481
67665
67429
67255
67087
66665
64839
64701
64620
58879
64614
63876
63082
61357
61323
61240
61236
60766
60069
54272
53894
47274
52281
47423
47629
48516
48696
48738
48774
49824
49917
50068
51540
52241
53123
339
53000
52967
52579
3949
4011
6218
5064
1291
745
3994
1036
44199
494
5602
7347
153
780
8781
434
4638
4223
1617
2273
2329
2600
4023
2989
3160
3175
3499
3916
2985
