4223
2989
434
4023
3916
3499
3175
3160
2985
5602
2600
2329
2273
1617
780
153
4638
494
7347
8781
1291
745
4011
44199
3114
260
1210
2529
318
1061
3994
47
1242
1259
1801
2396
1
1028
337
339
296
5064
608
293
78499
1036
2330
306
319
1245
2677
364
588
3246
350
1103
4041
52973
3949
150
2028
1197
1211
1172
1273
1957
3111
3679
3811
4103
4262
4326
5198
5747
8128
4890
27773
111384
593
858
1610
1042
4121
1120
1200
2424
6218
2959
134853
3703
1997
215
115617
1131
55820
62849
48780
8861
2174
132046
106473
4226
1250
3361
37733
3882
5449
2369
1955
587
2085
661
1954
104
6287
377
529
628
2082
1376
1517
1639
2968
88125
106696
3793
4995
1089
122886
7243
3629
1283
70286
1079
68157
48394
74458
107999
72998
130682
47465
4467
4911
3809
1088
79132
2288
27611
109249
954
3022
541
8125
109487
121231
1199
2571
135518
8928
27592
52281
41997
34405
2936
112552
2019
778
1729
94777
4973
107649
66097
109374
6863
68319
118997
6539
2068
2542
66934
46578
236
106766
97938
106100
105504
95441
4993
2924
105355
106916
54290
111505
1274
741
40614
111622
247
105197
1080
103688
93040
26662
68358
106920
6857
7090
7844
8795
8961
26554
111251
4721
7376
31221
32025
111249
3996
50
232
110871
2997
1176
107636
1256
3948
8464
26614
107141
3546
103624
103449
97752
97673
1635
97304
96832
96811
1956
2004
96728
96610
96588
2692
2700
72226
3113
96417
95761
3751
3785
3893
4016
95558
4306
4351
4369
1358
97921
97923
102469
112183
5662
103372
6713
8188
103107
30745
31658
52885
58559
67997
246
98154
300
102194
101895
357
101525
101285
99149
99114
98961
904
1059
112070
72395
112290
139385
155064
148626
148482
146656
144172
143385
52319
142488
5445
7458
8972
69640
104841
141749
80551
140725
2359
3257
3275
3300
3301
140715
140174
4069
5219
5507
139642
156387
27255
6986
164979
111931
7478
32892
34162
35957
37729
45950
100365
82152
66203
47044
138610
164977
6683
163949
163056
5909
161582
161336
4388
160954
64957
158783
48711
4189
4612
27904
137337
112515
134881
128360
128235
127212
127206
127144
127114
127108
123695
123663
122882
118880
118700
117176
116797
116161
115713
115569
115139
114662
114459
114342
114254
113064
112852
112556
4701
112550
128512
128606
131796
6754
69526
69712
71057
47640
6985
7361
44555
3030
5618
82461
104283
134859
8865
132458
36401
134130
133771
2502
8528
133645
132800
61024
76251
78209
132549
132547
4641
3052
4823
55276
95449
55253
4763
55118
5169
74545
5289
5464
74324
5791
5795
5956
55069
6433
6515
6643
6783
6830
6874
6981
6983
7195
73023
55269
78039
3089
78574
53123
58879
3415
58191
57669
56805
3539
80489
3632
56788
56782
56607
56286
80463
56152
56015
55946
3742
55442
55363
79242
55280
78653
7335
7438
55063
7926
54286
41863
42217
45028
45210
46664
46723
54272
47423
47629
48516
48696
48738
48774
53953
49824
49917
50068
51540
52241
52579
53894
52967
41585
40819
40629
8765
72741
72720
55052
8195
54881
8236
8494
8584
8645
8751
8766
39183
8767
25805
25927
26150
26151
54513
31770
34517
37741
38304
81591
81562
60069
67087
90866
90531
6016
40148
47099
60072
90439
77455
90376
71108
4322
90057
89804
89759
70293
69481
8533
45720
67665
67429
67255
3176
81786
117533
71464
1900
65514
5135
5349
5377
5481
72176
5812
6281
6953
8636
72131
68954
71745
95135
94969
44191
94959
3676
94931
72011
106918
8369
91077
5984
53000
66665
61323
1281
82463
1935
1942
82459
82313
63876
63082
61357
2182
64614
2202
81932
81845
61240
61236
2747
60766
2920
2927
83976
1572
1260
1153
89492
89470
89260
88810
88235
146501
757
64839
64701
85394
88129
946
64620
86833
1232
64622
87304
86320
4018
6350
1704
64969
56367
46970
63131
31878
8874
34321
55247
60684
5608
111624
3707
599
78349
3634
5971
35836
5299
39421
914
4327
1209
2857
8154
3789
7373
7155
7153
5952
33794
111
5782
7022
3265
53318
5902
3260
3978
2942
7161
1219
2730
26585
63992
924
2109
8623
5
520
2012
1272
3384
2178
4928
47274
26366
8207
2641
7792
1265
6229
4712
3947
3671
3498
4437
1258
2361
6942
59725
1732
186
1721
