2019
27773
1089
3265
7022
1732
5952
7153
1209
4327
1080
2857
1954
914
8154
3789
1199
924
5618
260
4973
2542
26585
1729
778
8795
4993
1036
296
599
109374
4467
5782
2959
7090
2924
3996
7844
5902
3978
3260
31878
48780
33794
111384
5971
2968
4011
60684
2529
1079
44191
93040
3809
8874
247
2288
62849
74458
1265
5464
50068
8645
5791
55280
6874
7438
741
1274
104283
6857
52885
65514
4226
318
55069
55442
3030
27592
111624
107999
6350
41997
52281
64957
53318
1061
47
1272
2109
94931
4712
123663
123695
4437
148482
3947
72741
3671
127144
3539
127212
128235
3498
2502
3384
140715
131796
132458
72176
82313
132549
2700
139642
2747
7361
2178
99114
94959
95135
8584
95449
99149
101525
7792
164977
8207
164979
98154
26366
34517
47274
55946
112070
107636
98961
140725
97923
97921
97752
6229
97304
95558
4928
96811
96728
96588
1258
2692
26662
34321
56367
68954
48394
6218
106473
35836
96610
96832
132046
5299
1281
79132
2997
68157
6539
1617
3175
3160
2989
4023
2985
2600
4223
2273
2329
3916
780
4638
494
434
153
5602
7347
8781
3499
61240
61236
66934
8928
8861
26554
27611
3361
52319
68319
97938
2571
135518
7458
3994
745
3703
5064
1291
72998
78349
1210
121231
69712
2361
520
628
587
82459
58559
5
186
529
215
236
246
300
31658
337
357
377
661
30745
904
82463
95441
89470
106696
89260
54290
40614
88810
88235
88129
87304
1256
86833
86320
85394
3546
5662
6713
8188
83976
55276
1250
1059
80489
4306
4351
4369
4641
4701
4823
4890
5135
5349
5377
5481
5812
6281
6953
8636
80463
79242
88125
78574
4016
3893
1242
3785
1358
1376
1635
1639
1801
81932
1956
2004
2012
2085
2369
2396
81845
3052
3113
3114
81591
81562
3751
89492
90057
68358
3275
161582
48711
4189
4612
6683
6986
27255
160954
158783
156387
155064
5445
8972
69640
104841
2082
80551
144172
2641
163056
1131
4388
8623
1955
7478
32892
34162
35957
37729
45950
150
111931
163949
82152
130682
66203
47044
138610
4911
5909
47465
3257
3300
89759
3301
103449
8961
96417
1721
4721
7376
31221
32025
95761
232
91077
90866
2424
3948
90531
90439
90376
106918
89804
103688
115139
78209
69526
4069
5219
5507
7373
27904
34405
63992
66097
71057
76251
46970
47640
82461
132547
6754
8865
36401
8528
3676
339
53123
1260
8765
8751
56286
3246
3111
51540
3089
3022
2936
2927
52241
56152
52967
53000
2677
2330
2202
2182
53894
54272
2028
1957
1942
1935
1283
54286
1273
3629
3632
67255
37741
6515
46664
41585
56607
40819
5956
40629
5795
39183
5747
38304
5289
5198
3679
5169
56788
31770
56805
25927
8767
4326
6830
4262
4103
3811
8766
8494
56782
1245
5984
3707
64969
1900
55253
63131
7335
78039
59725
74545
45720
8533
8236
74324
2942
7243
6016
1997
40148
60072
1028
4322
8128
55118
56015
3176
7155
55269
1211
54513
8369
1197
1172
1153
954
946
8125
54881
39421
7195
94777
364
146501
588
541
6983
306
319
55052
3634
6942
109487
44199
4995
47099
44555
118997
55247
1088
6863
7161
49824
41863
45028
45210
46723
47423
49917
48516
48774
47629
48738
48696
109249
608
107649
3882
37733
3949
115617
60069
58879
57669
58191
61357
61323
67429
64839
63082
55063
63876
64614
64701
64620
60766
64622
55820
4018
3793
293
2359
2068
1176
6985
70286
4041
52973
350
1103
78499
5608
4121
1200
858
1610
1120
1042
593
111
112552
46578
77455
122886
105504
1
2174
61024
104
1517
3415
8195
6783
5449
6643
6433
50
26151
26150
25805
6981
26614
42217
6287
1572
1232
1259
3742
55363
111251
1704
2730
2920
81786
100365
112183
112290
114342
111622
114662
115569
116161
116797
112556
112852
117176
67997
127108
1219
102469
110871
111249
161336
101285
53953
111505
94969
4763
52579
112550
757
7926
133771
128512
114254
114459
113064
132800
127206
117533
72131
72011
78653
67087
71745
66665
71464
69481
70293
72226
71108
72395
72720
73023
118700
112515
118880
134853
134881
142488
128360
141749
146656
115713
139385
140174
148626
133645
128606
137337
134130
127114
143385
106920
97673
101895
102194
103107
103372
103624
105197
105355
106100
106916
107141
106766
67665
134859
122882
8464
