4973
3996
7090
7844
2924
3265
7022
31878
8645
357
40819
5464
40629
50068
5791
5812
7438
44555
6874
38304
39183
55280
37741
55363
55442
55069
65514
61240
61236
6985
41997
52281
6942
6218
111624
48696
48774
48738
49917
49824
45210
48516
47629
47423
46723
41863
45028
1265
608
3809
2396
1088
68954
48394
109249
44199
5299
8874
46578
47099
5971
1079
35836
6350
93040
4890
34321
8928
2942
118997
7155
56367
109374
6016
115617
1732
2359
64957
1721
66934
59725
6863
2174
67997
112552
39421
2068
3707
63131
2424
7161
46970
94777
63992
64969
4018
300
246
236
186
215
337
350
628
1635
377
1517
520
529
587
1376
1358
661
904
1059
1242
1250
1259
135518
3785
1801
3676
60072
40148
5608
2959
2542
778
1
117533
2361
1900
78349
70286
8369
106918
55247
62849
77455
78499
319
914
757
146501
588
541
364
306
4322
53318
5984
3176
45720
8533
1997
5449
106473
1954
44191
3978
3893
3751
3361
3260
3114
3113
3052
2700
2692
2369
2085
2012
2004
1956
4016
4041
4306
5481
3703
107649
88125
8636
6953
6281
5377
4351
5349
5135
4823
4701
4641
4369
5
40614
58559
109487
4069
3882
3301
3300
3275
3257
2641
1061
80551
2082
104841
8972
7458
5445
52319
5219
5507
7373
69526
5618
3030
7361
47640
71057
69712
68319
8861
68157
66097
60684
37733
34405
27904
121231
79132
52885
48780
4467
2968
1199
130682
107999
8623
150
100365
45950
37729
35957
34162
32892
7478
1955
4911
5909
47465
6986
4995
4226
1704
1258
260
27255
6683
296
4612
4189
48711
74458
1131
4388
82461
104283
132046
6754
954
54290
134853
97938
95441
72998
68358
27611
26662
26614
8464
3948
1210
1176
318
111
247
1080
6287
31658
30745
27773
27592
8188
6713
5662
1089
3546
2529
2288
1729
1256
1219
232
50
47
55820
1274
924
741
78209
76251
61024
52973
2571
8528
2502
1103
104
36401
8865
2019
2997
32025
26554
31221
7376
4721
122886
33794
26585
8961
4993
8795
7153
6857
5952
5902
5782
946
599
1153
96832
98961
98154
97923
97921
97752
97673
97304
96811
94969
96728
96610
96588
96417
95761
95558
95449
99114
99149
101285
101525
107141
106920
106916
106766
106100
105355
105197
103688
103624
103449
103372
103107
102469
102194
101895
95135
94959
72741
81562
82463
82459
82313
81932
81845
81786
81591
80489
94931
80463
79242
78653
78574
78039
74545
74324
83976
1172
86320
86833
91077
90866
90531
90439
90376
90057
89804
89759
89492
89470
89260
88810
88235
88129
87304
107636
110871
111249
139642
144172
143385
142488
141749
140725
140715
140174
139385
111251
137337
134881
134859
134130
133771
133645
132800
146656
148482
148626
155064
111931
111384
82152
66203
47044
138610
164979
164977
163949
163056
161582
161336
160954
158783
156387
132549
132547
132458
115713
115139
114662
114459
114342
114254
113064
112852
112556
112550
112515
112290
112183
112070
111622
111505
115569
116161
131796
116797
128606
128512
128360
128235
127212
127206
127144
127114
127108
123695
123663
122882
118880
118700
117176
73023
85394
72720
5956
7195
6983
6981
6830
6783
6643
6515
6433
6229
5795
7335
5747
5289
5198
5169
4928
4763
4712
4437
4327
7243
7792
46664
8766
41585
34517
31770
26366
26151
26150
25927
25805
8767
8765
7926
8751
8584
8494
8236
8207
8195
8154
8128
8125
4326
4262
4103
1572
2330
2202
2182
2178
2109
2028
1957
1942
1935
1283
3947
1281
1273
1272
1260
1245
1232
1211
1209
1197
2677
2730
2747
2857
3811
3789
3742
3679
3671
3634
3632
3629
3539
3498
3415
3384
3246
3111
3089
3022
2936
2927
2920
72395
42217
47274
56152
60069
58879
58191
57669
56805
56788
56782
56607
56286
56015
61323
55946
55276
55269
55253
55118
55063
55052
54881
51540
60766
61357
54272
67665
72226
72176
72131
72011
71745
71464
71108
70293
69481
67429
63082
67255
67087
66665
64839
64701
64622
64620
64614
63876
54286
54513
53953
52967
52241
52579
53894
339
53123
53000
1028
106696
105504
293
3949
4011
5064
1291
745
3994
1036
6539
494
2329
780
434
1617
153
8781
7347
2600
3499
5602
4638
4223
4023
3916
2985
2273
3175
3160
2989
858
593
1042
1120
4121
1200
1610
69640
3793
1639
