593
4121
1610
1200
1120
1042
858
8795
4993
7153
5952
2959
47
3793
4226
4011
2019
260
2571
111
26614
50
318
5608
4973
293
494
3175
3160
2989
780
2985
2600
2329
2273
153
434
3499
1617
3916
7347
4638
8781
5602
4023
4223
3949
1704
79132
132046
1210
296
48780
2542
2529
588
306
319
364
3246
1245
2677
2028
2330
1258
62849
44199
1089
1219
778
1729
5902
3260
3978
4995
1036
2361
3994
745
27773
41997
52281
5064
48394
1079
8645
5791
50068
5464
6874
7438
55280
8961
74458
27611
924
1732
3629
7243
1283
6218
215
3361
55363
55442
55069
88125
2288
61240
61236
70286
135518
40148
72998
109249
111624
2692
3809
68157
3022
8125
541
954
27592
1291
608
109487
111384
1265
121231
5971
2936
130682
122886
68954
8874
1061
1997
107999
93040
1250
8928
31878
46578
109374
68319
66097
6350
5299
3703
3300
1957
5198
4322
1358
1273
5445
5747
8636
1197
3111
4326
4262
4103
3811
1211
3679
1172
1639
8128
44191
1176
56367
64957
6942
34321
34405
118997
2068
35836
66934
94777
1199
60684
115617
6953
2082
3751
7458
65514
80551
2359
6281
27255
6986
3114
2641
104841
5812
4701
8972
4016
3893
4351
4369
4641
4823
5481
107649
4890
5135
3785
52319
5377
7090
8369
106473
47099
60072
150
77455
100365
1088
45950
37729
2942
8533
45720
35957
34162
32892
7478
1955
59725
3176
2174
8623
6683
6016
3676
55247
106918
3052
4612
4189
48711
78349
1900
1131
117533
4388
47465
5909
4911
4467
2968
3113
2012
2700
95441
8528
26662
2502
36401
8865
6754
68358
104283
82461
97938
5984
5618
3030
54290
40614
44555
7361
6985
47640
247
8464
61024
1080
2997
7844
6857
5782
3996
26554
26585
3265
33794
1721
4721
3948
7376
31221
32025
2924
1274
232
741
78209
76251
71057
69712
3257
1517
587
628
4069
661
904
1059
1242
1259
1376
1635
377
1801
1954
1956
2004
7022
2085
2369
3275
2396
529
357
69526
30745
1256
63992
3546
5662
6713
8188
27904
8861
7373
31658
337
5507
52885
58559
67997
5
186
5219
246
300
3707
599
7155
90439
97673
97304
96832
96811
96728
96610
96588
96417
95761
95558
95449
95135
94969
94959
94931
91077
90866
97752
97921
97923
103107
106100
105355
105197
103688
103624
103449
103372
102469
98154
102194
101895
101525
101285
99149
99114
98961
90531
90376
71464
90057
81562
80489
80463
79242
78653
78574
78039
74545
74324
73023
72741
72720
72395
39421
72176
72131
72011
81591
81786
81845
88129
89804
89759
89492
89470
89260
88810
88235
87304
81932
86833
86320
85394
83976
82463
82459
82313
106766
106916
106920
107141
142488
141749
140725
140715
140174
139642
139385
137337
134881
134859
134130
133771
133645
132800
132549
132547
132458
143385
144172
146656
163949
111931
82152
66203
47044
138610
164979
164977
163056
148482
161582
161336
160954
158783
156387
155064
148626
131796
128606
128512
112290
114254
113064
112852
112556
112552
112550
112515
112183
114459
112070
111622
111505
111251
111249
110871
107636
114342
114662
128360
123663
128235
127212
127206
127144
127114
127108
123695
122882
115139
118880
118700
117176
116797
116161
115713
115569
71745
72226
71108
6783
7926
7792
7335
7195
6983
6981
6830
6643
4763
6515
6433
6229
5956
5795
5289
5169
8154
8195
8207
8236
38304
37741
34517
31770
70293
26151
26150
25927
25805
8767
8766
8765
8751
8584
8494
4928
4712
40629
1260
2178
2109
1942
1935
1572
1281
1272
1232
4437
1209
1153
946
914
757
146501
53318
2182
2202
2730
2747
4327
3947
3789
3742
3671
3634
3632
3539
3498
3415
3384
3089
2927
2920
2857
39183
26366
339
56782
56286
56152
56015
55946
55276
55269
55253
55118
55063
55052
54881
67429
66665
54286
54272
56607
67255
53894
56788
67087
64701
64622
64620
64614
63876
63082
61357
61323
60766
60069
58879
58191
57669
56805
53953
54513
67665
48774
40819
41585
41863
42217
45028
45210
46664
46723
47274
47629
48516
48696
48738
47423
64839
52967
53123
49917
51540
69481
52241
53000
49824
52579
6863
4018
64969
46970
134853
3882
7161
1028
63131
55820
106696
105504
1103
350
4041
52973
78499
37733
1
3301
69640
2424
6539
5349
5449
6287
4306
236
520
104
