4121
1200
1610
1120
593
1042
858
608
2571
44555
3793
3111
5198
4326
3811
4262
8128
1957
4103
5747
1211
3679
1197
1172
1273
350
1103
4041
52973
6985
44199
3809
132046
260
55820
1079
66934
4023
3916
3499
7347
3175
3160
2989
2985
2600
2329
1617
780
494
434
2273
153
4223
904
4638
318
50
5602
8795
58559
8781
26614
4993
3882
37733
4973
48516
47629
48696
47423
41863
45028
46723
45210
48738
48774
49824
49917
2019
293
5952
7153
46578
27611
8928
109249
1729
778
1036
1732
3994
745
135518
109374
4388
5064
1291
70286
47099
72998
1210
3361
2542
6218
118997
109487
296
111384
121231
1061
2068
8874
106696
5299
122886
107999
31878
115617
1028
34321
68319
134853
56367
3703
35836
6539
7155
1259
1358
3176
3707
4322
5984
1376
628
1517
39421
53318
60072
1635
306
319
529
520
1088
357
587
45720
6863
1639
59725
63131
661
2942
1059
377
1242
6942
1997
8533
64969
1250
4351
1801
78349
106918
55247
5449
3676
106473
44191
107649
88125
68954
65514
8636
6953
6281
5812
300
5481
5377
5349
5135
4890
4823
4701
4641
8369
94777
1954
1900
1956
2004
2012
4369
2085
2369
2396
2700
3052
3113
40148
3114
6016
3260
3751
3785
3893
3978
1
117533
4016
2361
4306
337
4018
246
8861
104841
2082
80551
2359
2641
3257
3275
3300
3301
4069
5219
5507
7373
27904
8972
34405
48394
63992
66097
68157
69526
69712
71057
46970
47640
7361
3030
5618
69640
7458
82461
1199
1955
7478
32892
34162
35957
37729
45950
100365
150
2174
8623
111624
130682
2968
5445
4467
4911
5909
47465
1131
64957
48711
4189
4612
6683
6986
27255
52319
5971
104283
215
1080
3948
541
7161
8464
26662
68358
93040
95441
97938
54290
40614
111
247
1256
32025
2288
3546
5662
6287
6713
8188
27592
30745
31658
52885
67997
5
186
232
31221
6754
3265
8865
36401
104
2502
8528
61024
76251
78209
741
924
1274
2924
2997
3996
7376
5782
5902
6350
6857
7022
7090
7844
8961
26554
26585
33794
1721
4721
364
599
588
96728
97923
97921
97752
97673
97304
96832
96811
96610
98961
96588
96417
95761
95558
95449
95135
94969
98154
99114
107141
103624
106916
106766
106100
105504
105355
105197
103688
103449
99149
103372
103107
102469
102194
101895
101525
101285
94959
94931
91077
72131
78653
73023
72741
72720
72395
72226
72176
72011
90866
146501
71464
71108
70293
69481
67665
67429
81786
82313
83976
85394
90531
90439
90376
90057
89804
89759
89492
89470
89260
88810
88235
88129
87304
86833
86320
106920
107636
66665
137337
142488
141749
140725
140715
140174
139642
139385
134881
144172
134859
134130
133771
133645
132800
132549
132547
143385
146656
110871
163949
111931
82152
66203
47044
138610
164979
164977
163056
148482
161582
161336
160954
158783
156387
155064
148626
132458
131796
128606
112550
114459
114342
114254
113064
112852
112556
112552
112515
128512
112290
112183
112070
111622
111505
111251
111249
114662
115139
115569
115713
128360
128235
127212
127206
127144
127114
127108
123695
123663
122882
118880
118700
117176
116797
116161
67087
71745
64839
5956
6981
6874
6830
6783
6643
6515
6433
6229
5795
3947
5791
5464
5289
5169
4928
4763
4712
4437
6983
7195
7243
7335
25927
25805
8767
8766
64701
8751
8645
8584
8494
8236
8207
8195
8154
8125
7926
7792
7438
4327
3789
26151
1272
2178
2109
2028
1942
1935
1572
1283
1281
1260
3742
1245
1232
1209
1153
954
946
914
757
2182
2202
2330
2677
3671
3634
3632
3629
3539
3498
3415
3384
3246
3089
3022
2936
2927
2920
2857
2747
2730
26150
8765
26366
56788
55069
55118
55253
55269
55276
55280
55363
55442
55946
56015
56152
31770
56607
56782
56805
55052
57669
58191
58879
60069
60766
61236
61240
61323
61357
63082
63876
64614
64620
64622
55063
56286
339
53000
52241
51540
50068
47274
46664
42217
41997
52579
41585
40819
52967
53123
54881
53894
53953
54272
54286
40629
39183
38304
37741
54513
34517
52281
3949
4011
77455
78499
1176
1265
1089
27773
81562
67255
82463
82459
81932
81845
81591
80489
80463
79242
74324
74545
78039
78574
1258
79132
2692
60684
4995
74458
62849
47
1704
1219
2529
2959
48780
5608
2424
4226
236
