74324
80489
67255
82463
82459
81932
81591
81562
81845
80463
79242
78574
78039
74545
61236
61240
78499
68157
4121
593
1610
1200
1042
858
1120
74458
296
1089
4995
5791
50068
5464
7438
55280
8645
6874
79132
57669
60069
64622
58879
60766
64620
55063
61323
67429
61357
64839
64701
63082
63876
64614
58191
77455
2959
45028
41863
46723
45210
48516
49824
47423
49917
47629
48696
48738
48774
44199
55363
55069
55442
8795
4993
47
5952
7153
3793
2571
64969
6863
778
1729
1704
2542
52281
41997
5956
34162
96417
95761
103449
8528
103688
8494
132547
3948
4226
44555
2019
48780
4011
47099
111251
2529
48394
599
1732
46578
61024
62849
132046
6539
35836
5608
52319
1079
7458
1258
58559
33794
2068
27773
55247
924
5299
3949
63131
117533
3994
7161
27611
88125
2288
5902
3260
3978
1219
8781
7347
5602
4023
2600
3916
2273
153
434
494
780
1617
3499
4638
2329
4223
2985
2989
3160
3175
1265
70286
46970
69640
97673
107141
106920
1172
1197
1211
1273
1957
3111
3679
3811
4103
4262
4326
5198
101895
5747
103107
103372
103624
8128
105197
105355
106100
106766
106916
102194
135518
72998
6218
34321
27592
69712
64957
118997
40614
2174
4018
6350
112552
115617
3546
745
105504
1088
60684
1291
5064
109487
7155
2692
2361
1210
106918
66097
94777
78349
53318
260
56805
55253
53894
53000
52967
54286
54513
56788
54881
52241
56607
55052
51540
55118
55269
56286
55276
53123
56152
56782
54272
106696
111
1176
8874
39421
1028
67997
31878
3707
2942
55820
1036
608
3809
8928
109374
118700
117176
114254
741
628
116797
118880
122886
4721
122882
7376
31221
1274
114662
26554
116161
2924
114342
7844
2997
114459
7090
3996
661
115713
115569
6857
113064
115139
32025
300
112852
6713
111505
111249
1256
110871
107636
350
5662
6287
8188
111622
102469
30745
31658
52885
5
337
186
236
1080
247
232
112515
318
587
112556
529
112550
246
520
377
112290
54290
8464
26662
112183
112070
68358
95441
357
134853
123663
134130
123695
104841
47044
138610
164979
164977
163949
121231
163056
5445
161582
8972
161336
2082
27904
80551
1061
160954
2641
3257
3275
3300
3882
4069
5219
7373
66203
27255
6986
6683
1955
7478
32892
111931
35957
37729
45950
100365
150
8623
107999
1199
2968
4467
4911
5909
47465
111384
1131
82152
48711
4189
4612
8861
37733
127108
133645
141749
140725
140715
140174
139642
139385
137337
134881
134859
1242
133771
132800
158783
132549
132458
131796
128606
128512
128360
128235
127212
127206
127144
127114
142488
143385
78209
76251
156387
68319
69526
71057
155064
47640
6985
7361
148626
3030
5618
82461
104283
148482
6754
8865
36401
104
1103
2502
146656
52973
144172
904
1259
2178
4327
3634
3671
90439
3742
3789
90376
3947
90057
89804
89759
4437
3539
4712
4763
4928
5169
89492
5289
89470
89260
88810
5795
3632
3498
6229
2109
1209
1232
1260
1272
91077
1281
1572
1935
1942
90866
1250
3415
2182
2202
2730
2747
2857
2920
2927
3089
90531
3384
88235
6433
1153
83976
26151
26366
31770
34517
37741
38304
39183
40629
40819
41585
82313
25927
42217
81786
46664
47274
72741
72176
52579
53953
55946
56015
26150
25805
6515
7926
6643
6783
6830
88129
6981
6983
7195
7335
87304
7792
86833
8767
8154
8195
8207
8236
86320
8584
85394
8751
8765
8766
94969
339
3751
4016
4369
1900
4351
4306
1
4041
3893
4641
3785
40148
5349
3361
101285
3114
8369
4701
3113
65514
5481
5812
6281
5135
6953
8636
946
5449
4823
107649
3703
44191
106473
3676
4322
5377
3052
2012
914
1358
757
1376
146501
1517
1635
1639
2700
1801
3176
1956
2004
5984
2085
2369
8533
45720
68954
109249
130682
93040
5971
34405
2359
6016
96832
96610
2936
60072
4890
3022
8125
541
954
5782
4973
3265
7022
56367
111624
1283
7243
3629
26585
2396
8961
1954
3301
63992
50
26614
2424
59725
66934
6942
97938
67665
71745
72131
72011
72226
73023
72720
78653
71464
71108
72395
70293
69481
67087
66665
293
215
2028
1997
4388
5507
1721
306
319
588
1245
364
2330
2677
3246
95135
97752
94959
94931
99114
98961
98154
97923
97921
99149
95449
97304
96811
96728
96588
101525
95558
1059
