7153
5952
8795
4993
1265
1291
4326
26614
1957
50
1721
8128
5198
5747
1197
1273
4103
3811
3679
1211
3111
4262
1172
318
2019
4995
1704
3978
5902
3260
1036
1210
293
260
6539
2571
2989
4023
3916
3499
3175
5602
3160
8781
153
7347
4638
2985
2600
2329
2273
1617
780
494
434
4223
8961
628
587
79132
924
26585
132046
6218
5299
44199
3361
4011
3949
69640
7022
3265
3994
6942
4973
745
63992
3809
59725
2068
5064
5971
2424
27611
34321
70286
5608
8874
111384
72998
118997
94777
121231
135518
1250
111624
4226
60684
63131
115617
1061
55247
7161
31878
27773
122886
109487
46970
107999
1219
109374
56367
1176
64969
2529
6350
2959
4018
47
6863
68319
48780
62849
3703
34405
105504
74458
106696
66934
35836
134853
109249
1028
1258
6281
5812
88125
6953
8636
5481
107649
55820
5377
5135
1639
1801
1954
1956
2004
2012
2085
2369
2692
2700
3052
3113
1131
4388
3751
3785
3893
47465
4016
4041
4306
4351
4369
4641
4701
44191
4823
5909
4467
106473
34162
37729
5984
541
146501
757
914
946
954
1153
35957
32892
3676
1209
7478
1232
1260
1272
1955
1281
1283
1572
1935
45950
100365
45720
2174
5449
106918
8369
4911
1517
1900
117533
1
2968
6016
40148
47099
60072
1199
77455
78499
130682
4322
1997
8533
8623
1635
300
1376
8928
7373
741
5507
1274
5219
4069
3882
3301
3300
3275
3257
6857
2641
2359
80551
2082
104841
33794
8972
4721
7376
8861
27904
1358
37733
76251
78209
52973
8528
2502
1103
104
36401
8865
6754
104283
82461
5618
3030
44555
6985
47640
71057
69712
69526
66097
31221
32025
7458
232
8188
30745
31658
52885
58559
67997
5
186
236
246
61024
337
350
357
529
64957
661
904
1059
1242
1259
6713
6287
5662
46578
608
52319
3948
27255
8464
6986
26662
6683
4612
68358
3546
4189
95441
97938
48711
54290
40614
247
1080
1256
1942
599
71745
91077
96417
95761
95558
95449
95135
94969
94959
94931
90866
96610
90531
90439
90376
90057
89804
89759
89492
89470
96588
96728
64701
99149
103449
103372
103107
102469
102194
101895
101525
101285
99114
96811
98961
98154
97923
97921
97752
97673
97304
96832
89260
88810
88235
2109
73023
72741
72720
72395
72226
72176
72131
72011
71464
88129
71108
70293
69481
67665
67429
67255
67087
66665
74324
74545
78039
78574
87304
86833
86320
85394
83976
82463
82459
82313
81932
81845
81786
81591
81562
80489
80463
79242
78653
103624
103688
105197
134859
141749
140725
140715
140174
139642
139385
137337
134881
134130
128360
133771
133645
132800
132549
132547
132458
131796
128606
142488
143385
144172
146656
111931
82152
66203
47044
138610
164979
164977
163949
163056
161582
161336
160954
158783
156387
155064
148626
148482
128512
128235
105355
111505
112556
112552
112550
112515
112290
112183
112070
111622
111251
127212
111249
110871
107636
107141
106920
106916
106766
106100
112852
113064
114254
114342
127206
127144
127114
127108
123695
123663
122882
118880
118700
117176
116797
116161
115713
115569
115139
114662
114459
64839
339
64622
8766
8751
8584
8494
8236
8207
8195
8154
8125
7926
7792
7335
7243
7195
6983
6981
8765
8767
46664
25805
45028
42217
41863
41585
40819
40629
39183
38304
37741
34517
64620
26366
26151
26150
25927
6830
6783
6643
6515
3539
3498
3415
3384
3089
3022
2936
2927
2920
2857
2747
2730
2202
2182
2178
3629
3632
3634
4928
6433
6229
5956
5795
5289
5169
4763
3671
4712
4437
4327
3947
3789
3742
45210
31770
46723
52967
53123
53894
58879
53953
54272
54513
58191
54881
55052
57669
55063
55118
55253
47274
56805
55269
55276
56788
55946
56782
56015
56152
56286
53000
54286
52579
49824
64614
63876
63082
61357
47423
61323
47629
48516
48696
48738
60766
48774
56607
60069
51540
52241
49917
53318
27592
78349
111
2288
48394
68954
65514
2361
4890
41997
52281
61236
61240
55442
55069
55363
7090
377
3996
5349
7438
520
5445
3176
8645
50068
5464
5791
6874
55280
7844
2924
2396
215
2028
1732
3246
2330
2677
1245
306
319
364
588
1079
2542
3793
68157
593
858
4121
1042
1120
1200
1610
1089
5782
1729
778
3707
39421
3114
7155
93040
26554
1088
150
296
2997
7361
2942
