4011
2542
40148
62849
48780
8874
2959
4226
2529
434
4638
3175
2989
2600
153
8781
7347
5602
2273
3499
3160
4223
4023
2329
2985
1617
780
494
3916
95761
103688
132547
67429
96417
103449
64839
60766
5956
8494
55063
57669
58191
58879
60069
64614
61323
61357
63082
63876
64620
64622
64701
74458
96610
96832
111251
8861
599
44199
778
1729
1089
4995
1036
79132
3949
3994
745
47
27773
5064
1291
61236
61240
61024
31878
117533
5608
5299
33794
58559
1079
293
2692
4973
56367
6218
1258
34321
1219
68319
118997
924
1732
35836
78349
1265
1704
115617
66934
109487
3785
1954
4016
1956
2004
150
3978
2012
3893
2700
2085
3361
2369
2396
3260
3114
1801
3113
3052
3751
5618
1639
357
2174
30745
31658
52885
67997
5
186
215
236
246
300
337
350
377
1635
520
529
587
628
661
904
1059
1242
1250
1259
4041
1376
1517
1358
4369
4306
35957
32892
6016
7478
47099
60072
1955
77455
78499
4322
1088
1997
2942
6942
8533
45720
59725
3176
3707
5984
7155
39421
53318
306
319
364
541
588
146501
757
34162
37729
4351
1
8188
4641
100365
4701
4823
4890
5135
5349
5377
5481
5812
6281
6953
8636
65514
88125
107649
3703
44191
106473
3676
5449
55247
106918
8369
70286
1900
2361
45950
27592
130682
6713
6287
5219
4069
3882
3809
3301
3300
3275
3257
2641
2359
1061
80551
2082
104841
8972
5445
741
1274
2019
2571
2924
3265
3996
4993
5902
5952
6857
5507
7373
8928
52973
82461
104283
132046
6754
8865
36401
104
3030
1103
44555
2502
8528
55820
27904
6985
76251
78209
47640
71057
69712
69526
66097
63992
60684
37733
34405
7022
7090
7153
134853
5909
4911
4467
2968
26662
27611
46578
68358
72998
95441
97938
109249
54290
4388
40614
111
1199
247
1080
5971
1256
107999
2288
8623
3546
5662
47465
1131
7844
318
8795
608
26585
52319
1721
122886
4721
7376
31221
32025
121231
50
1176
48711
1210
2424
3948
946
8464
26614
260
27255
6986
6683
4612
4189
914
339
954
67255
96811
96728
96588
95558
95449
95135
94969
94959
94931
91077
90866
90531
90439
90376
90057
89804
89759
97304
97673
97752
102194
106100
105355
105197
103624
103372
103107
102469
101895
97921
101525
101285
99149
99114
98961
98154
97923
89492
89470
89260
1153
78039
74545
74324
73023
72741
72720
72395
72176
78653
72131
72011
71745
71464
71108
70293
69481
78574
79242
88810
82463
88235
88129
87304
86833
86320
85394
83976
82459
80463
82313
81932
81845
81786
81591
81562
80489
106766
106916
106920
139385
143385
142488
141749
140725
140715
140174
139642
137337
146656
134881
134859
134130
133771
133645
132800
132549
144172
148482
131796
164977
111931
111384
82152
66203
47044
138610
164979
163949
148626
163056
161582
161336
160954
158783
156387
155064
132458
128606
107141
112515
114342
114254
113064
112852
112556
112552
112550
112290
114662
112183
112070
111622
111505
111249
110871
107636
114459
115139
128512
123695
128360
128235
127212
127206
127144
127114
127108
123663
115569
122882
118880
118700
117176
116797
116161
115713
67665
72226
8128
8125
8584
8236
8207
8195
8154
67087
2936
6981
7926
7792
3022
7335
7243
7195
2927
8751
8765
8766
8767
25805
25927
2920
26150
26151
2857
26366
2747
2730
2677
31770
2330
6983
3089
3632
4262
4763
4712
4437
4327
3629
4326
4103
3111
3947
3811
3789
3742
3679
3671
4928
5169
5198
5289
3539
3498
5747
3415
5795
6229
3384
6433
6515
6643
6783
3246
6830
34517
37741
38304
1260
1572
54272
54286
54513
54881
55052
1283
55118
1281
1273
55253
55269
55276
1272
1245
39183
1232
1211
55946
1209
56015
56152
56286
56607
56782
56788
1197
56805
66665
1172
1935
53953
53894
1942
40629
40819
41585
41863
2202
2182
42217
45028
45210
46664
46723
2178
47274
47423
47629
48516
52241
53123
53000
52967
1957
52579
2028
51540
48696
2109
49917
49824
48774
48738
3634
232
135518
109374
6863
4018
6350
64969
111624
94777
46970
7161
1028
63131
2068
106696
105504
48394
68954
7458
26554
7361
52281
41997
93040
5782
68157
55069
55442
55363
64957
5791
50068
2997
8645
55280
5464
6874
7438
1042
1120
593
858
1610
1200
4121
69640
296
6539
3793
8961
