858
593
1120
1200
1610
4121
1042
3793
5952
7153
2571
260
1210
8795
4993
4306
924
26585
132046
2019
5902
3978
3260
3265
7022
5782
33794
1036
27611
79132
70286
72998
135518
1250
2012
5349
122886
109487
4467
34405
1199
94777
2068
2959
48780
62849
4226
74458
4995
109249
27773
47
3893
300
337
3785
246
215
236
4016
350
186
4041
5
67997
58559
52885
31658
30745
27592
8188
3361
520
357
3114
904
1059
1242
1259
1358
1376
661
1517
1635
1639
628
1956
2004
2085
2369
587
2396
529
2692
2700
3052
3113
377
1801
5135
4351
39421
757
146501
588
364
319
306
53318
7155
946
5984
3707
3176
64969
63131
45720
8533
914
1153
2942
1281
2182
2178
2109
1957
1942
1935
1572
1273
1172
1272
1260
1245
1232
1211
1209
1197
6863
1997
4369
6281
44191
107649
88125
68954
65514
8636
6953
5812
3676
5481
5377
6287
4890
4823
4701
4641
106473
5449
1088
5608
1028
4322
77455
60072
47099
40148
6016
2542
55247
778
117533
2361
1900
78349
8369
106918
6713
93040
5662
3300
5507
5219
4069
3882
3809
3301
3275
104841
3257
2641
2359
1732
1061
80551
7373
8928
27904
37733
48394
60684
66097
66934
68157
69526
69712
71057
46970
47640
6985
7361
44555
2082
69640
3546
100365
5909
130682
111624
8623
2174
150
45950
8972
37729
35957
34162
32892
7478
1955
296
4388
1131
64957
48711
4189
4612
6683
6986
27255
1258
1704
121231
52319
608
5445
7458
3030
5618
5971
8464
68358
56367
46578
34321
26662
26614
7161
82461
5299
4973
3948
1265
1176
318
2330
95441
97938
106696
109374
118997
54290
40614
111
247
1079
1080
1089
1219
1256
1729
2288
232
50
35836
1274
104283
6754
8865
36401
104
1103
2502
8528
52973
55820
61024
76251
78209
741
2924
32025
2997
3996
6350
6539
6857
7090
7844
8874
8961
26554
31878
4721
7376
31221
2202
599
2677
97752
97304
96832
96811
96728
96610
96588
96417
95761
95558
95449
95135
94969
94959
94931
91077
90866
90531
97673
97921
106766
97923
105504
105355
105197
103688
103624
103449
103372
103107
102469
102194
101895
101525
101285
99149
99114
98961
98154
90439
90376
90057
89804
2730
80489
80463
79242
78653
78574
78039
74545
74324
73023
72741
72720
72395
72226
72176
72131
72011
81562
81591
81786
87304
89759
89492
89470
89260
88810
88235
88129
86833
81845
86320
85394
83976
82463
82459
82313
81932
106100
106916
71464
144172
142488
141749
140725
140715
140174
139642
139385
137337
134881
134859
134130
133771
133645
132800
132549
132547
132458
143385
146656
106920
148482
111931
111384
82152
66203
47044
138610
164979
164977
163949
163056
161582
161336
160954
158783
156387
155064
148626
131796
128606
128512
128360
114254
113064
112852
112556
112552
112550
112515
112290
112183
112070
111622
111505
111251
111249
110871
107636
107141
114342
114459
114662
123663
128235
127212
127206
127144
127114
127108
123695
122882
115139
118880
118700
117176
116797
116161
115713
115569
71745
339
46664
41863
4712
4763
71108
45210
45028
42217
41997
41585
26151
40819
40629
39183
38304
37741
34517
31770
4437
46723
4327
4326
3632
3634
3671
3679
3742
3789
3811
3947
48696
4103
48516
47629
4262
47423
47274
26366
26150
48738
6783
7335
5289
7195
6983
6981
6874
6830
6643
25927
5464
6515
6433
6229
5956
5795
5791
7438
5198
7792
7926
25805
8767
8766
4928
8765
8751
8645
8584
8494
8236
8207
8195
8154
8128
5169
5747
3539
55363
56015
56805
56788
56782
56607
56286
56152
55946
58191
2857
55442
67665
55280
55276
55269
57669
67429
64839
61357
64622
64620
66665
64614
63876
63082
61323
58879
67087
61240
67255
61236
60766
60069
55253
55118
55069
55063
3498
3415
48774
3384
2747
3246
70293
3111
3089
2927
49824
49917
50068
51540
52241
52281
53894
55052
54881
54513
54286
54272
52579
53953
53123
53000
2920
69481
52967
64701
68319
107999
4011
2968
293
2529
6218
8861
63992
3949
6942
5064
2424
4018
59725
745
3994
44199
2028
47465
4911
115617
1283
3629
7243
2936
7347
8781
3160
4638
4223
4023
3916
3499
5602
3175
2989
1617
153
434
780
494
2273
2329
2600
2985
134853
3751
541
954
3022
8125
1954
1721
1291
78499
3703
1
