5445
109487
4995
1704
67429
60766
64839
64701
64622
64620
63876
63082
61357
61323
64614
60069
58191
55063
57669
58879
134853
61236
61240
132046
48780
61024
122886
2529
4011
94777
2068
127114
128360
128606
133645
134130
140174
148626
146656
143385
142488
141749
115713
139385
137337
134881
1210
2692
62849
2959
27611
122882
134859
127108
74458
4018
135518
260
70286
27773
72998
1176
2571
1
47
79132
78499
115617
1729
1801
628
661
904
1059
1242
37729
1250
1259
1358
1376
1517
1635
1639
54290
2288
1954
1956
2004
2012
2085
2369
2396
34162
2700
3052
45950
3113
3114
587
529
40614
520
35957
3546
5662
6287
6713
8188
27592
1256
30745
31658
52885
58559
67997
5
186
1080
215
236
247
246
300
337
350
3751
111
357
377
3361
7458
3785
1088
59725
45720
8533
6863
2942
1997
1028
778
4322
1955
60072
40148
6016
7478
63131
64969
3176
3707
5984
7155
39421
53318
306
319
364
541
588
146501
757
914
946
2542
2361
3893
4823
5812
5481
5377
5349
5135
4890
4701
1900
4641
4369
4351
4306
4041
106696
6281
6953
8636
65514
68954
88125
107649
3703
44191
106473
3676
5449
55247
106918
8369
78349
32892
4016
68358
97938
104
76251
55820
52973
8528
2502
1103
36401
2600
8865
6754
121231
104283
82461
5618
78209
153
293
434
494
593
745
780
858
1036
1042
1120
1200
1291
1610
1617
2273
3030
7361
6985
5219
8972
69640
104841
2082
80551
1061
2359
2641
3257
3275
3300
3301
3882
4069
5507
47640
7373
8861
27904
34405
37733
48394
63992
66097
68157
68319
69526
69712
71057
46970
2329
2985
95441
4189
5909
47465
296
4388
1131
48711
4612
2989
6683
6986
1153
318
232
50
4911
4467
2968
1199
130682
107999
8623
2174
2424
3948
150
7161
8464
26614
26662
100365
52319
32025
31221
7376
741
3160
3175
3499
3793
3916
3994
4023
4121
4223
4638
5064
5602
7347
8781
1274
4721
2924
2997
3265
3996
5782
6857
7022
7090
7844
26554
26585
33794
1721
27255
954
599
1172
88810
90057
89804
89759
89492
89470
89260
88235
90439
88129
87304
86833
86320
85394
83976
90376
90531
97673
95761
96832
96811
96728
96610
96588
96417
95558
90866
95449
95135
94969
94959
94931
91077
82313
81786
78653
55442
56782
56607
56286
56152
56015
55946
55363
73023
55280
55276
55269
55253
55118
55069
56788
56805
66665
67087
67665
69481
70293
1197
71464
71745
72011
72131
72176
72226
72395
72720
72741
97304
97752
54881
132547
140725
140715
139642
133771
132800
132549
132458
148482
131796
128512
128235
127212
127206
127144
144172
155064
97921
164979
111931
111384
82152
66203
47044
138610
164977
156387
163949
163056
161582
161336
160954
158783
123695
123663
115139
101895
103624
103449
103372
103107
102469
102194
101525
114459
101285
99149
99114
98961
98154
97923
103688
105197
105355
105504
106100
106766
106916
106920
107141
107636
110871
111249
111505
112070
112550
113064
114254
55052
71108
54513
5198
6433
6229
5956
5795
5791
5747
5464
5289
5169
6643
4928
4763
4712
4437
4327
4326
4262
4103
6515
6783
8765
8125
8645
8584
8494
8236
8207
8195
8154
8128
7926
6830
7792
7438
7335
7243
7195
6983
6981
6874
3947
3811
3789
1572
2202
2182
2178
2109
2028
1957
1942
1935
1283
3742
1281
1273
1272
1260
1245
1232
1211
1209
2330
2677
2730
2747
3679
3671
3634
3632
3629
3539
3498
3415
3384
3246
3111
3089
3022
2936
2927
2920
2857
8751
339
8766
53000
40629
8767
52281
52579
46664
52967
40819
51540
42217
41997
53123
54272
53894
41585
47274
52241
50068
37741
25805
25927
26150
26151
26366
31770
34517
38304
54286
39183
53953
118997
77455
1258
1089
78039
67255
74324
74545
82459
78574
81932
81845
81591
81562
82463
80489
79242
80463
4226
3949
1219
109249
60684
117533
66934
112552
6942
64957
6539
1732
5608
35836
6218
56367
6350
34321
111251
8928
93040
109374
118880
118700
112515
1079
31878
5971
117176
112183
112290
112852
116161
8961
115569
114662
111622
114342
116797
112556
5299
8874
46578
3809
111624
1265
608
44555
44199
924
2019
47423
41863
48516
48738
48696
45028
45210
46723
47629
48774
49824
49917
5902
3260
3978
8795
4993
47099
4973
7153
5952
