4103
5198
1957
3111
1273
5747
3679
8128
1211
4326
1197
1172
4262
3811
2028
47629
41863
45028
46723
47423
45210
48696
49824
48738
49917
48516
48774
2959
4993
8795
3629
1283
7243
3022
541
954
8125
5952
7153
35836
7844
2502
2924
7090
3996
5608
2019
293
1704
2677
2330
588
306
364
319
1245
3246
2936
7022
3265
1729
778
44555
593
4121
1042
1120
1200
1610
858
4226
1265
50
26614
47099
31878
260
2571
47
68358
1219
79132
2542
60072
4995
215
1258
41997
52281
65514
7155
2529
3793
1079
5299
48780
46578
44199
132046
48394
4973
74458
2068
62849
3703
1732
3809
3978
3260
5902
2396
608
2174
296
34321
8874
1089
26585
118997
27773
52973
1103
350
4041
63131
115617
27611
39421
7161
5782
135518
5971
4890
6863
2288
3707
46970
1176
4018
2361
2942
56367
64969
109374
94777
27592
70286
6350
111624
60684
3751
55820
72998
55247
924
37733
3882
109249
107649
109487
3949
107999
88125
68157
111
66934
112552
8928
78349
68319
1210
1088
8861
53318
2692
130682
1997
134853
122886
66097
6539
44191
106473
1061
8369
1900
3676
5449
2359
106918
6857
68954
2641
3257
8636
6953
6281
3275
3300
5812
5481
5377
5135
4823
4701
80551
6986
117533
8533
47465
5909
4911
3176
5984
4467
2968
1199
8623
150
100365
45950
37729
35957
34162
32892
7478
146501
1955
45720
4388
1
1131
2082
104841
8972
7458
5445
52319
121231
6016
40148
27255
4369
6683
4612
4189
77455
78499
4322
48711
64957
4641
5507
4351
31658
93040
95441
97938
82461
914
54290
40614
247
5618
3030
1256
7361
6985
3546
5662
6287
6713
8188
47640
104283
6754
8865
741
8961
26554
2997
4721
7376
31221
32025
1274
232
36401
318
78209
3948
76251
8528
8464
104
26662
30745
52885
3301
58559
1801
1954
1956
69526
2004
27904
2085
2369
7373
5219
2700
3052
3113
3114
4069
3361
3785
3893
4016
69712
1639
1635
357
67997
5
186
236
246
300
337
71057
377
1376
520
529
628
661
904
1059
1242
1358
757
599
946
96811
98154
97923
97921
97752
97673
97304
96832
96728
94959
96610
96588
96417
95761
95558
95449
95135
98961
99114
99149
101285
106920
106916
106766
106100
105355
105197
103688
103624
103449
103372
103107
102469
102194
101895
101525
94969
94931
107636
80489
82459
1153
81932
81845
81786
81591
81562
80463
91077
79242
78653
78574
78039
74545
74324
73023
82463
83976
85394
86320
90866
90531
90439
90376
90057
89804
89759
89492
89470
89260
88810
88235
88129
87304
86833
107141
110871
72720
139642
144172
143385
142488
141749
140725
140715
140174
139385
132547
137337
134881
134859
134130
133771
133645
132800
146656
148482
148626
155064
111931
111384
82152
66203
47044
138610
164979
164977
163949
163056
161582
161336
160954
158783
156387
132549
132458
111249
112556
115139
114662
114459
114342
114254
113064
112852
112550
131796
112515
112290
112183
112070
111622
111505
111251
115569
115713
116161
116797
128606
128512
128360
128235
127212
127206
127144
127114
127108
123695
123663
122882
118880
118700
117176
72741
82313
72395
53123
8766
8765
8751
8645
8584
8494
8236
8207
8195
8154
7926
7792
7438
7335
7195
6983
6981
6874
6830
8767
25805
25927
41585
52967
72226
52241
51540
50068
47274
46664
42217
40819
26150
40629
39183
38304
37741
34517
31770
26366
26151
6783
6643
6515
2178
3089
2927
2920
2857
2747
2730
2202
2182
2109
3415
1942
1935
1572
1281
1272
1260
1232
1209
3384
3498
6433
4763
6229
5956
5795
5791
5464
5289
5169
4928
4712
3539
4437
4327
3947
3789
3742
3671
3634
3632
53000
52579
55276
56788
55118
55253
55269
55280
55363
55442
55946
56015
56152
56286
56607
56782
56805
55052
66665
67087
67255
67665
69481
70293
71108
71464
71745
72011
72131
72176
55069
339
53894
53953
54272
54286
54513
54881
1028
106696
105504
34405
6942
1250
33794
69640
4306
1259
6218
4011
61024
63992
59725
2424
61240
61236
1036
5064
67429
64839
55063
64701
64622
64620
64614
1080
63082
1517
61357
61323
63876
58879
60766
58191
57669
60069
745
3994
1721
5349
2985
2600
494
2989
434
2329
3160
153
3916
780
4023
7347
2273
3499
1617
5602
4638
4223
3175
8781
2012
1291
587
