26366
2178
4712
4437
3384
3947
3498
1272
3671
8207
1639
4928
2109
6229
1259
904
47274
7792
2542
2730
3949
4993
8795
38304
37741
39183
40629
40819
5952
7153
40148
26614
50
8636
2924
608
3996
7844
7090
3793
34405
4011
3499
8781
7347
5602
4638
4223
4023
3916
2329
2600
3160
153
434
494
780
1617
2273
2985
3175
2989
27773
2019
1089
1103
350
52973
4041
293
3265
7022
778
1729
44199
1042
858
1610
1120
1200
593
4121
1079
31878
111384
1036
65514
745
3809
62849
1291
5064
55820
296
3030
2288
37733
3882
1732
4973
924
5902
3978
3260
6218
70286
94777
27592
8928
109249
2571
260
111
4103
1211
1273
3811
4326
1197
3679
2997
4262
1957
3113
2700
3785
5747
5198
8128
3111
1172
33794
1059
46578
1210
109374
1061
2959
247
5782
7361
26554
1258
132046
93040
2361
318
27611
135518
68157
109487
2068
122886
107999
68319
134853
3703
3994
115617
72998
2004
2012
4322
1956
1088
1954
1997
1801
78499
77455
2085
1028
5135
2942
60072
7155
5984
3707
3176
1242
1250
64969
1358
1376
1635
63131
59725
45720
8533
6942
6863
6016
47099
4641
88125
4016
68954
4306
4351
4369
6953
2369
628
4701
4823
4890
5812
5481
107649
106473
3676
3893
5449
3751
55247
106918
3361
8369
78349
1900
3114
117533
1
5377
2396
661
5299
587
8972
104841
2082
80551
2359
2641
3257
3275
3300
3301
4069
5219
5507
7373
8861
27904
48394
63992
66097
66934
69526
69712
71057
46970
47640
6985
44555
5618
69640
7458
82461
5445
1955
7478
32892
34162
35957
37729
45950
100365
150
2174
8623
111624
130682
4911
5909
47465
4388
1131
64957
48711
4189
4612
6683
6986
27255
121231
52319
5971
104283
529
26662
56367
68358
95441
97938
106696
118997
54290
1080
1256
3546
5662
6287
6713
8188
30745
31658
52885
58559
67997
5
186
215
246
300
337
357
520
34321
8464
6754
7161
8865
36401
104
2502
8528
61024
76251
78209
741
1274
6350
6539
6857
8874
8961
26585
1721
4721
7376
31221
32025
35836
232
1176
1265
4018
53318
39421
599
306
97752
97304
96832
96811
96728
96610
96588
96417
95761
95558
95449
95135
94969
94959
94931
91077
90866
90531
97673
97921
71108
97923
105504
105355
105197
103688
103624
103449
103372
103107
102469
102194
101895
101525
101285
99149
99114
98961
98154
90439
90376
90057
89804
80489
80463
79242
78653
78574
78039
74545
74324
73023
72741
72720
72395
72226
319
72131
72011
71745
81562
81591
81786
87304
89759
89492
89470
89260
88810
88235
88129
86833
81845
86320
85394
83976
82463
82459
82313
81932
106100
106766
106916
128606
142488
141749
140725
140715
140174
139642
139385
137337
134881
134859
134130
133771
133645
132800
132549
132547
132458
143385
144172
146656
163949
111931
82152
66203
47044
138610
164979
164977
163056
148482
161582
161336
160954
158783
156387
155064
148626
131796
128512
106920
128360
114254
113064
112852
112556
112552
112550
112515
112290
112183
112070
111622
111505
111251
111249
110871
107636
107141
114342
114459
114662
123663
128235
127212
127206
127144
127114
127108
123695
122882
115139
118880
118700
117176
116797
116161
115713
115569
71464
72176
8767
5464
8154
7926
7438
7335
7195
6983
6981
6874
6830
6783
6643
6515
6433
5956
5795
8195
8236
8494
26150
41997
41863
41585
34517
31770
26151
25927
8584
25805
70293
8766
8765
8751
8645
5791
5289
45028
5169
1942
1935
1572
1281
1260
1245
1232
1209
1153
946
914
757
146501
588
364
2182
2202
2330
3539
4763
4327
3789
3742
3634
3632
3415
2677
3246
3089
2927
2920
2857
2747
42217
339
45210
55052
55069
64622
64620
55118
55253
55269
64614
63876
55276
55280
55363
55442
55946
63082
46664
56015
56152
56286
56607
61357
56782
56788
56805
57669
61323
61240
61236
60766
60069
55063
54881
58191
54513
46723
47423
69481
47629
48516
48696
48738
67665
48774
49824
49917
50068
51540
67429
67255
67087
52241
52281
52579
52967
53000
53123
66665
53894
53953
54272
64839
64701
54286
58879
47
1704
5608
60684
4995
79132
2692
2529
2424
48780
44191
2968
2028
74458
3629
1283
7243
4467
1219
2936
40614
4226
5349
3022
1199
954
8125
3052
236
541
1517
6281
377
3948
