101525
96728
98154
97923
97921
99149
97752
97304
96811
98961
99114
96588
95558
95449
95135
94959
94931
96610
96832
608
5135
2641
2028
109374
37741
38304
39183
40629
40819
55069
55442
2936
3809
1283
7243
3629
54881
54513
55276
54286
54272
55118
53894
53123
55253
53000
52967
55269
55052
52241
51540
56152
56286
56607
56782
56788
56805
52281
41997
78499
318
599
4973
1103
350
4041
52973
6985
55820
97938
8494
103688
103449
96417
95761
132547
5956
6953
300
6983
2202
1942
1256
946
3632
3089
2927
1935
8961
232
111251
1
3022
541
954
8125
61236
61240
44555
2920
3361
3260
3978
924
5902
364
3246
319
2330
2677
306
588
1245
1281
93040
80463
81845
81562
80489
81932
74545
79242
78574
78039
74324
67255
82463
82459
81591
56367
46664
25927
6874
8645
55280
50068
5464
5791
7438
6981
1232
25805
26150
26151
8195
1572
6783
6643
6433
42217
3415
3742
48394
1079
1219
1704
1265
914
1209
3789
2857
8154
4327
55363
7153
5952
109249
3634
1956
58879
60766
60069
61357
58191
57669
63082
1955
61323
55063
63876
64839
1080
337
357
67429
3751
904
64701
64622
64620
64614
1131
3546
1028
260
5608
111624
37733
3882
8928
89260
89470
90057
83976
91077
90376
90531
89804
89759
89492
90439
90866
85394
86320
86833
87304
88129
88235
88810
215
117533
7373
134853
55247
81786
68319
77455
46578
1061
64957
74458
5377
68954
41863
48696
45028
45210
46723
47423
47629
48516
48738
48774
49824
49917
2997
33794
79132
114342
116161
112290
112556
111622
117176
116797
112183
115569
112852
114662
5782
5971
111384
61024
112515
118700
118880
121231
7361
26554
115617
4018
106696
47099
4995
2959
1176
8874
1210
4226
60684
2019
118997
66934
132046
3703
6539
122886
107999
27611
109487
135518
70286
72998
114254
111505
7926
94969
53953
113064
52579
128512
132800
161336
133771
114459
757
101285
110871
111249
127206
112550
4763
102469
2571
6350
134859
122882
67665
27773
158783
68358
107636
112070
95441
26662
26614
8464
106920
3948
115139
115713
123663
50
32025
31221
107141
160954
106916
106766
31658
52885
58559
5
186
103372
236
246
103107
102194
101895
377
137337
529
628
30745
27592
8188
1089
54290
40614
4721
247
106100
105504
105355
6713
105197
1729
2288
103624
5662
6287
7376
8795
123695
66097
71057
69712
69526
140174
68157
140715
140725
127108
141749
142488
34405
27904
143385
144172
47640
139642
139385
78209
76251
133645
8528
2502
134130
104
36401
8865
6754
104283
82461
134881
5618
5507
5219
4069
132458
26585
127114
127144
52319
127212
156387
6857
128235
128360
128606
4993
5445
131796
7458
1274
146656
132549
741
8972
69640
104841
2082
80551
155064
148626
3257
3275
3300
3301
148482
661
520
1059
1153
55946
4612
146501
41585
34517
31770
4189
4388
48711
164979
138610
8767
8766
1260
56015
53318
5984
3176
45720
8533
6683
6986
66665
4322
67087
1242
69481
40148
70293
71108
2542
47044
8765
71464
100365
82152
5289
8623
150
3539
5169
45950
8751
37729
35957
34162
32892
7478
111931
66203
5795
6515
6830
7195
2747
1199
7335
2968
2182
4467
4911
5909
47465
296
8236
8584
778
60072
71745
8636
78653
3785
3893
73023
4016
72741
4306
4351
4369
4641
4701
4823
72720
5349
72395
5812
6281
82313
3114
3113
161582
1250
1259
1358
1376
1517
1639
1801
97673
3052
2004
2012
163056
163949
164977
2692
2700
72226
5481
3030
1900
72011
8369
78349
5449
3676
106473
106918
44191
72131
72176
88125
27255
63992
34321
2424
67997
1721
2359
6016
1635
47
2068
64969
94777
112552
46970
63131
130682
6942
6863
62849
107649
48780
35836
8861
31878
59725
65514
5299
1732
3707
4890
7161
7022
3265
39421
7155
1997
2174
339
7844
2924
7090
2085
3996
2396
2529
1088
111
293
2730
1258
4103
4262
3811
5198
3111
1172
1197
3679
1273
1957
8128
5747
1211
4326
3793
6218
47274
3498
26366
8207
2109
2178
7792
3384
6229
4928
4712
3947
4437
1272
3671
3949
2369
587
1954
2942
5064
1291
1610
4121
858
1120
1200
1042
593
4011
745
2361
3994
1036
44199
1617
434
4023
494
4223
4638
5602
7347
8781
3916
2273
3499
780
3175
3160
2989
2985
2600
2329
153
