1200
4121
1610
1120
1042
858
593
3793
2396
111
4890
2361
1258
1732
2012
1954
1956
1639
1635
1517
1376
2004
1358
1259
1250
1801
135518
2085
2369
1059
2692
3052
3113
3260
3361
3751
3785
3893
3978
4016
4041
4306
1242
661
904
27773
8188
6713
6287
5662
3546
2529
2288
1729
1256
1219
1089
1080
1079
247
40614
54290
134853
27592
30745
4369
31658
628
587
529
520
377
357
350
337
300
246
236
215
186
5
67997
58559
52885
4351
4823
4641
1088
364
319
306
53318
39421
7155
5984
3707
3176
64969
63131
59725
45720
8533
6942
6863
2942
541
588
146501
1232
1572
1283
1281
1273
1272
1260
1245
1211
757
1209
1197
1172
1153
954
946
914
1997
1028
4701
4322
5449
3676
44191
3703
107649
88125
68954
65514
8636
6953
6281
5812
5481
5377
5349
5135
115617
55247
106918
8369
5608
78499
77455
62849
60072
47099
40148
6016
2959
70286
2542
778
1
117533
1900
94777
78349
118997
95441
109374
1061
3809
3301
3300
3275
3257
2641
2359
80551
4069
2082
104841
69640
8972
7458
5445
608
3882
5219
109249
63992
71057
69712
69526
68319
68157
66934
66097
60684
5507
48394
37733
34405
27904
8928
8861
7373
52319
121231
109487
2174
4467
2968
1199
130682
111624
107999
8623
100365
79132
45950
37729
35957
34162
32892
7478
1955
4911
5909
47465
296
48780
4995
4226
1704
260
27255
6986
6683
4612
4189
48711
74458
64957
1131
4388
46970
47640
6985
32025
1210
1176
318
232
50
47
35836
31221
8874
7376
4721
122886
1721
33794
31878
26585
1265
2068
3948
4018
106696
97938
1942
72998
68358
56367
46578
34321
27611
26662
26614
8464
7161
5299
4973
8961
8795
44555
36401
61024
55820
52973
8528
2502
1103
104
8865
7844
6754
132046
104283
82461
5971
5618
3030
76251
78209
741
924
7153
7090
7022
6857
6539
6350
5952
5902
4993
3996
3265
2924
2571
2019
1274
1935
599
1957
90531
97752
97673
97304
96832
96811
96728
96610
96588
96417
95761
95558
95449
95135
94969
94959
94931
91077
97921
97923
98154
103372
106100
105504
105355
105197
103688
103624
103449
103107
98961
102469
102194
101895
101525
101285
99149
99114
90866
90439
106916
90376
81591
81562
2028
80463
79242
78653
78574
78039
74545
74324
73023
72741
72720
72395
72226
72176
72131
81786
81845
81932
88235
90057
89804
89759
89492
89470
89260
88810
88129
82313
87304
86833
86320
85394
83976
82463
82459
106766
106920
71745
131796
143385
142488
141749
140725
140715
140174
139642
139385
137337
134881
134859
134130
133771
133645
132800
132549
132547
144172
146656
148482
164977
111931
111384
82152
66203
47044
138610
164979
163949
148626
163056
161582
161336
160954
158783
156387
155064
132458
128606
107141
128512
114342
114254
113064
112852
112556
112552
112550
112515
112290
112183
112070
111622
111505
111251
111249
110871
107636
114459
114662
115139
123695
128360
128235
127212
127206
127144
127114
127108
123663
115569
122882
118880
118700
117176
116797
116161
115713
72011
80489
71464
6515
8751
8645
8584
8494
8236
8207
8195
8154
8128
8125
7926
7792
7438
7335
7243
7195
6983
6981
6874
6830
6783
8765
8766
8767
40819
47274
46723
46664
45210
45028
42217
41997
41863
41585
40629
25805
39183
38304
37741
34517
31770
26366
26151
26150
25927
6643
6433
47629
6229
3629
3539
3498
3415
3384
3246
3111
3089
3022
2936
2927
2920
2857
2747
2730
2677
2330
2202
2182
2178
2109
3632
3634
3671
4763
5956
5795
5791
5747
5464
5289
5198
5169
4928
4712
3679
4437
4327
4326
4262
4103
3947
3811
3789
3742
71108
47423
54272
55280
56788
56782
56607
56286
56152
56015
55946
55442
55363
55276
57669
55269
55253
55118
55069
55063
55052
54881
54513
54286
56805
58191
53894
64622
70293
69481
67665
67429
67255
67087
66665
64839
64701
64620
58879
64614
63876
63082
61357
61323
61240
61236
60766
60069
53953
339
48696
52241
49824
48774
51540
48738
53123
48516
49917
50068
52281
53000
52579
52967
293
6218
3949
4011
1291
5064
3994
1036
2424
44199
106473
1617
3175
2329
780
494
434
2273
153
4638
7347
2985
2989
3160
3499
3916
4023
4223
2600
5602
8781
150
93040
7361
26554
5782
745
3114
2700
2997
