2330
588
3246
1245
306
319
364
2677
1210
260
2028
215
1704
608
1
1721
661
78499
350
4041
1103
52973
293
745
3114
4995
134853
3809
5608
106473
59725
55820
132046
2424
1250
37733
3882
115617
6942
1079
4973
122886
109249
63992
70286
2959
1219
79132
107999
72998
8928
1176
27611
4226
46578
109374
109487
1120
1610
1042
858
593
4121
1200
68319
3949
2571
135518
1732
3703
34405
94777
2019
47
2068
3793
1258
3113
3052
3260
2396
2692
2700
246
236
186
5
67997
58559
52885
31658
6713
300
8188
27773
27592
30745
337
2369
2085
3751
628
904
1059
1242
587
529
1259
1358
1376
1517
520
377
1635
1639
1801
357
1954
1956
2004
2012
3361
4890
3785
1997
64969
63131
45720
8533
6863
2942
1088
6016
1028
4322
77455
62849
60072
47099
3176
3707
5984
7155
39421
53318
541
146501
757
914
946
954
1153
1172
1197
1209
1211
40148
2542
3893
4823
5812
5481
5377
5349
5135
5662
4701
778
4641
4369
4351
4306
4016
3978
6281
6953
8636
65514
68954
88125
107649
44191
3676
5449
55247
106918
8369
78349
1900
2361
117533
6287
34321
3546
2641
5219
4069
3301
3300
3275
3257
2359
7373
1061
80551
2082
104841
69640
8972
5507
8861
2529
71057
3030
44555
7361
6985
47640
46970
69712
27904
69526
68157
66934
66097
60684
48394
7458
5445
52319
100365
1199
130682
111624
8623
2174
150
45950
121231
37729
35957
34162
32892
7478
1955
2968
4467
4911
5909
47465
296
4388
1131
64957
74458
48711
4189
4612
6683
6986
27255
48780
5618
5971
82461
1265
26614
8464
7161
5299
4018
3948
318
33794
232
50
35836
32025
31221
7376
26662
56367
68358
93040
95441
97938
106696
118997
54290
40614
111
247
1080
1089
1256
1729
2288
4721
31878
104283
76251
2997
2924
1274
924
741
78209
61024
26585
8528
2502
104
36401
8865
6754
3265
3996
4993
5782
5902
5952
6350
6539
6857
7022
7090
7153
7844
8795
8874
8961
26554
1232
599
1260
97921
97673
97304
96832
96811
96728
96610
96588
96417
95761
95558
95449
95135
94969
94959
94931
91077
90866
97752
97923
71464
98154
106100
105504
105355
105197
103688
103624
103449
103372
103107
102469
102194
101895
101525
101285
99149
99114
98961
90531
90439
90376
90057
81562
80489
80463
79242
78653
1272
78039
74545
74324
73023
72741
72720
72395
72226
72176
72131
72011
81591
81786
81845
88129
89804
89759
89492
89470
89260
88810
88235
87304
81932
86833
86320
85394
83976
82463
82459
82313
106766
106916
106920
131796
143385
142488
141749
140725
140715
140174
139642
139385
137337
134881
134859
134130
133771
133645
132800
132549
132547
144172
146656
148482
164977
111931
111384
82152
66203
47044
138610
164979
163949
148626
163056
161582
161336
160954
158783
156387
155064
132458
128606
107141
128512
114342
114254
113064
112852
112556
112552
112550
112515
112290
112183
112070
111622
111505
111251
111249
110871
107636
114459
114662
115139
123695
128360
128235
127212
127206
127144
127114
127108
123663
115569
122882
118880
118700
117176
116797
116161
115713
71745
78574
71108
7195
8195
8154
8128
8125
7926
7792
7438
7335
7243
6983
8236
6981
6874
6830
6783
6643
6515
6433
6229
5956
8207
8494
5791
31770
41997
41863
41585
40819
40629
39183
38304
37741
34517
26366
8584
26151
26150
25927
25805
8767
8766
8765
8751
8645
5795
5747
70293
2202
3111
3089
3022
2936
2927
2920
2857
2747
2730
2182
3415
2178
2109
1957
1942
1935
1572
1283
1281
1273
3384
3498
5464
4262
5289
5198
5169
4928
4763
4712
4437
4327
4326
4103
3539
3947
3811
3789
3742
3679
3671
3634
3632
3629
42217
45028
45210
55276
56782
56607
56286
56152
56015
55946
55442
55363
55280
55269
56805
55253
55118
55069
55063
55052
54881
54513
54286
54272
56788
57669
46664
64620
69481
67665
67429
67255
67087
66665
64839
64701
64622
64614
58191
63876
63082
61357
61323
61240
61236
60766
60069
58879
53953
53894
53123
52281
46723
47274
47423
47629
48516
48696
48738
48774
49824
49917
50068
51540
52241
53000
339
52579
52967
6218
4011
5064
1291
3994
1036
44199
4223
153
5602
7347
8781
434
494
4638
3499
780
3175
4023
1617
2273
3916
2600
2985
2989
3160
2329
