1088
2942
6863
1028
364
2677
319
1245
306
588
2330
3246
6942
59725
4973
4306
63992
6539
6218
7155
64957
215
2692
64614
64622
60766
60069
58879
58191
57669
63082
63876
64620
61323
64701
67429
55063
61357
64839
63131
5299
111624
64969
45720
39421
1265
118997
2174
2068
94777
106696
112552
35836
3707
69640
34321
6016
7161
54881
52967
53000
8961
53123
53894
51540
54272
3948
54286
54513
52241
56805
55052
55118
55253
55269
55276
661
56152
56286
56607
56782
56788
3793
2571
6350
7458
2359
293
46970
608
61024
1079
3809
8874
109249
115617
778
1729
56367
4226
1610
4121
1120
1200
1042
858
593
31878
109374
1721
5971
67997
132046
66934
2959
79132
135518
55820
109487
8928
2529
1089
2542
2028
46578
68157
105504
62849
27611
55247
296
4995
70286
72998
232
106473
1210
61236
61240
260
1
78499
134853
4322
3176
5135
5377
60072
5481
47099
40148
4890
77455
4016
5812
529
1260
1232
1211
1209
1197
1172
1153
946
914
757
357
146501
5984
6953
377
520
4823
6281
1059
587
2369
2004
2012
2085
8369
106918
88125
5449
3676
2396
628
44191
2700
3052
3113
3361
3785
107649
3893
4351
1956
1954
1801
117533
1900
904
4041
1242
1250
1259
65514
1358
1376
4701
1517
1635
1639
4641
350
4369
8636
3546
337
5219
104841
2082
80551
1061
2641
3257
3275
3300
3301
3882
4069
5507
5445
7373
8861
27904
34405
37733
60684
66097
68319
69526
69712
71057
8972
52319
6985
2968
1955
7478
32892
34162
35957
37729
45950
100365
8623
107999
1199
4467
121231
4911
5909
47465
4388
1131
48711
4189
4612
6683
6986
27255
47640
44555
300
1256
1176
8464
26614
26662
68358
95441
97938
54290
40614
247
1080
1273
50
5662
6287
6713
8188
30745
31658
52885
58559
5
186
246
318
32025
3030
76251
5618
82461
104283
6754
8865
36401
104
1103
2502
8528
52973
78209
31221
741
1274
2924
3996
6857
7090
7844
33794
122886
4721
7376
1272
599
1281
97304
99114
98961
98154
97923
97921
97752
97673
96832
73023
96811
96728
96610
96588
96417
95761
95558
99149
101285
101525
101895
107636
107141
106920
106916
106766
106100
105355
105197
103688
103624
103449
103372
103107
102469
102194
95449
95135
94969
85394
82463
82459
82313
81932
81845
81786
81591
81562
80489
80463
79242
78653
78574
78039
74545
83976
86320
94959
86833
94931
91077
90866
90531
90439
90376
90057
89804
89759
89492
89470
89260
88235
88129
87304
110871
111249
111251
148482
144172
143385
142488
141749
140725
140715
140174
139642
139385
137337
134881
134859
134130
133771
133645
146656
148626
132549
155064
111931
111384
82152
66203
47044
138610
164979
164977
163949
163056
161582
161336
160954
158783
156387
132800
132547
111505
116161
115569
115139
114662
114459
114342
114254
113064
112852
112556
112550
112515
112290
112183
112070
111622
115713
116797
132458
117176
131796
128606
128512
128360
128235
127212
127206
127144
127114
127108
123695
123663
122882
118880
118700
74324
88810
72741
6830
8128
7926
7792
7335
7195
6983
6981
6783
40629
6643
6515
6433
6229
5956
5795
5747
8154
8195
8207
8236
38304
37741
34517
31770
26366
26151
26150
25927
25805
8767
8766
8765
8751
8584
8494
5289
5198
5169
3415
3111
3089
2927
2920
2857
2747
2730
2202
2182
2178
2109
1957
1942
1935
1572
3384
3498
4928
3539
4763
4712
4437
4327
4326
4262
4103
3947
3811
3789
3742
3679
3671
3634
3632
39183
339
67255
41585
67665
41863
49917
42217
45028
67087
45210
66665
56015
55946
46664
46723
47274
47423
47629
48516
48696
53953
52579
48738
48774
69481
49824
71108
72720
72011
40819
71745
71464
70293
72395
72226
72176
72131
48780
1704
27773
1219
236
5608
4011
4018
1732
3114
150
2936
68954
745
55069
55442
5064
1291
53318
93040
3949
2424
27592
74458
3022
541
8125
954
3994
78349
130682
3703
111
44199
2288
47
55363
48394
924
26554
153
2985
3175
2989
8781
7347
3499
434
494
5602
780
4638
4223
4023
3916
1617
2273
2329
2600
3160
8645
5464
50068
5791
6874
55280
7438
5349
1283
7243
3629
2361
3260
5902
3978
3751
41997
52281
2997
3265
7022
8533
26585
1036
1258
1997
7361
2019
5782
5952
7153
4993
8795
