5952
7153
8795
4993
2019
5902
3260
3978
924
5349
2571
132046
1291
27611
135518
70286
1210
109487
72998
8781
494
780
1617
434
2273
2329
2989
3160
5602
4638
4223
4023
3916
3499
2600
2985
3175
7347
153
260
44199
1036
745
5064
3949
79132
6218
31658
30745
27592
52885
8188
58559
6713
6287
1956
3546
5662
5
2288
2004
2012
2085
1729
2369
1256
2396
1219
67997
904
1954
186
1242
661
1250
628
1259
1376
1517
587
529
1635
520
377
1639
357
350
337
300
246
1801
236
1059
1358
3113
2692
6942
39421
7155
5984
3707
3176
59725
45720
8533
2942
2700
1997
1088
4322
78499
77455
60072
47099
40148
53318
146501
757
914
2178
2109
1957
1942
1935
1572
1281
1273
1272
1260
1232
1211
1209
1197
1172
1153
946
6016
5608
2542
5812
5135
4890
4823
4701
4641
4369
4351
4306
4041
4016
3893
3785
3751
3361
3114
1080
3052
5481
6281
778
6953
1
117533
2361
1900
78349
8369
106918
55247
5449
3676
106473
44191
107649
88125
68954
65514
8636
1089
318
1079
1732
3301
3300
3275
3257
2641
2359
1061
247
80551
2082
104841
8972
7458
608
3809
3882
4069
5219
5507
7373
8928
27904
34405
37733
60684
63992
66097
68157
68319
69526
69712
52319
121231
1704
1199
1955
7478
32892
34162
35957
37729
45950
100365
150
2174
8623
107999
111624
130682
2968
1258
4467
4911
5909
47465
296
4388
1131
64957
48711
4189
4612
6683
6986
27255
71057
47640
6985
2202
7022
7090
7844
8961
26554
26585
33794
1721
122886
4721
7376
31221
32025
50
1176
5782
2424
8464
26614
26662
46578
68358
93040
95441
97938
109249
109374
134853
54290
111
6857
3996
7361
55820
44555
3030
5618
5971
82461
104283
6754
8865
36401
104
1103
2502
8528
52973
61024
3265
76251
78209
593
858
1042
1120
1200
1610
3793
4121
741
1274
2924
2997
2182
599
339
128512
81786
81591
81562
128360
80489
80463
79242
78653
72720
78574
78039
74545
74324
73023
72741
128606
81845
81932
82313
128235
89804
89759
89492
89470
89260
88810
88235
88129
87304
86833
86320
85394
83976
82463
82459
131796
132458
90376
64622
67087
134881
66665
64839
137337
139385
64701
139642
72395
64620
64614
63876
63082
61357
61323
123663
67255
67429
67665
69481
72226
72176
132547
132549
72131
132800
133645
133771
134130
72011
71745
71464
71108
134859
70293
90057
90439
60766
111249
112515
112290
112183
112070
111622
111505
111251
110871
105197
107636
107141
106920
106916
106766
106100
127114
112550
112552
112556
112852
118880
118700
117176
116797
116161
115713
123695
115569
115139
114662
114459
127108
114342
114254
113064
105355
103688
90531
95449
96811
96728
96610
96588
96417
95761
95558
95135
103624
94969
127206
127212
94959
94931
91077
90866
96832
97304
97673
97752
103449
103372
103107
102469
127144
102194
101895
101525
101285
99149
99114
98961
98154
97923
97921
61236
61240
140174
5791
6643
6515
6433
6229
5956
155064
5795
5747
158783
156387
5464
5289
5198
5169
4928
4763
148626
6783
6830
6874
60069
8207
144172
8195
8154
8128
146656
7926
7792
7438
7335
148482
7195
6983
6981
4712
4437
8584
3089
3498
138610
3415
3384
47044
3111
66203
82152
4327
111384
2927
111931
2920
2857
2747
2730
3539
164979
3632
3634
4326
4262
4103
3947
160954
161336
161582
163056
163949
3811
3789
3742
3679
164977
3671
8494
8236
8645
54272
55118
55069
55063
55052
54881
54513
54286
53953
51540
53894
53123
53000
52967
52579
141749
52241
55253
55269
55276
55280
58879
58191
57669
56805
56788
140715
56782
56607
56286
56152
56015
55946
55442
140725
55363
8751
122882
50068
49917
40629
39183
38304
37741
34517
31770
26366
26151
26150
25927
25805
143385
8767
8766
8765
40819
41585
46723
49824
48696
48516
47629
47423
47274
48774
46664
45210
45028
42217
142488
41863
48738
66934
6863
4018
6350
64969
56367
94777
46970
4973
115617
7161
1265
1028
63131
31878
35836
118997
2068
8874
34321
293
106696
105504
5299
48394
215
2936
41997
52281
1245
306
364
319
588
2677
3246
2330
8125
954
541
3022
69640
3994
3629
7243
1283
40614
2028
6539
47
27773
4995
232
4226
62849
74458
3703
48780
2959
4011
8861
3948
5445
5377
2529
