1042
593
1610
858
1200
4121
1120
3793
4638
4223
2985
2989
780
3160
3175
5602
3499
2273
3916
8781
7347
2329
2600
494
1617
153
434
4023
260
2571
1954
1376
44199
4011
1036
541
954
2028
8125
3022
3994
3629
7243
1283
745
132046
5064
1291
2936
3949
293
1956
1721
2529
5902
529
1259
3260
3978
608
318
150
79132
6218
27611
4041
52973
350
1103
7153
5952
924
1210
135518
2424
319
3246
2677
2330
1245
306
588
364
70286
72998
41997
52281
3114
3809
3703
59725
55820
109487
8861
2959
3361
37733
3882
109249
48780
2019
215
6942
1079
48394
4973
62849
2068
4226
63992
27773
74458
8928
122886
4995
107999
111384
46578
109374
121231
47
1061
134853
115617
1732
2012
4351
3893
5909
1059
904
4016
130682
661
4306
587
4369
628
3785
4612
4641
520
4701
377
4823
296
1250
3751
1635
2004
2369
4890
2692
2700
64957
1801
1639
1517
1242
3052
3113
48711
1131
1358
4388
4189
2085
2396
65514
5135
40148
60072
100365
45950
77455
78499
4322
37729
1028
1088
1997
2942
35957
6863
8533
45720
34162
63131
64969
3176
3707
5984
32892
7155
39421
53318
7478
1955
47099
6016
5349
5608
5377
5481
5812
6281
6953
8636
6683
68954
88125
107649
44191
106473
3676
5449
55247
106918
8369
78349
94777
111624
1900
117533
1
778
2542
8623
2174
357
6754
337
7458
3301
3300
3275
3257
2359
80551
2082
104841
69640
741
8972
1274
2924
8795
2997
3265
3996
4993
5782
5445
52319
6350
6539
6857
7022
7090
4069
5219
5507
27904
36401
104
104283
2502
8528
82461
61024
76251
78209
5971
5618
3030
44555
7361
6985
47640
46970
71057
69712
69526
68157
66934
66097
60684
34405
7844
8874
300
5662
118997
54290
40614
247
1080
1089
1219
1256
1729
2288
6986
3546
6287
8961
6713
8188
8865
30745
31658
52885
58559
67997
5
186
236
246
106696
97938
95441
93040
26554
26585
31878
33794
4721
7376
31221
32025
35836
50
232
1176
1265
1704
3948
4018
5299
7161
8464
26614
26662
27255
34321
56367
68358
27592
599
146501
97673
96832
96811
96728
96610
96588
96417
95761
95558
95449
95135
94969
94959
94931
91077
90866
90531
90439
97304
97752
106100
97921
105355
105197
103688
103624
103449
103372
103107
102469
102194
101895
101525
101285
99149
99114
98961
98154
97923
90376
90057
89804
89759
80463
79242
78653
78574
78039
74545
74324
73023
72741
72720
72395
72226
72176
72131
757
71745
71464
80489
81562
81591
86833
89492
89470
89260
88810
88235
88129
87304
86320
81786
85394
83976
82463
82459
82313
81932
81845
105504
106766
70293
143385
141749
140725
140715
140174
139642
139385
137337
134881
134859
134130
133771
133645
132800
132549
132547
132458
131796
142488
144172
106916
146656
111931
82152
66203
47044
138610
164979
164977
163949
163056
161582
161336
160954
158783
156387
155064
148626
148482
128606
128512
128360
128235
113064
112852
112556
112552
112550
112515
112290
112183
112070
111622
111505
111251
111249
110871
107636
107141
106920
114254
114342
114459
122882
127212
127206
127144
127114
127108
123695
123663
118880
114662
118700
117176
116797
116161
115713
115569
115139
71108
72011
69481
6783
6515
6433
6229
5956
5795
5791
5747
5464
5289
5198
5169
4928
4763
4712
4437
4327
4326
6643
6830
8767
6874
8765
8751
8645
67665
8494
8236
8207
8195
8154
8128
7926
7792
7438
7335
7195
6983
6981
4262
4103
3947
3811
2109
1957
1942
1935
1572
1281
1273
1272
1260
1232
1211
1209
1197
1172
1153
946
914
2178
2182
2202
3498
3789
3742
3679
3671
3634
3632
3539
3415
2730
3384
3111
3089
2927
2920
2857
2747
8766
8584
25805
57669
56788
56782
56607
56286
56152
56015
55946
55442
55363
55280
55276
55269
55253
55118
55069
25927
55052
56805
58191
54513
58879
67429
67255
67087
66665
64839
64701
64622
64620
64614
63876
63082
61357
61323
61240
61236
60766
60069
54881
55063
54286
40819
54272
46723
46664
45210
45028
42217
41863
41585
40629
47629
39183
38304
37741
34517
31770
26366
26151
26150
47423
47274
48516
48696
53953
53894
53123
53000
52967
52579
52241
51540
50068
49917
49824
48774
48738
339
1258
2361
1199
68319
4467
4911
47465
7373
2968
111
2641
