2273
3499
3160
2989
2985
2600
2329
3916
1617
153
4023
434
494
4223
780
3175
7347
8781
4638
5602
1245
2330
2677
319
364
3246
588
306
2028
44199
1036
215
3994
745
4011
318
1
3257
47
5064
1291
3949
1721
3629
1283
7243
78499
541
954
3022
8125
593
858
4121
1610
1042
1120
1200
6218
41997
52281
293
2936
48394
1061
134853
59725
3361
3793
88125
2288
27773
111384
377
628
1358
1517
1801
3176
2571
5608
27592
4226
6942
63992
296
115617
2959
121231
130682
1219
2529
1997
132046
48780
1131
62849
1704
66097
74458
4995
1089
27611
68157
135518
79132
70286
72998
1210
109487
260
6953
4823
4890
5135
5349
5377
5481
5812
6281
65514
8636
4641
68954
107649
3703
27255
44191
106473
3676
5449
6986
106918
4701
4351
4369
2396
5445
1635
1639
52319
1954
1956
2004
2012
2085
2369
2692
4306
2700
3052
3113
3260
3751
3785
3893
3978
4016
4041
8369
78349
1376
1172
8623
2174
146501
757
914
946
100365
45950
1153
37729
35957
1197
1199
1209
1211
1232
34162
32892
7478
1260
1272
1273
1955
1281
107999
2968
1900
1028
117533
6683
4612
4189
6016
40148
47099
48711
77455
64957
4322
1088
4467
4388
2942
47465
8533
45720
5909
4911
3707
5984
7155
39421
7458
78209
76251
7090
27904
2924
2997
3265
3996
4993
5782
5902
5952
6857
7022
7153
7373
7844
8795
8961
26554
26585
33794
8861
122886
4721
7376
31221
2019
1274
924
741
61024
55820
52973
8528
1103
104
36401
8865
6754
104283
82461
5618
3030
44555
7361
6985
47640
71057
69712
69526
68319
37733
34405
32025
232
1259
300
2359
80551
30745
31658
52885
58559
67997
5
186
2082
246
337
5507
350
357
104841
520
529
69640
661
904
1059
1242
1250
8188
6713
6287
5662
1176
1572
3948
8464
26662
5219
68358
93040
95441
97938
106696
4069
3882
54290
40614
247
1080
3301
3300
1256
3275
2641
3546
8972
599
1935
64839
90866
90531
90439
90376
90057
89804
89759
89492
89470
89260
88810
88235
88129
87304
86833
86320
85394
91077
94931
94959
96811
98154
97923
97921
97752
97673
97304
96832
96728
94969
96610
96588
96417
95761
95558
95449
95135
83976
82463
82459
71108
72131
72011
71745
1942
144172
71464
163949
66203
47044
70293
69481
141749
67665
67429
67255
67087
72176
72226
82313
79242
81932
81845
81786
81591
81562
80489
80463
78653
72395
78574
78039
74545
74324
73023
72741
72720
98961
99114
99149
123663
127212
127206
127144
127114
164977
127108
123695
122882
128360
118880
118700
164979
117176
116797
116161
115713
128235
128512
115139
134130
140715
140174
139642
139385
137337
134881
134859
133771
128606
133645
132800
132549
132547
132458
131796
142488
115569
143385
101285
103688
106916
106766
106100
105504
138610
105355
105197
103624
107141
103449
103372
103107
102469
102194
101895
101525
106920
107636
114662
112550
114459
114342
114254
113064
112852
112556
112552
112515
110871
112290
112183
112070
111622
111505
111251
111249
66665
146656
148482
8195
8128
7926
7792
7438
7335
7195
6983
6981
6874
6830
6783
6643
161336
6515
6433
6229
5956
8154
8207
40819
8236
39183
38304
37741
34517
148626
26366
26151
26150
25927
25805
8767
8766
8765
8751
8645
8584
8494
5795
161582
5791
5747
3632
3539
3498
3415
3384
3111
3089
2927
2920
2857
2747
2730
2202
2182
2178
2109
1957
3634
3671
3679
4437
5464
5289
5198
5169
4928
4763
4712
4327
3742
4326
4262
4103
3947
3811
3789
163056
40629
31770
41585
55069
56805
56788
56782
56607
56286
56152
56015
55946
55442
55363
55280
82152
41863
55269
55253
57669
58191
58879
156387
64701
64622
64620
64614
155064
63876
63082
60069
61357
61323
61240
158783
61236
60766
55118
55276
55063
53000
52579
52241
51540
50068
49917
49824
48774
48738
48696
48516
47629
47423
47274
46723
46664
45210
160954
45028
42217
52967
140725
53123
111931
55052
53953
54272
54881
53894
54286
54513
66934
1258
6863
4018
6350
64969
56367
94777
46970
6539
7161
63131
31878
35836
118997
2068
8874
34321
55247
60684
111624
2542
5971
5299
150
3114
111
109249
8928
1729
778
53318
60072
46578
1079
109374
2361
2424
4973
608
339
2502
587
1265
236
3809
1732
50
26614
