1610
1200
1120
1042
858
593
4121
3793
318
293
60072
26614
50
2330
364
319
306
1245
2677
588
3246
3361
111384
2028
215
121231
1061
27773
3114
3978
3785
3260
4306
3751
3113
4016
3893
4701
4351
4369
5662
6713
8188
8636
6953
6281
5812
5481
5377
5349
5135
4890
4823
2700
4641
3052
2004
2692
246
661
628
529
520
377
337
236
2396
186
5
67997
58559
52885
31658
904
1059
1242
1250
1259
1358
1376
1517
1635
1639
30745
1801
1954
1956
2012
2085
2369
135518
107649
65514
954
1232
1211
1209
1197
1172
1153
946
1272
914
757
146501
541
53318
39421
1260
1273
68954
2182
2927
2920
2857
2747
2730
2202
2178
1281
2109
1957
1942
1935
1572
1283
7155
5984
3707
8369
117533
2361
1900
94777
78349
70286
106918
3176
55247
3676
106473
44191
3703
1256
1
6016
40148
47099
77455
78499
4322
1028
1088
2942
6863
6942
8533
45720
59725
63131
64969
3546
115617
1080
104841
27904
8928
8861
7373
5507
5219
4069
3809
3301
3300
3275
3257
2641
2359
80551
34405
60684
63992
7361
104283
82461
5971
5618
3030
44555
6985
66934
47640
46970
71057
69712
69526
68319
2082
69640
6754
8972
2968
1199
111624
107999
8623
2174
150
100365
45950
37729
35957
34162
32892
7478
1955
4467
4911
5909
6986
7458
5445
52319
109487
260
27255
6683
47465
4612
4189
48711
64957
1131
4388
132046
8865
247
7376
26662
8464
7161
5299
4973
4018
3948
2424
2068
1265
1210
1176
232
35836
32025
27611
34321
46578
109374
111
40614
54290
134853
118997
3022
109249
56367
106696
97938
95441
93040
72998
68358
31221
4721
36401
122886
4993
3996
3265
2997
2924
2571
2019
1274
924
741
78209
76251
61024
8528
2502
5782
5902
5952
8874
1721
33794
31878
26585
26554
8961
8795
6350
7844
7153
7090
7022
6857
6539
2936
599
3089
90531
97752
97673
97304
96832
96811
96728
96610
96588
96417
95761
95558
95449
95135
94969
94959
94931
91077
97921
97923
98154
103372
106100
105504
105355
105197
103688
103624
103449
103107
98961
102469
102194
101895
101525
101285
99149
99114
90866
90439
71745
90376
81591
81562
80489
80463
79242
78653
78574
78039
74545
74324
73023
72741
72720
72395
72226
72176
72131
81786
81845
81932
88235
90057
89804
89759
89492
89470
89260
88810
88129
82313
87304
86833
86320
85394
83976
82463
3111
106766
106916
106920
107141
142488
141749
140725
140715
140174
139642
139385
137337
134881
134859
134130
133771
133645
132800
132549
132547
132458
143385
144172
146656
163949
111931
82152
66203
47044
138610
164979
164977
163056
148482
161582
161336
160954
158783
156387
155064
148626
131796
128606
128512
112290
114254
113064
112852
112556
112552
112550
112515
112183
114459
112070
111622
111505
111251
111249
110871
107636
114342
114662
128360
123663
128235
127212
127206
127144
127114
127108
123695
122882
115139
118880
118700
117176
116797
116161
115713
115569
72011
82459
339
5464
5791
47629
5795
47423
47274
46723
5956
46664
45210
45028
42217
41997
41863
6229
6433
5747
5289
3671
5198
3742
3789
3811
3947
4103
6981
4262
4326
4327
4437
4712
48516
4763
4928
5169
6515
41585
40819
40629
8584
8494
8236
8207
8195
6874
8154
8128
8125
7926
7792
7438
7335
7243
7195
8645
8751
6830
26151
39183
38304
37741
34517
31770
26366
6643
8765
6783
26150
25927
25805
8767
8766
3679
48696
48738
60069
3539
61357
61323
61240
3629
61236
60766
58879
56152
58191
57669
56805
48774
56782
3632
56607
3498
63082
3415
63876
71464
71108
3384
70293
69481
67665
67429
67255
67087
66665
64839
64701
64622
64620
64614
56286
56788
56015
3634
54513
54286
54272
53953
53894
53123
53000
52967
55052
52579
52281
52241
51540
50068
49917
49824
54881
6983
55276
55269
55063
55069
55442
55118
55363
55280
55946
55253
79132
4995
1732
74458
66097
1704
62849
48780
1997
2529
1219
48394
1079
130682
2542
1258
4226
27592
68157
5608
1089
88125
2288
1729
778
3882
37733
2959
55820
608
47
4041
587
350
300
6287
52973
5449
1103
104
296
6218
3949
4011
1291
5064
745
3994
1036
44199
3160
3499
153
434
494
780
1617
8781
7347
2273
5602
2329
4638
4223
4023
2600
2985
3916
2989
3175
357
