50
26614
246
260
337
296
318
150
293
3114
1729
778
3361
2424
3246
2677
306
319
364
588
1245
2330
1089
3499
8781
7347
4638
4223
4023
3916
5602
3175
2600
1617
153
2273
780
2329
2985
2989
3160
494
434
2959
68157
111384
2542
121231
44199
2028
1210
1079
215
1061
1036
3994
745
4011
2019
236
300
339
47
5064
1291
3949
132046
27773
2068
122886
1732
6218
107999
27611
60072
109487
68319
134853
2571
135518
3703
109249
70286
72998
115617
2288
88125
79132
5608
27592
4226
1258
130682
48394
1219
2529
1997
48780
62849
1704
66097
74458
4995
118997
93040
109374
95441
97938
106696
54290
117176
116161
40614
5662
31658
30745
115569
8188
6713
6287
3546
111
115713
1256
56367
1080
116797
247
68358
7161
46578
34321
35836
32025
31221
7376
4721
127206
1721
33794
31878
26585
26554
8961
8874
8795
7844
127144
127114
232
4973
118700
26662
118880
8464
58559
5299
4018
127108
3948
122882
123663
1265
123695
1176
52885
350
67997
4041
4823
4701
4641
4369
4351
4306
4016
5135
3978
3893
3785
3751
112852
3260
4890
5349
3113
107649
106918
55247
5449
3676
106473
44191
68954
5377
65514
8636
6953
6281
5812
5481
113064
3052
5
377
904
661
628
587
529
520
357
1242
7090
114254
114342
114459
114662
115139
1059
1250
2700
1956
2692
2396
2369
2085
2012
2004
1954
1259
1801
1639
1635
1517
1376
1358
7153
107141
7022
7458
4069
3882
3809
3301
3300
3275
3257
2641
2359
163949
164977
80551
2082
104841
69640
5219
5507
7373
163056
47640
46970
71057
69712
69526
161582
66934
8861
63992
60684
37733
34405
27904
8928
8972
5445
7361
608
2968
1199
111624
82152
8623
2174
111931
100365
45950
37729
35957
34162
32892
7478
1955
4467
4911
5909
6683
52319
164979
138610
47044
27255
6986
4612
47465
4189
48711
64957
1131
4388
66203
6985
44555
6857
140715
131796
132458
132547
132549
132800
4121
133645
133771
134130
134859
134881
3793
137337
139385
139642
128606
128512
128360
3996
6539
6350
8369
5902
5782
4993
3265
741
2997
2924
127212
128235
1274
924
140174
140725
3030
141749
61024
55820
52973
8528
2502
1103
104
36401
8865
6754
161336
104283
82461
5971
5618
76251
78209
160954
1042
142488
143385
1610
144172
1200
1120
146656
158783
858
148482
148626
593
155064
156387
5952
78349
106920
64622
64614
63876
63082
61357
61323
61240
61236
60766
60069
58879
58191
57669
56805
56788
56782
64620
64701
56286
64839
72395
72226
72176
72131
72011
71745
71464
71108
70293
69481
67665
67429
67255
67087
66665
56607
56152
72741
53123
52967
52579
52281
52241
51540
50068
49917
49824
48774
48738
48696
48516
47629
47423
47274
53000
53894
56015
53953
55946
55442
55363
55280
55276
55269
55253
55118
55069
55063
55052
54881
54513
54286
54272
72720
73023
94777
99114
98154
97923
97921
97752
97673
97304
96832
96811
96728
96610
96588
96417
95761
95558
95449
98961
99149
94969
101285
106916
106766
106100
105504
105355
105197
103688
103624
103449
103372
103107
102469
102194
101895
101525
95135
94959
74324
85394
82463
82459
82313
81932
81845
81786
81591
81562
80489
80463
79242
78653
78574
78039
74545
83976
86320
94931
86833
91077
90866
90531
90439
90376
90057
89804
89759
89492
89470
89260
88810
88235
88129
87304
46723
46664
45210
1935
1283
1281
1273
1272
1260
111505
1232
1211
1209
1197
1172
1153
954
946
914
1572
1942
45028
1957
3089
3022
2936
2927
2920
2857
2747
2730
110871
111249
2202
2182
2178
2109
111251
757
146501
111622
541
1028
4322
78499
77455
112515
47099
40148
6016
112550
112552
112556
1
117533
2361
1900
1088
2942
6863
5984
112070
112183
112290
53318
39421
7155
3707
6942
3176
64969
63131
59725
45720
8533
3111
107636
3384
8766
8751
8645
8584
8494
8236
8207
8195
8154
8128
8125
7926
7792
7438
7335
7243
8765
8767
6983
25805
42217
41997
41863
41585
40819
40629
39183
38304
37741
34517
31770
26366
26151
26150
25927
7195
6981
3415
6874
4327
4326
4262
4103
3947
3811
3789
3742
3679
3671
3634
3632
3629
3539
3498
4437
4712
4763
4928
6830
6783
6643
6515
6433
6229
5956
5795
5791
5747
5464
5289
5198
5169
599
186
