8128
4103
1172
1197
1211
1273
3111
3679
3811
1957
5747
4326
4262
5198
260
318
1061
954
3022
8125
541
745
914
50
26614
904
1358
1
8154
4327
3789
1209
2857
1199
924
1265
1210
3634
78499
2936
599
4467
3629
1283
7243
5902
3978
3260
3114
293
2028
33794
111384
4638
2329
2989
2985
7347
8781
3160
3175
153
2600
2273
494
1617
3499
434
5602
780
4023
4223
3916
2968
60684
44191
134853
7153
5952
106473
115617
1131
132046
6218
44199
3361
1036
3994
79132
122886
70286
2068
5299
1291
107999
72998
5064
4011
5971
94777
27611
27773
109487
121231
68319
111624
2571
135518
55247
34321
3703
34405
8874
2019
35836
31878
63131
7161
3949
6942
46970
56367
64969
6350
4018
6863
118997
529
661
300
357
337
1256
1080
1259
339
150
52281
41997
48394
1089
68157
112183
3676
68358
114459
112070
93040
95441
97938
114342
5349
114254
114662
40614
247
107649
88125
2529
3546
5662
6287
6713
8188
54290
26662
30745
118700
26585
1900
122882
1721
118880
4721
111505
7376
31221
32025
111622
232
115139
117176
1176
116797
8369
116161
115713
3948
106918
115569
5449
8464
113064
31658
5135
112515
2004
2012
2085
2369
2396
2692
2700
3052
3113
112552
112550
3751
52885
3785
3893
112290
4016
4306
4351
4369
4641
4701
4823
4890
1956
1954
1801
5377
58559
67997
5
186
215
246
68954
65514
96728
377
520
6953
26554
6281
112852
5812
1059
1242
5481
112556
1517
1635
1639
628
7090
8961
6985
161582
52319
5445
7458
8972
69640
104841
2082
80551
161336
2359
2641
3257
3275
3300
3301
4069
5219
5507
7373
8861
27904
160954
63992
66097
158783
69526
69712
71057
163056
163949
4995
66203
1955
7478
32892
34162
35957
37729
45950
100365
2174
8623
111931
82152
130682
47044
164977
138610
4911
5909
47465
4388
164979
64957
48711
4189
4612
6683
6986
27255
47640
7361
8795
44555
133645
132800
132549
132547
132458
131796
128606
128512
128360
128235
127212
127206
741
127144
1274
127114
2924
2997
3265
3996
4993
5782
127108
123695
6857
7022
111251
123663
7844
133771
134130
134859
76251
3030
5618
156387
82461
104283
155064
6754
8865
36401
104
2502
8528
61024
78209
134881
148626
148482
146656
144172
143385
142488
141749
140725
140715
140174
139642
139385
137337
117533
96811
8636
55118
45210
46664
46723
47274
47423
47629
48516
48696
48738
48774
49824
49917
50068
51540
52241
86320
52579
52967
53000
53123
53894
85394
53953
54272
54286
54513
54881
55052
55063
45028
42217
41863
8766
7926
97673
97304
96832
87304
8195
8207
8236
8494
8584
8645
8751
8765
8767
41585
25805
25927
26150
26151
26366
31770
34517
37741
38304
86833
39183
40629
40819
55069
83976
78039
55253
64614
64620
64622
64701
64839
66665
67087
67255
80489
67429
67665
69481
70293
80463
71108
71464
79242
71745
72011
72131
72176
72226
78653
78574
72395
72720
72741
73023
74324
63876
63082
61357
56286
82463
82459
82313
55269
81932
55276
55280
81845
55363
55442
55946
56015
56152
56607
61323
81786
81591
56782
56788
81562
56805
57669
58191
58879
60069
60766
61236
61240
7792
7438
7335
88129
95135
107636
946
107141
1153
106920
106916
106766
106100
1232
1245
1260
1272
105504
1281
105355
1572
1935
1942
105197
103688
2109
2178
2182
94969
2202
2330
94959
2677
757
146501
588
1088
96610
96588
96417
95761
6016
40148
47099
60072
62849
77455
111249
4322
95558
1997
110871
2942
8533
45720
59725
3176
3707
5984
7155
39421
95449
306
319
364
2730
2747
103624
5795
89804
4763
89759
4928
5169
97923
5289
5464
89492
89470
89260
97921
5791
5956
4437
6229
6433
88810
6515
6643
6783
6830
6874
6981
6983
88235
7195
97752
4712
90057
2920
102469
94931
2927
103449
103372
3089
91077
103107
3246
3384
90866
3415
3498
3539
3632
98154
102194
3671
101895
3742
90531
101525
101285
3947
99149
99114
98961
90439
90376
74545
6539
66934
1704
4226
1219
296
48780
53318
109374
27592
47
4973
78349
5608
2542
74458
111
2288
46578
106696
8928
2959
2424
1729
778
3809
2361
109249
1732
3793
1250
858
593
4121
1120
1610
1200
1042
1258
1028
1376
236
587
3882
37733
1079
55820
608
52973
1103
4041
350
