2330
319
3246
306
588
2677
364
1245
111
246
1
300
318
78499
2028
215
2361
134853
293
3361
150
115617
1258
111384
121231
1061
3114
1732
27773
2424
904
661
1059
628
1242
587
1250
1259
1358
1376
2085
1517
1635
3785
3751
3260
3113
3052
2700
2692
2396
2369
2012
2004
1956
1954
1801
1639
529
135518
520
6287
106696
109249
109374
118997
54290
40614
247
1080
1219
1256
2288
2529
3546
5662
6713
377
8188
27592
30745
31658
52885
58559
67997
5
186
3978
236
337
350
357
3893
4890
4016
5984
3176
64969
63131
59725
45720
8533
6942
6863
2942
1997
1088
1028
4322
77455
62849
3707
7155
4041
39421
1272
1260
1232
1211
1209
1197
1172
1153
954
946
914
757
146501
541
53318
60072
47099
40148
6016
8636
6953
6281
5812
5481
5377
5349
5135
95441
4823
4701
4641
4369
4351
4306
65514
68954
88125
8369
5608
117533
1900
94777
78349
70286
106918
107649
55247
5449
3676
106473
44191
3703
97938
46578
93040
3275
5507
5219
4069
3882
3809
3301
3300
3257
8861
2641
2359
80551
2082
104841
69640
8972
7373
8928
5445
69526
44555
7361
6985
47640
46970
71057
69712
68319
27904
66934
66097
63992
60684
48394
37733
34405
7458
608
5618
2174
4467
2968
1199
130682
111624
107999
8623
100365
5909
45950
37729
35957
34162
32892
7478
1955
4911
47465
52319
27255
109487
79132
48780
4995
4226
1704
260
6986
4388
6683
4612
4189
48711
74458
64957
1131
3030
5971
72998
33794
35836
32025
31221
7376
4721
122886
1721
31878
50
26585
26554
8961
8874
8795
7844
7153
47
232
7022
8464
68358
56367
1281
34321
27611
26662
26614
7161
1176
5299
4973
4018
3948
2068
1265
1210
7090
6857
82461
8528
858
593
78209
76251
61024
55820
52973
2502
1120
1103
104
36401
8865
6754
132046
104283
1042
1200
6539
2997
6350
5952
5902
5782
4993
3996
3265
2924
1610
2571
2019
1274
924
741
4121
3793
1273
599
1283
97752
97304
96832
96811
96728
96610
96588
96417
95761
95558
95449
95135
94969
94959
94931
91077
90866
90531
97673
97921
71108
97923
105504
105355
105197
103688
103624
103449
103372
103107
102469
102194
101895
101525
101285
99149
99114
98961
98154
90439
90376
90057
89804
80489
80463
79242
1572
78574
78039
74545
74324
73023
72741
72720
72395
72226
72176
72131
72011
71745
81562
81591
81786
87304
89759
89492
89470
89260
88810
88235
88129
86833
81845
86320
85394
83976
82463
82459
82313
81932
106100
106766
106916
128606
142488
141749
140725
140715
140174
139642
139385
137337
134881
134859
134130
133771
133645
132800
132549
132547
132458
143385
144172
146656
163949
111931
82152
66203
47044
138610
164979
164977
163056
148482
161582
161336
160954
158783
156387
155064
148626
131796
128512
106920
128360
114254
113064
112852
112556
112552
112550
112515
112290
112183
112070
111622
111505
111251
111249
110871
107636
107141
114342
114459
114662
123663
128235
127212
127206
127144
127114
127108
123695
122882
115139
118880
118700
117176
116797
116161
115713
115569
71464
78653
70293
7792
8584
8494
8236
8207
8195
8154
8128
8125
7926
7438
8751
7335
7243
7195
6983
6981
6874
6830
6783
6643
8645
8765
6433
39183
69481
45210
45028
42217
41997
41863
41585
40819
40629
38304
8766
37741
34517
31770
26366
26151
26150
25927
25805
8767
6515
6229
47274
2920
3539
3498
3415
3384
3111
3089
3022
2936
2927
2857
3632
2747
2730
2202
2182
2178
2109
1957
1942
1935
3629
3634
5956
4712
5795
5791
5747
5464
5289
5198
5169
4928
4763
4437
3671
4327
4326
4262
4103
3947
3811
3789
3742
3679
46723
46664
47423
55276
56782
56607
56286
56152
56015
55946
55442
55363
55280
55269
53953
55253
55118
55069
55063
55052
54881
54513
54286
47629
56788
56805
57669
58191
67665
67429
67255
67087
66665
64839
64701
64622
64620
64614
63876
63082
61357
61323
61240
61236
60766
60069
58879
54272
339
53894
53123
52241
49917
49824
48774
51540
48738
48696
48516
52281
52579
52967
53000
50068
1079
2542
2959
68157
1089
6218
1729
778
3949
4011
5064
1291
745
3994
1036
44199
3499
153
434
494
8781
780
7347
5602
4223
4638
3916
4023
1617
2273
2329
296
2600
2985
2989
3175
3160
