8128
1259
3811
4103
4262
4326
3111
5198
5747
3679
1273
1211
1957
1197
1172
1358
1635
1517
186
5
67997
58559
52885
31658
236
1639
1801
1954
30745
1956
27773
215
1376
1250
246
300
337
350
357
377
520
529
587
628
661
904
1059
1242
27592
5662
8188
26662
95441
93040
72998
68358
56367
46578
34321
27611
26614
106696
8464
7161
5299
4973
4018
3948
2424
2068
97938
109249
6713
1089
6287
2012
3546
2529
2288
1729
1256
1219
1080
109374
1079
247
111
40614
54290
134853
118997
115617
2004
135518
2085
2369
60072
47099
40148
6016
5608
2959
2542
778
1
117533
2361
1900
94777
78349
70286
8369
106918
62849
77455
78499
59725
39421
7155
5984
3707
3176
64969
63131
45720
4322
8533
6942
6863
2942
1997
1088
1028
55247
5449
3676
3361
4306
4041
4016
3978
3893
3785
3751
3260
4369
3114
3113
306
3052
2700
2692
2396
4351
4641
106473
6953
44191
3703
107649
88125
68954
65514
8636
6281
4701
5812
5481
5377
5349
5135
4890
4823
1265
1210
1176
3257
5507
5219
4069
3882
3809
3301
3300
3275
2641
8861
2359
1732
1061
80551
2082
104841
69640
8972
7373
8928
5971
69526
3030
44555
7361
6985
47640
46970
71057
69712
68319
27904
68157
66934
66097
63992
60684
48394
37733
34405
7458
5445
608
2174
4911
4467
2968
1199
130682
111624
107999
8623
150
52319
100365
45950
37729
35957
34162
32892
7478
1955
5909
47465
296
4388
121231
109487
79132
48780
4995
4226
1704
1258
27255
6986
6683
4612
4189
48711
74458
64957
1131
5618
82461
318
924
5902
5782
3996
3265
2997
2924
2571
1274
741
6539
44199
8781
7347
6218
5602
5064
4638
4223
6350
6857
104283
122886
232
50
47
35836
32025
31221
7376
4721
1721
7022
33794
31878
26585
26554
8961
8874
7844
7090
4121
4023
4011
55820
593
494
434
293
153
78209
76251
61024
52973
3994
8528
2502
1103
104
36401
8865
6754
132046
745
780
858
1036
3949
3916
3793
3499
3175
3160
2989
2985
2600
2329
2273
1617
1610
1291
1200
1120
1042
53318
599
319
97673
96832
96811
96728
96610
96588
96417
95761
95558
95449
95135
94969
94959
94931
91077
90866
90531
90439
97304
97752
90057
97921
105355
105197
103688
103624
103449
103372
103107
102469
102194
101895
101525
101285
99149
99114
98961
98154
97923
90376
89804
106100
80489
79242
78653
78574
78039
74545
74324
73023
72741
72720
72395
72226
72176
72131
72011
71745
364
71108
80463
81562
89759
81591
89492
89470
89260
88810
88235
88129
87304
86833
86320
85394
83976
82463
82459
82313
81932
81845
81786
105504
106766
69481
144172
142488
141749
140725
140715
140174
139642
139385
137337
134881
134859
134130
133771
133645
132800
132549
132547
132458
143385
146656
128606
148482
111931
111384
82152
66203
47044
138610
164979
164977
163949
163056
161582
161336
160954
158783
156387
155064
148626
131796
128512
106916
114342
113064
112852
112556
112552
112550
112515
112290
112183
112070
111622
111505
111251
111249
110871
107636
107141
106920
114254
114459
128360
114662
128235
127212
127206
127144
127114
127108
123695
123663
122882
118880
118700
117176
116797
116161
115713
115569
115139
70293
71464
67665
5464
6783
6643
6515
6433
6229
5956
5795
5791
5289
3671
5169
4928
4763
4712
4437
4327
3947
3789
6830
6874
6981
6983
8766
8765
8751
8645
8584
8494
8236
8207
8195
8154
8125
7926
7792
7438
7335
7243
7195
3742
3634
67429
1232
1942
1935
1572
1283
1281
1272
1260
1245
1209
3632
1153
954
946
914
757
146501
588
541
2028
2109
2178
2182
3629
3539
3498
3415
3384
3246
3089
3022
2936
2927
2920
2857
2747
2730
2677
2330
2202
8767
25805
25927
54513
56788
56782
56607
56286
56152
56015
55946
55442
55363
55280
55276
55269
55253
55118
55069
26150
55052
56805
57669
58191
64614
67255
67087
66665
64839
64701
64622
64620
63876
58879
63082
61357
61323
61240
61236
60766
60069
54881
55063
54286
47423
46723
46664
45210
45028
42217
41997
41863
41585
40819
40629
39183
38304
37741
34517
31770
26366
26151
54272
47274
47629
48516
53953
53894
53123
53000
52967
52579
52281
52241
51540
50068
49917
49824
48774
48738
48696
339
260
7153
5952
8795
4993
2019
