44199
41863
48516
49917
49824
48738
48696
48774
47629
47423
46723
45210
45028
63082
64839
64701
64622
64620
64614
63876
57669
61323
60766
60069
58879
58191
55063
67429
61357
1088
48780
44555
61240
61236
47099
4023
3160
153
4223
3916
3499
3175
2985
2989
7347
2600
2329
2273
1617
780
494
434
5602
4638
8781
8533
318
68157
1
78499
4011
2942
61024
46578
1036
3994
745
1089
74458
5064
1291
3949
134853
3361
6218
52319
2174
293
68319
7458
2692
112552
2529
1258
2959
296
115617
78349
82459
80489
74324
74545
78039
78574
79242
82463
67255
80463
81562
81591
81845
81932
6863
67997
27773
62849
78653
73023
72720
72395
72131
72226
67087
72011
71745
66665
71464
71108
70293
69481
111384
121231
67665
4995
1061
69712
64957
4226
47
77455
5608
778
2542
88125
6953
65514
68954
8636
52885
6016
44191
1079
247
111
40614
54290
106473
118997
3676
5449
106918
4322
1028
1997
109374
109249
1080
1219
40148
1256
107649
5
58559
31658
30745
27592
8188
6713
6287
5662
3546
3703
2288
60072
1729
6281
1954
5812
3113
4641
4369
4351
4306
1259
4016
3978
3893
3785
3751
3260
3114
1358
117533
3052
1376
1517
1635
2700
1639
2396
2369
1801
2085
2012
2004
106696
1250
4701
4823
2361
1900
1956
186
215
236
246
300
337
357
377
520
529
8369
628
661
904
1059
1242
94777
5481
5377
5349
5135
4890
587
599
97938
34405
2641
3257
3275
3300
3301
3809
4069
5219
5507
7373
8861
8928
27904
48394
95441
63992
66097
66934
69526
71057
46970
47640
6985
7361
3030
5618
5971
82461
2359
1732
80551
2082
1955
7478
32892
34162
35957
37729
45950
100365
150
8623
107999
111624
130682
4911
5909
47465
4388
1131
48711
4189
4612
6683
6986
27255
5445
8972
104841
104283
6754
8865
7844
8874
8961
26554
26585
31878
1721
122886
4721
7376
31221
32025
35836
50
232
2068
2424
3948
4018
4973
5299
7161
8464
26614
26662
34321
68358
93040
8795
7153
36401
7090
104
2502
8528
76251
78209
593
858
1042
1120
1200
1610
3793
4121
741
1274
2019
2924
2997
3265
3996
4993
5782
5902
5952
6350
6857
7022
6942
339
45720
89804
91077
90866
90531
90439
90376
90057
89759
88129
139385
89492
89470
139642
89260
88810
94931
94959
94969
95135
95449
95558
95761
96417
96588
96610
96728
96811
96832
97304
97673
97752
97921
88235
87304
98154
156387
55280
144172
146656
148482
148626
155064
158783
86833
160954
161336
161582
53953
132800
163949
55363
55946
143385
56015
142488
59725
141749
140725
140715
140174
72176
72741
81786
82313
83976
85394
86320
97923
98961
164979
133771
118700
117176
116797
116161
115713
115569
115139
112556
134130
114662
114459
114342
114254
113064
118880
122882
123663
123695
127108
127114
127144
127206
127212
128235
128360
128512
128606
131796
133645
132458
132547
112852
112550
99114
103372
137337
105355
105197
103688
103624
103449
103107
112515
102469
102194
101895
101525
101285
99149
105504
106100
134881
106766
106916
106920
107141
134859
107636
110871
111249
111251
111505
111622
112070
112183
112290
164977
163056
52579
2747
111931
3022
2936
2927
2920
2857
2730
3111
2677
2330
2202
2182
2178
2109
3089
3246
4327
3679
4262
4103
3947
3811
3789
3742
3671
3384
3634
3632
3629
3539
3498
3415
2028
1957
1942
53318
146501
588
541
364
319
306
39421
1935
7155
5984
3707
3176
64969
63131
757
914
946
954
1153
1172
1197
1209
1211
1232
1245
1260
1272
1273
1281
1283
1572
52281
4326
4437
8195
8236
8494
8584
4712
8751
8765
8766
8767
25805
25927
26150
26151
26366
31770
34517
37741
38304
39183
40629
40819
41585
41997
42217
46664
47274
50068
66203
47044
138610
8207
8645
8154
5791
6643
8128
6433
6229
5956
5795
5747
82152
5464
5289
5198
5169
4928
4763
6783
6515
132549
7335
8125
7926
7792
6874
7438
6981
6983
7195
7243
6830
70286
55247
56367
260
109487
1210
55442
55069
72998
1176
6539
56286
55253
55269
55118
56152
56607
56782
56788
56805
55052
54881
54513
54286
54272
53894
53123
53000
52967
52241
51540
55276
135518
1704
27611
1265
69640
60684
132046
3882
37733
2571
608
79132
52973
350
4041
1103
924
55820
1199
2968
33794
4467
