318
4973
3361
4226
7373
111384
121231
608
111624
3809
1061
1265
109249
8874
5299
2959
27773
5608
5971
31878
1079
48780
93040
8928
34321
6350
56367
79132
118997
2692
6218
109374
2641
1219
2529
35836
4011
3949
68319
1732
47
115617
6539
64957
62849
1704
6942
1089
74458
66934
4995
1258
337
1639
1635
215
236
246
300
1517
1376
1358
1259
628
661
350
357
1242
1059
377
904
520
529
587
186
1250
135518
5
67997
26662
27611
68358
72998
95441
97938
106696
134853
54290
40614
111
247
1080
1256
1954
1729
2288
3546
5662
6287
6713
8188
27592
30745
31658
52885
58559
1801
3751
1956
2004
1028
4322
78499
77455
60072
40148
6016
2542
778
1
117533
2361
1900
94777
78349
70286
8369
1088
1997
2942
7155
588
541
364
319
306
53318
39421
5984
6863
3707
3176
64969
63131
59725
45720
8533
106918
55247
5449
3260
4306
4041
4016
3978
3893
3785
8464
3114
4641
3113
3052
2700
2396
2369
2085
2012
4351
4701
3676
8636
106473
44191
3703
107649
88125
68954
65514
6953
4823
6281
5812
5481
5377
5349
5135
4890
26614
31221
7161
5507
63992
60684
48394
37733
34405
27904
8861
5219
8528
4069
3882
3301
3300
3275
3257
2359
66097
68157
69526
69712
1103
104
36401
8865
6754
132046
104283
82461
5618
3030
7361
6985
47640
46970
71057
80551
2082
104841
4911
2968
1199
130682
107999
8623
2174
150
100365
45950
37729
35957
34162
32892
7478
1955
4467
5909
69640
47465
8972
7458
5445
52319
109487
260
27255
6986
6683
4612
4189
48711
1131
4388
296
2502
52973
4018
4993
7153
7090
7022
6857
5952
5902
5782
3996
55820
3265
2997
2924
2571
2019
1274
924
7844
8795
8961
26554
3948
2424
2068
1210
1176
232
50
32025
757
7376
4721
122886
1721
33794
26585
741
8781
7347
1610
1200
1120
1042
1036
858
780
745
593
494
434
293
153
78209
76251
61024
1291
1617
5602
2273
5064
4638
4223
4121
4023
3994
3916
3793
3499
3175
3160
2989
2985
2600
2329
146501
599
914
94931
96588
96417
95761
95558
95449
95135
94969
94959
91077
96728
90866
90531
90439
90376
90057
89804
89759
89492
96610
96811
64839
101285
103624
103449
103372
103107
102469
102194
101895
101525
99149
96832
99114
98961
98154
97923
97921
97752
97673
97304
89470
89260
88810
72011
74324
73023
72741
72720
72395
72226
72176
72131
71745
88235
71464
71108
70293
69481
67665
67429
67255
67087
74545
78039
78574
78653
88129
87304
86833
86320
85394
83976
82463
82459
82313
81932
81845
81786
81591
81562
80489
80463
79242
103688
105197
105355
134859
141749
140725
140715
140174
139642
139385
137337
134881
134130
128360
133771
133645
132800
132549
132547
132458
131796
128606
142488
143385
144172
146656
111931
82152
66203
47044
138610
164979
164977
163949
163056
161582
161336
160954
158783
156387
155064
148626
148482
128512
128235
105504
111505
112556
112552
112550
112515
112290
112183
112070
111622
111251
127212
111249
110871
107636
107141
106920
106916
106766
106100
112852
113064
114254
114342
127206
127144
127114
127108
123695
123663
122882
118880
118700
117176
116797
116161
115713
115569
115139
114662
114459
946
66665
64701
4712
5791
5747
5464
5289
5198
5169
4928
4763
4437
3671
4327
4326
4262
4103
3947
3811
3789
3742
5795
5956
6229
6433
8195
8154
8128
8125
7926
7792
7438
7335
7243
7195
6983
6981
6874
6830
6783
6643
6515
3679
3634
8236
1272
2028
1957
1942
1935
1572
1283
1281
1273
1260
3632
1245
1232
1211
1209
1197
1172
1153
954
2109
2178
2182
2202
3629
3539
3498
3415
3384
3246
3111
3089
3022
2936
2927
2920
2857
2747
2730
2677
2330
64622
8207
8494
55063
55442
55363
55280
55276
55269
55253
55118
55069
55052
52579
54881
54513
54286
54272
53953
53894
53123
53000
55946
56015
56152
56286
64620
64614
63876
63082
61357
61323
61240
61236
60766
60069
58879
58191
57669
56805
56788
56782
56607
8584
52967
52281
41997
40819
40629
39183
38304
37741
34517
31770
26366
26151
26150
25927
25805
8767
8766
8765
8751
8645
52241
41585
339
51540
46664
50068
47274
42217
46578
47099
44555
44199
4369
48738
49917
49824
48774
41863
48696
48516
47423
46723
45210
45028
47629
