2959
4226
778
1729
5608
2692
2997
48780
1219
2529
2542
5782
47
1079
26554
7361
3949
62849
1704
4011
93040
74458
296
4995
27773
1732
1258
79132
94777
1089
109487
1250
1259
1358
661
1376
904
1059
1242
135518
1517
2700
3785
3751
3361
3260
3114
3113
3052
2369
1635
2085
2012
2004
1956
628
1801
1639
1954
337
587
1080
6713
6287
5662
3546
2288
1256
247
27592
111
40614
54290
134853
118997
115617
8188
30745
529
246
520
377
357
350
3978
300
236
31658
215
186
5
67997
58559
52885
3893
5135
4016
59725
39421
7155
5984
3707
3176
64969
63131
45720
78499
8533
6942
6863
2942
1997
1088
1028
53318
306
319
364
1260
1245
1232
1211
1209
1197
1172
1153
954
946
914
757
146501
588
541
4322
77455
4041
5377
68954
65514
8636
6953
6281
5812
5481
5349
60072
109249
4823
4701
4641
4369
4351
4306
88125
107649
3703
44191
47099
40148
6016
1
117533
2361
1900
78349
70286
8369
106918
55247
5449
3676
106473
109374
27611
106696
3809
8928
8861
7373
5507
5219
4069
3882
3301
104841
3300
3275
3257
2641
2359
1061
80551
27904
34405
37733
48394
5618
3030
44555
6985
47640
46970
71057
69712
69526
68319
68157
66934
66097
63992
60684
2082
69640
82461
150
2968
1199
130682
111624
107999
8623
2174
100365
8972
45950
37729
35957
34162
32892
7478
1955
4467
4911
5909
47465
7458
5445
608
52319
121231
260
27255
6986
6683
4612
4189
48711
64957
1131
4388
5971
104283
97938
7376
1176
318
232
50
35836
32025
31221
4721
7844
122886
1721
33794
31878
26585
8961
8874
1210
1265
2068
2424
95441
72998
68358
56367
46578
34321
1273
26662
26614
8464
7161
5299
4973
4018
3948
8795
7153
132046
55820
1120
1042
858
593
78209
76251
61024
52973
7090
8528
2502
1103
104
36401
8865
6754
1200
1610
3793
4121
7022
6857
6539
6350
5952
5902
4993
3996
3265
2924
2571
2019
1274
924
741
1272
599
1281
97752
97304
96832
96811
96728
96610
96588
96417
95761
95558
95449
95135
94969
94959
94931
91077
90866
90531
97673
97921
106766
97923
105504
105355
105197
103688
103624
103449
103372
103107
102469
102194
101895
101525
101285
99149
99114
98961
98154
90439
90376
90057
89804
80489
80463
79242
78653
78574
1283
74545
74324
73023
72741
72720
72395
72226
72176
72131
72011
71745
81562
81591
81786
87304
89759
89492
89470
89260
88810
88235
88129
86833
81845
86320
85394
83976
82463
82459
82313
81932
106100
106916
71108
144172
142488
141749
140725
140715
140174
139642
139385
137337
134881
134859
134130
133771
133645
132800
132549
132547
132458
143385
146656
106920
148482
111931
111384
82152
66203
47044
138610
164979
164977
163949
163056
161582
161336
160954
158783
156387
155064
148626
131796
128606
128512
128360
114254
113064
112852
112556
112552
112550
112515
112290
112183
112070
111622
111505
111251
111249
110871
107636
107141
114342
114459
114662
123663
128235
127212
127206
127144
127114
127108
123695
122882
115139
118880
118700
117176
116797
116161
115713
115569
71464
78039
70293
6983
8154
8128
8125
7926
7792
7438
7335
7243
7195
6981
8207
6874
6830
6783
6643
6515
6433
6229
5956
5795
8195
8236
5747
26366
41863
41585
40819
40629
39183
38304
37741
34517
31770
26151
8494
26150
25927
25805
8767
8766
8765
8751
8645
8584
5791
5464
69481
2677
3111
3089
3022
2936
2927
2920
2857
2747
2730
2330
3384
2202
2182
2178
2109
2028
1957
1942
1935
1572
3246
3415
5289
4103
5198
5169
4928
4763
4712
4437
4327
4326
4262
3947
3498
3811
3789
3742
3679
3671
3634
3632
3629
3539
41997
42217
45028
53000
56607
56286
56152
56015
55946
55442
55363
55280
55276
55269
55253
55118
55069
55063
55052
54881
54513
54286
54272
53953
53894
56782
56788
56805
64614
67665
67429
67255
67087
66665
64839
64701
64622
64620
63876
57669
63082
61357
61323
61240
61236
60766
60069
58879
58191
53123
52967
339
51540
48738
48696
48516
52579
47629
47423
49824
49917
50068
48774
46664
47274
52281
46723
52241
45210
293
6218
1291
5064
745
3994
1036
44199
780
494
434
153
2600
1617
3916
8781
7347
5602
4638
4223
4023
3499
3175
3160
2989
2985
2329
2273
4890
2396
