78499
1
109374
4121
1610
1200
1120
1042
858
88125
593
58559
68954
4973
5952
7153
112183
112290
112556
112852
114342
115569
116161
116797
117176
111622
114662
61236
61240
48394
6539
4993
8795
118880
112515
118700
80489
80463
82463
82459
81932
81845
81591
67255
74545
81562
74324
78039
78574
79242
3793
60766
63082
61323
61357
67429
64614
64620
64622
64701
64839
58879
4306
60069
63876
55063
5445
58191
57669
134853
111251
3260
5902
3978
2019
50068
5791
55280
6874
7438
5464
8645
1265
93040
69640
66097
924
55363
115617
55069
55442
8874
77455
112552
111624
3809
52281
41997
117533
31878
47
61024
74458
64957
34321
118997
5971
35836
6350
56367
6218
3751
109249
4018
105504
66934
106696
6942
2068
63131
1028
3703
46970
64969
6863
2985
1517
587
628
661
904
1059
1242
1250
1259
2968
1358
1199
1376
1635
529
1639
1801
1954
1956
2004
2012
2085
2369
2396
2700
3052
4467
520
3114
377
1729
2288
2529
3546
5662
6287
6713
8188
27592
27773
30745
47465
31658
52885
5909
5
186
215
236
246
300
337
4911
350
357
3113
130682
1089
106473
5449
106918
8369
78349
1900
2361
37729
35957
778
2542
6016
40148
60072
62849
34162
32892
4322
7478
1088
1997
2942
1955
8533
45720
59725
3676
44191
3361
45950
107999
3785
3893
8623
4016
4041
2174
4351
4369
4641
4701
4823
4890
5135
5349
5377
5481
5812
6281
6953
8636
65514
150
100365
107649
1256
1080
2989
8865
741
8528
1274
2502
2924
2997
3265
3996
1103
5782
104
36401
6754
247
104283
82461
6857
7022
5618
3030
7361
6985
47640
71057
69712
69526
52973
55820
76251
78209
3160
3175
3499
2600
3916
3994
4011
4023
2329
4223
4638
5064
5602
2273
1617
1291
1036
780
7347
745
494
434
293
153
8781
68319
63992
60684
318
2082
2424
3948
104841
8972
7458
52319
8464
26614
26662
121231
27255
68358
6986
95441
6683
4612
4189
48711
1131
4388
296
54290
40614
111
80551
232
37733
50
34405
27904
8861
7373
7090
5507
7844
5219
4069
26554
26585
3882
3301
3300
3275
33794
1721
4721
7376
3257
2641
31221
32025
2359
1061
599
339
3176
46664
71745
72011
72131
72176
72226
72395
72720
72741
73023
78653
82313
94969
95761
96417
97673
101285
101895
102194
102469
103107
103372
103449
103624
103688
105197
105355
106100
106766
106916
71464
71108
70293
55118
51540
52241
52579
52967
53000
53123
53894
53953
54272
54286
54513
54881
55052
55253
69481
55269
55276
3707
56015
56152
56286
56607
56782
56788
56805
66665
67087
67665
106920
107141
107636
156387
139385
139642
140174
140715
140725
141749
142488
143385
144172
146656
148482
148626
155064
158783
134881
160954
161336
161582
163056
163949
164977
164979
138610
47044
66203
82152
111384
111931
137337
134859
110871
127114
111249
111505
112070
112550
113064
114254
114459
115139
115713
122882
123663
123695
127108
127144
134130
127206
127212
128235
128360
128512
128606
131796
132458
132547
132549
132800
133645
133771
47274
55946
6783
3022
946
3671
3634
3632
3629
3539
3498
3415
3384
3246
3111
3089
2936
954
2927
2920
2857
2747
2730
2677
2330
6433
2202
6515
2182
6643
6229
3679
6830
1273
4326
3947
4327
4437
4712
4763
4928
3811
5169
5198
1281
5289
3789
3742
1272
1260
1245
5747
1232
1211
1209
1197
1172
1153
5795
5956
4103
4262
6981
42217
2178
37741
1957
38304
39183
1942
1935
40629
40819
41585
757
146501
26366
1572
588
541
364
1283
319
306
53318
39421
7155
5984
31770
34517
26151
2028
6983
7195
7243
7335
7792
7926
8125
8128
8154
8195
8207
2109
8236
25927
8584
8751
8765
914
8494
8766
8767
25805
26150
8928
1079
608
94777
260
72998
70286
48780
135518
2571
27611
79132
1210
2692
122886
132046
1258
4226
1176
3949
1219
2959
5299
68157
81786
1732
47099
44555
5608
109487
86320
83976
85394
87304
86833
89759
91077
90531
90439
90376
90057
88129
89804
89492
89470
89260
88810
88235
90866
97938
55247
4995
67997
7161
44199
46723
45210
45028
47423
47629
48516
48696
48738
48774
49824
41863
49917
8961
1704
96610
96832
94959
94931
95449
95135
101525
95558
96588
96728
96811
97304
97921
97923
98154
98961
99114
99149
97752
46578
