3499
3175
5602
780
4223
4023
3916
494
3160
8781
2989
2985
2600
2329
2273
1617
7347
4638
153
434
44199
260
1210
1036
3994
1
661
608
745
1291
5064
4011
78499
3949
1103
4041
350
52973
6218
293
134853
3809
55820
132046
1250
3882
37733
115617
1079
4973
122886
109249
70286
107999
72998
8928
27611
46578
109374
109487
68319
2571
135518
1732
3703
34405
94777
2019
2068
79132
236
246
300
337
587
3176
215
186
357
377
520
529
8636
628
58559
64969
904
1059
1242
63131
59725
1259
1358
1376
45720
8533
6942
6863
67997
31658
52885
1089
588
541
364
118997
319
306
54290
53318
40614
111
247
39421
7155
1080
1219
1997
1256
5984
1729
2288
2529
3546
5662
6287
6713
8188
27592
27773
3707
30745
2942
1517
1088
106473
2700
44191
3052
3113
3114
3260
3361
3751
3785
3893
3978
4016
107649
4306
4351
4369
4641
4701
4823
88125
4890
5135
5349
5377
5481
5812
68954
6281
65514
2692
3676
1028
106696
6953
4322
77455
62849
60072
47099
1635
40148
6016
5608
2959
2542
778
117533
2361
1639
1900
1801
1954
1956
2004
78349
8369
2012
106918
55247
5449
2085
2369
2396
31221
97938
1061
3301
3300
3275
3257
2641
2359
80551
5219
2082
104841
69640
8972
7458
5445
4069
5507
121231
68157
6985
47640
46970
71057
69712
69526
66934
7373
66097
63992
60684
48394
27904
8861
52319
48780
44555
100365
2968
1199
130682
111624
2174
150
45950
4911
37729
35957
34162
32892
7478
1955
4467
5909
4995
4612
4226
1704
1258
27255
6986
6683
4189
47465
48711
74458
64957
1131
4388
296
7361
3030
95441
31878
32025
757
7376
4721
1721
33794
26585
47
26554
8961
8874
8795
7844
7153
35836
50
7022
8464
93040
68358
56367
34321
26662
26614
5299
232
4018
3948
2424
1265
1176
318
7090
6857
5618
2502
858
593
78209
76251
61024
8528
104
1120
36401
8865
6754
104283
82461
5971
1042
1200
6539
3265
6350
5952
5902
5782
4993
3996
2997
1610
2924
1274
924
741
4121
3793
146501
599
914
94959
96610
96588
96417
95761
95558
95449
95135
94969
94931
96811
91077
90866
90531
90439
90376
90057
89804
89759
96728
96832
946
101525
103688
103624
103449
103372
103107
102469
102194
101895
101285
97304
99149
99114
98961
98154
97923
97921
97752
97673
89492
89470
89260
72131
74545
74324
73023
72741
72720
72395
72226
72176
72011
88810
71745
71464
71108
70293
69481
67665
67429
67255
78039
78574
78653
79242
88235
88129
87304
86833
86320
85394
83976
82463
82459
82313
81932
81845
81786
81591
81562
80489
80463
105197
105355
105504
134881
142488
141749
140725
140715
140174
139642
139385
137337
134859
128512
134130
133771
133645
132800
132549
132547
132458
131796
143385
144172
146656
148482
111931
111384
82152
66203
47044
138610
164979
164977
163949
163056
161582
161336
160954
158783
156387
155064
148626
128606
128360
106100
111622
112852
112556
112552
112550
112515
112290
112183
112070
111505
128235
111251
111249
110871
107636
107141
106920
106916
106766
113064
114254
114342
114459
127212
127206
127144
127114
127108
123695
123663
122882
118880
118700
117176
116797
116161
115713
115569
115139
114662
67087
66665
64839
4712
5791
5747
5464
5289
5198
5169
4928
4763
4437
3671
4327
4326
4262
4103
3947
3811
3789
3742
5795
5956
6229
6433
8195
8154
8128
8125
7926
7792
7438
7335
7243
7195
6983
6981
6874
6830
6783
6643
6515
3679
3634
64701
1272
2028
1957
1942
1935
1572
1283
1281
1273
1260
3632
1245
1232
1211
1209
1197
1172
1153
954
2109
2178
2182
2202
3629
3539
3498
3415
3384
3246
3111
3089
3022
2936
2927
2920
2857
2747
2730
2677
2330
8207
8236
8494
55069
55946
55442
55363
55280
55276
55269
55253
55118
55063
52967
55052
54881
54513
54286
54272
53953
53894
53123
56015
56152
56286
56607
64622
64620
64614
63876
63082
61357
61323
61240
61236
60766
60069
58879
58191
57669
56805
56788
56782
8584
53000
52579
52281
40819
40629
39183
38304
37741
34517
31770
26366
26151
26150
25927
25805
8767
8766
8765
8751
8645
41585
41863
41997
42217
52241
51540
50068
49917
49824
48774
48738
48696
48516
47629
47423
47274
46723
46664
45210
45028
339
7161
8623
5
