90057
89260
90531
90439
90376
89804
89759
89492
89470
88810
90866
88235
88129
87304
86833
86320
85394
83976
91077
81786
61240
61236
1729
778
55063
67429
64839
64701
64622
64620
61323
64614
61357
58191
58879
63876
63082
60766
60069
57669
2542
2959
1732
47
4121
1610
1120
593
858
1200
1042
127114
1080
115713
104841
141749
139385
133645
134130
148626
146656
143385
142488
128606
134881
140174
128360
137337
150
4226
6874
7438
5791
50068
8645
55280
5464
112552
72131
72226
78653
72395
72011
72720
73023
71745
71464
71108
70293
69481
67087
66665
134859
122882
1079
1103
52973
4041
350
127108
6985
55363
67665
61024
3793
52281
41997
40148
62849
33794
608
48394
44555
296
1258
3114
5608
48780
2529
1089
2692
68954
114662
111622
112290
112852
112556
112183
116161
116797
117176
114342
115569
37733
3882
2361
2288
88125
112515
118880
118700
111251
924
27773
2424
56367
134853
1219
27592
111
53318
130682
1997
117533
103372
102194
103624
105197
105355
106100
106766
106916
103107
106920
107141
97673
101895
2028
66097
1199
44191
7243
1283
3629
2174
109374
95761
5956
8494
6281
58559
103688
45950
132547
6016
96417
103449
3246
306
319
2677
588
1245
2330
364
1088
4467
599
105504
8125
541
3022
954
60072
2968
215
26614
50
2936
111505
132800
757
128512
127206
114459
7926
101285
102469
114254
110871
111249
4763
113064
112550
133771
94969
53953
52579
161336
8861
67997
2730
2920
106918
3634
34405
78349
100365
5449
8623
1956
2004
2012
2085
27255
1954
1801
37729
8369
1242
1955
1250
1259
1358
1376
1517
6986
1635
7478
32892
1639
34162
35957
2369
4388
2700
8636
4189
5909
47465
48711
1131
65514
6953
3676
4823
5135
5349
5377
5481
5812
4701
107649
4641
4369
4911
1059
4351
4306
4016
3893
3785
4612
3751
3361
6683
3113
3052
106473
8528
904
7022
7844
8961
26585
1721
4721
7376
31221
32025
27904
232
318
7373
3948
8464
26662
5507
68358
7090
6857
661
63992
76251
78209
104
8865
6754
104283
82461
5618
3030
47640
741
71057
1274
2924
69526
3265
3996
95441
106696
5219
54290
30745
31658
52885
121231
5
186
236
246
300
337
2502
357
377
520
529
587
628
5445
8188
6713
2359
4069
247
3301
3300
3275
3257
2641
1256
6287
1061
80551
2082
3546
69640
5662
8972
36401
339
8584
8766
8154
8195
8207
8236
8751
8765
8767
163949
164979
25805
25927
26150
26151
26366
8128
7792
7335
7195
6983
6981
6830
6783
6643
6515
6433
6229
5795
5747
5289
5198
5169
164977
31770
4712
123663
132458
131796
128235
127212
127144
123695
115139
34517
112070
107636
82313
72741
72176
56015
132549
1900
139642
140715
140725
47274
46664
42217
41585
144172
148482
155064
156387
158783
160954
161582
163056
4928
55946
4437
4327
47044
1272
1260
1232
1211
66203
1209
1197
1172
1153
946
914
146501
7155
1281
5984
3707
3176
59725
45720
8533
82152
2942
1028
4322
111384
111931
1
1273
39421
2747
2202
3415
3384
3811
3947
3679
4103
3111
4262
3089
3498
2927
2857
3742
3789
1957
3539
4326
1572
3671
3632
2178
2109
2182
138610
1942
1935
8928
3809
3703
68319
66934
107999
122886
69712
4018
94777
64969
31878
6539
47099
46970
4995
97938
8874
35836
60684
109249
70286
118997
7458
64957
63131
52319
34321
1176
115617
5971
109487
77455
6350
1210
6942
41863
49917
48738
48696
48516
45210
48774
47629
47423
49824
45028
46723
111624
7161
2068
55820
96610
96832
4890
2019
135518
78499
55247
3978
3260
5902
26554
5299
1704
1265
98154
101525
99149
99114
98961
94959
97923
94931
95135
97921
97752
95558
96588
97304
96811
95449
96728
68157
5782
55069
55442
93040
6863
74458
39183
40629
38304
40819
37741
46578
82459
82463
81932
81845
81591
81562
80489
74545
67255
80463
79242
78574
78039
74324
260
2396
72998
2997
132046
79132
293
4011
27611
2571
3949
7153
5952
4993
8795
4973
40614
7361
1291
5064
56152
56805
55269
54272
55276
55253
55118
56286
56607
56782
51540
52241
52967
56788
55052
54286
54881
53123
53894
53000
54513
745
6218
1036
44199
3994
1617
2273
780
4223
434
494
3916
153
2600
2985
2989
4023
5602
4638
3160
3175
3499
8781
7347
2329
