8128
3111
1957
3811
5747
1211
5198
1197
1172
1273
4326
4262
3679
4103
47
1956
1572
6981
1259
608
42217
300
3415
26150
25805
111
6783
26151
3742
6643
8195
1232
1358
6433
1955
296
1103
4041
52973
350
6985
2361
1258
3809
55820
3882
37733
88125
2288
5608
4973
1089
68157
4226
27592
8928
109249
1704
3949
46578
109374
4011
1732
1219
130682
27773
48394
2529
1997
48780
4995
62849
66097
780
494
434
3175
4023
3499
8781
7347
5602
4638
4223
1617
3916
153
3160
2989
2985
2600
2329
2273
74458
1079
79132
44199
1036
3994
745
5064
1291
6218
293
1176
2959
215
5
67997
58559
52885
31658
2004
30745
1635
8188
6713
6287
5662
3546
1256
1080
2012
186
236
1517
246
1376
1250
1242
904
661
1639
1801
628
587
1954
2085
520
377
357
337
529
135518
2369
6016
44191
106473
3676
5449
55247
106918
8369
70286
78349
94777
1900
117533
1
40148
2396
47099
60072
77455
78499
4322
1028
1088
2942
6863
8533
45720
63131
64969
3703
107649
68954
65514
2692
2700
3052
3113
3114
3260
3361
3751
3785
3893
3978
4016
4306
4351
4369
4641
4701
4823
4890
5135
5349
5377
5481
5812
6281
6953
8636
247
318
40614
104841
34405
27904
8861
7373
5507
5219
4069
3301
3300
3275
3257
2641
2359
1061
80551
60684
66934
68319
5618
8865
6754
132046
104283
82461
5971
3030
69526
44555
7361
47640
46970
71057
69712
2082
69640
54290
8972
4467
2968
1199
111624
107999
8623
2174
150
100365
45950
37729
35957
34162
32892
7478
4911
5909
47465
27255
7458
5445
52319
121231
109487
260
6986
4388
6683
4612
4189
48711
64957
1131
36401
104
2502
8528
3948
2068
1265
1210
3707
232
50
35836
32025
31221
7376
4721
122886
33794
31878
4018
5299
7161
93040
134853
118997
115617
106696
97938
95441
72998
8464
68358
56367
34321
27611
26662
26614
26585
26554
8961
1200
1274
924
741
4121
3793
1610
1120
2571
1042
858
593
78209
76251
61024
2019
2924
8874
6539
8795
7844
7153
7090
7022
6857
6350
2997
5952
5902
5782
4993
3996
3265
3176
599
5984
97673
96832
96811
96728
96610
96588
96417
95761
95558
95449
95135
94969
94959
94931
91077
90866
90531
90439
97304
97752
90057
97921
105355
105197
103688
103624
103449
103372
103107
102469
102194
101895
101525
101285
99149
99114
98961
98154
97923
90376
89804
106100
80489
79242
78653
78574
78039
74545
74324
73023
72741
72720
72395
72226
72176
72131
72011
71745
71464
71108
80463
81562
89759
81591
89492
89470
89260
88810
88235
88129
87304
86833
86320
85394
83976
82463
82459
82313
81932
81845
81786
105504
106766
7155
144172
142488
141749
140725
140715
140174
139642
139385
137337
134881
134859
134130
133771
133645
132800
132549
132547
132458
143385
146656
128606
148482
111931
111384
82152
66203
47044
138610
164979
164977
163949
163056
161582
161336
160954
158783
156387
155064
148626
131796
128512
106916
114342
113064
112852
112556
112552
112550
112515
112290
112183
112070
111622
111505
111251
111249
110871
107636
107141
106920
114254
114459
128360
114662
128235
127212
127206
127144
127114
127108
123695
123663
122882
118880
118700
117176
116797
116161
115713
115569
115139
70293
339
69481
3539
6229
5956
5795
5791
5464
5289
5169
4928
4763
4712
4437
4327
3947
3789
3671
3634
3632
6515
6830
6874
8207
67665
8765
8751
8645
8584
8494
8236
8154
6983
8125
7926
7792
7438
7335
7243
7195
3629
3498
25927
3384
1272
1260
1245
1209
1153
954
946
914
757
146501
588
541
364
319
306
53318
39421
1281
1283
1935
2747
3246
3089
3022
2936
2927
2920
2857
2730
1942
2677
2330
2202
2182
2178
2109
2028
8767
8766
26366
54881
56805
56788
56782
56607
56286
56152
56015
55946
55442
55363
55280
55276
55269
55253
55118
55069
31770
57669
58191
58879
64620
67429
67255
67087
66665
64839
64701
64622
64614
60069
63876
63082
61357
61323
61240
61236
60766
55052
55063
54513
48516
47423
47274
46723
46664
45210
45028
41997
41863
41585
40819
40629
39183
38304
37741
34517
54286
47629
48696
52241
54272
53953
53894
53123
53000
52967
52579
52281
51540
50068
49917
49824
48774
48738
63992
6942
2542
2424
59725
778
1729
1721
1059
