79132
2959
48780
2571
4226
1704
27611
132046
1291
58559
5481
2012
1376
318
7153
5952
5608
4011
2529
4995
74458
4993
8795
3260
3978
5902
3949
62849
778
1729
47
1219
2019
70286
27773
924
1617
2273
2329
2600
2985
2989
3160
434
3499
3175
494
3916
153
4023
4223
4638
8781
7347
5602
780
109487
72998
1258
1176
3361
2692
2542
60684
1210
44199
135518
1079
1036
3994
745
296
67255
74324
74545
78039
78574
79242
80489
81562
81591
81845
81932
82459
80463
82463
5064
1265
111384
121231
68319
3176
1061
1732
260
78349
6218
1089
293
78499
77455
8861
3703
94777
45720
337
246
300
1517
350
64969
8533
1358
520
357
377
1259
529
65514
628
661
904
1059
63131
1242
59725
1250
587
5984
236
3707
1080
364
1256
2288
319
3546
5662
306
6287
6713
8188
27592
53318
39421
30745
31658
52885
7155
67997
5
186
215
1635
8636
4041
6953
3052
6016
2369
1
117533
2361
1900
8369
2396
106918
247
2700
4351
4369
3113
4306
3114
55247
5449
3676
106473
44191
3751
3785
3893
40148
47099
6281
1801
5812
88125
6942
5377
4016
5135
4890
4823
1639
4701
107649
4641
60072
68954
1954
1956
6863
2942
2004
1997
1088
1028
4322
2085
5349
33794
111
66097
3300
3301
3809
3882
4069
5219
5507
7373
8928
27904
34405
37733
48394
63992
66934
36401
69526
69712
71057
46970
47640
6985
7361
44555
3030
5618
5971
82461
104283
6754
3275
3257
2641
2359
1955
7478
32892
34162
35957
37729
45950
100365
150
2174
8623
107999
130682
5909
4388
1131
48711
4189
4612
6683
6986
27255
52319
608
8972
69640
104841
2082
80551
8865
104
40614
7161
588
1721
122886
4721
7376
31221
32025
35836
50
2068
2424
3948
4018
5299
8464
1103
26614
26662
34321
46578
56367
68358
95441
97938
106696
109249
115617
118997
134853
54290
31878
26585
26554
8961
2502
8528
52973
55820
61024
76251
78209
593
858
1042
1120
1200
1610
3793
4121
741
1274
2924
2997
3265
3996
5782
6350
6539
6857
7022
7090
7844
8874
541
599
146501
97673
96832
96811
96728
96610
96588
96417
95761
95558
95449
95135
94969
94959
94931
91077
90866
90531
90439
97304
97752
90057
97921
105355
105197
103688
103624
103449
103372
103107
102469
102194
101895
101525
101285
99149
99114
98961
98154
97923
90376
89804
61323
72176
72011
71745
71464
71108
70293
69481
67665
67429
67087
66665
64839
64701
64622
64620
757
63876
63082
72131
72226
89759
72395
89492
89470
89260
88810
88235
88129
87304
86833
86320
85394
83976
82313
81786
78653
73023
72741
72720
105504
106100
106766
143385
141749
140725
140715
140174
139642
139385
137337
134881
134859
134130
133771
133645
132800
132549
132547
132458
131796
142488
144172
106916
146656
111931
82152
66203
47044
138610
164979
164977
163949
163056
161582
161336
160954
158783
156387
155064
148626
148482
128606
128512
128360
128235
113064
112852
112556
112552
112550
112515
112290
112183
112070
111622
111505
111251
111249
110871
107636
107141
106920
114254
114342
114459
122882
127212
127206
127144
127114
127108
123695
123663
118880
114662
118700
117176
116797
116161
115713
115569
115139
61357
64614
7335
5464
5198
5169
4928
4763
4712
4437
4327
4326
4262
4103
3947
3811
3789
3742
3679
3671
3634
5289
5747
3629
5791
7926
7792
7438
61240
7243
7195
6983
6981
6874
6830
6783
6643
6515
6433
6229
5956
5795
3632
3539
8128
1957
1935
1572
1283
1281
1273
1272
1260
1245
1232
1211
1209
1197
1172
1153
954
946
914
1942
2028
3498
2109
3415
3384
3246
3111
3089
3022
2936
2927
2920
2857
2747
2730
2677
2330
2202
2182
2178
8125
339
8154
49917
55118
55069
55063
55052
54881
54513
54286
54272
53953
53894
53123
53000
8195
52579
52281
52241
51540
55253
55269
55276
56788
61236
60766
60069
58879
58191
57669
56805
56782
55280
56607
56286
56152
56015
55946
55442
55363
50068
52967
49824
39183
37741
48774
31770
26366
26151
26150
25927
25805
8767
8766
8765
8751
8645
8584
8494
8236
8207
38304
34517
40629
40819
48738
48696
48516
47629
47423
47274
46723
46664
45210
45028
42217
41585
41863
41997
4973
232
109374
68157
111624
93040
5445
1199
47465
4911
4467
7458
2968
64957
