53894
54881
54272
54286
56805
54513
56788
56782
56607
53000
55052
56286
56152
55118
55253
55269
53123
55276
52967
52241
51540
60766
67429
64839
64701
55063
64620
64614
63876
63082
61357
61323
57669
58191
58879
60069
64622
98961
99114
99149
97923
101525
98154
97921
97752
97304
96811
96728
96588
94931
94959
95558
95449
95135
106766
103624
103107
103372
105197
101895
105355
106100
107141
106920
102194
106916
97673
90057
83976
86833
87304
88129
88235
88810
91077
86320
90866
85394
90439
90376
89759
89804
90531
89470
89492
89260
41863
45028
45210
46723
47423
47629
48516
48696
48738
48774
49824
49917
82459
81932
67255
81845
81591
82463
81562
80489
80463
79242
78574
78039
74545
74324
55069
55442
127114
146656
148626
143385
142488
141749
140174
139385
137337
134881
115713
133645
128606
128360
134130
81786
61240
61236
114342
116797
112852
112290
112183
112556
111622
114662
115569
116161
117176
72011
72720
66665
73023
69481
67087
70293
78653
71108
71464
72131
71745
72226
72395
96610
96832
55820
122882
134859
127108
78499
44555
112515
118700
118880
67665
47099
44199
37741
38304
39183
40629
40819
111251
55247
77455
105504
61024
97938
56367
46578
74458
3978
5902
3260
134853
109374
70286
608
924
79132
67997
7153
5952
68157
112552
3022
8125
541
954
3809
1732
117533
1258
5782
1103
4041
350
52973
1265
296
2997
156387
163949
2936
111
1219
318
3361
7361
4973
7243
1283
3629
2361
5608
3546
4226
2959
2028
1028
1956
1957
3811
8128
1273
3679
1256
904
3111
1172
5747
1197
4103
5198
1211
4262
4326
1080
246
37733
93040
778
1729
1088
3265
7022
26554
6942
26585
1
2942
6985
7478
1635
357
337
300
2369
3176
8464
3882
47
111624
2019
232
2692
1089
1704
106696
6016
33794
8928
5377
247
27904
1079
60684
109249
27592
628
7844
26614
3948
8188
50
5812
7090
2924
1955
1358
3996
5135
1059
1199
1721
2288
132046
53318
5971
2571
4467
111384
78349
121231
106918
27773
64957
6350
94777
2968
27611
59725
100365
65514
44191
7155
1061
63992
34405
135518
48780
31878
4995
2359
52319
8795
4993
88125
7458
260
5618
35836
72998
8533
45950
5795
6281
529
8528
104841
8636
4641
2068
48394
39421
150
6539
130682
7376
215
32025
5909
4911
31221
4721
741
69526
520
1274
1131
661
8961
1242
1376
37729
35957
1801
32892
2004
6857
47465
4612
78209
76251
104283
80551
82461
3030
2641
3257
3275
68358
3300
4069
54290
5219
5507
7373
47640
26662
6754
5662
6986
52885
48711
4189
71057
31658
6683
27255
8972
30745
104
36401
8865
6713
6287
2082
599
339
123695
6643
6783
6874
6981
6983
144172
140725
140715
139642
133771
132800
132549
132547
132458
131796
128512
128235
127212
127206
6433
6229
5956
3634
2927
3089
3246
3384
3415
3498
3539
3632
3671
5791
3742
3789
3947
4327
4437
4712
4928
5464
127144
123663
2857
114459
52281
52579
53953
55280
55363
55946
72176
72741
82313
111505
94969
95761
96417
101285
102469
103449
103688
107636
110871
50068
47274
42217
8195
114254
113064
112550
112070
7438
7792
7926
8154
8207
41997
8494
8584
8645
25805
26150
26151
26366
34517
2920
4763
2747
5984
8369
1900
161582
161336
160954
158783
306
946
319
364
588
146501
757
155064
5449
68954
5481
163056
164977
4701
4369
164979
4351
138610
4016
47044
66203
3785
82152
111931
3113
914
111249
1232
1209
2677
2178
1272
2202
1245
2730
1942
1572
148482
2330
1281
1935
2109
115617
1176
64969
46970
63131
66097
34321
107999
1250
68319
4388
109487
122886
69640
25927
46664
6863
4018
1997
3793
2529
5299
45720
8861
31770
6953
8751
41585
587
5349
8767
8766
8765
7195
5289
56015
4322
1153
6830
2700
6515
1260
7335
115139
2085
34162
5445
5169
186
4306
8236
2182
95441
66934
3703
6218
1210
118997
1042
858
593
4121
1610
1200
1120
106473
3707
8874
3949
7161
58559
5
2502
3751
8623
107649
236
3114
69712
3052
3893
1259
4823
377
60072
3301
40614
1036
2542
2424
293
1954
1517
2396
62849
5064
1291
3676
2174
2012
1639
4890
40148
745
3994
4011
2329
434
494
780
1617
2273
3175
3499
2600
2985
2989
3160
8781
7347
5602
153
4638
4023
3916
4223
