1079
954
8125
541
3022
318
608
2936
1283
3629
7243
3809
50
26614
778
1729
296
109249
1036
4973
293
1610
858
628
593
1
1200
1120
246
4121
1080
1042
1732
8928
26585
78499
3361
2028
434
8781
4223
2985
7347
2600
2329
2273
3175
3499
1617
3160
5602
2989
3916
494
780
153
4638
4023
1103
52973
4041
350
2542
46578
2959
109374
7022
3265
5782
3793
60072
44199
111384
121231
134853
55820
3994
745
1061
3882
37733
1291
5064
115617
1089
4011
68157
6218
3949
27773
4306
4351
1956
4016
587
1358
1259
1250
1242
1059
904
661
529
3978
520
377
186
67997
58559
31658
30745
1376
1517
1635
1639
3893
3785
3751
3260
3113
3052
2700
2692
2396
2369
2085
2012
2004
1954
1801
4369
135518
4641
4322
1088
2942
6863
6942
8533
45720
59725
63131
64969
3176
3707
5984
7155
39421
53318
146501
757
914
946
1153
1172
1197
1209
1211
1232
1260
1272
1273
1281
1028
77455
4701
47099
4823
4890
5135
6713
5349
5377
5481
5812
6281
6953
8636
65514
68954
107649
3703
44191
3676
5449
55247
106918
8369
70286
78349
94777
1900
2361
117533
6016
40148
8188
1265
6287
8861
104841
2082
80551
2359
2641
3257
3275
3300
3301
4069
5219
5507
7373
27904
8972
34405
60684
63992
66934
68319
69526
69712
71057
46970
47640
6985
7361
44555
69640
7458
5971
4911
1955
7478
32892
34162
35957
37729
45950
100365
2174
111624
1199
2968
4467
5909
5445
47465
4388
1131
64957
48711
4189
4612
6683
6986
27255
260
109487
52319
3030
82461
5662
34321
31221
32025
35836
232
1176
1210
1935
2068
3948
4018
5299
8464
27611
56367
4721
68358
72998
93040
95441
97938
106696
118997
54290
40614
111
247
1256
3546
7376
122886
132046
2997
6754
8865
36401
104
2502
8528
61024
76251
78209
924
2019
2571
2924
3996
1721
4993
5902
5952
6539
7090
7153
7844
8795
8874
8961
26554
31878
33794
1572
599
1942
94969
96728
96610
96588
96417
95761
95558
95449
95135
94959
89492
94931
91077
90866
90531
90439
90376
90057
89804
96811
96832
97304
97673
103688
103624
103449
103372
103107
102469
102194
101895
101525
101285
99149
99114
98961
98154
97923
97921
97752
89759
89470
67087
72176
78039
74545
74324
73023
72741
72720
72395
72226
72131
89260
72011
1957
71464
71108
70293
69481
67665
67429
78574
78653
79242
80463
88810
88235
88129
87304
86833
86320
85394
83976
82463
82459
82313
81932
81845
81786
81591
81562
80489
105197
105355
105504
134859
141749
140725
140715
140174
139642
139385
137337
134881
134130
106100
133771
133645
132800
132549
132547
132458
131796
128606
142488
143385
144172
146656
111931
82152
66203
47044
138610
164979
164977
163949
163056
161582
161336
160954
158783
156387
155064
148626
148482
128512
128360
128235
113064
112556
112552
112550
112515
112290
112183
112070
111622
111505
111251
111249
110871
107636
107141
106920
106916
106766
112852
114254
127212
114342
127206
127144
127114
127108
123695
123663
122882
118880
118700
117176
116797
116161
115713
115569
115139
114662
114459
67255
71745
66665
6229
8236
8207
8195
8154
8128
7926
7792
7438
7335
7195
6983
6981
6874
6830
6783
6643
6515
8494
8584
8645
34517
41863
41585
40819
40629
39183
38304
37741
31770
8751
26366
26151
26150
25805
8767
8766
8765
6433
5956
42217
5795
3634
3632
3539
3498
3415
3384
3111
3089
2927
2920
2857
2747
2730
2202
2182
2178
2109
3671
3679
3742
4763
5791
5747
5464
5289
5198
5169
4928
4712
3789
4437
4327
4326
4262
4103
3947
3811
41997
25927
339
58879
56782
55052
63082
61357
61323
61240
61236
55063
60766
55069
60069
55118
55253
55269
54881
58191
57669
55276
55280
45028
55363
55442
55946
56015
56152
56805
56788
56286
64614
63876
54513
51540
45210
46664
46723
47274
47423
47629
48516
48696
48738
48774
49824
49917
64839
54286
50068
52241
53000
64620
54272
53953
53894
64622
52281
53123
64701
52967
52579
56607
79132
4995
74458
66097
1704
62849
48780
1997
2529
1219
48394
130682
1258
4226
27592
5608
88125
2288
6350
5618
106473
26662
3114
107999
2424
7161
47
150
236
6857
104283
52885
5
8623
300
357
741
337
1274
215
306
2677
1245
2330
3246
319
588
364
