593
1610
1042
4121
1120
858
1200
26614
50
3793
293
1245
319
306
2677
588
3246
364
2330
318
2028
215
3361
111384
121231
1061
27773
5
186
1358
1376
587
67997
58559
236
31658
30745
52885
246
628
300
337
350
357
1259
1250
377
1242
520
1059
8188
904
661
529
27592
2288
6713
6287
97938
95441
93040
72998
68358
56367
46578
34321
27611
26662
8464
7161
5299
4973
4018
3948
2424
106696
109249
109374
1089
5662
3546
2529
1635
1729
1256
1219
1080
115617
1079
247
111
40614
54290
134853
118997
1517
2012
1639
1
60072
47099
40148
6016
5608
2959
2542
778
117533
3676
2361
1900
94777
78349
70286
8369
106918
55247
62849
77455
78499
4322
53318
39421
7155
5984
3707
3176
64969
63131
59725
45720
8533
6942
6863
2942
1997
1088
1028
5449
106473
1801
3052
4016
3978
3893
3785
3751
3260
3114
3113
2700
44191
2692
2396
2369
2085
1265
2004
1956
1954
4041
4306
4351
4369
3703
107649
88125
68954
65514
8636
6953
6281
5812
5481
5377
5349
5135
4890
4823
4701
4641
2068
135518
1210
7373
5219
4069
3882
3809
3301
3300
3275
3257
2641
2359
1732
80551
2082
104841
69640
8972
7458
5507
8861
608
8928
7361
6985
47640
46970
71057
69712
69526
68319
68157
66934
66097
63992
60684
48394
37733
34405
27904
5445
52319
1176
5909
4467
2968
1199
130682
111624
107999
8623
2174
150
100365
45950
37729
35957
34162
32892
7478
1955
4911
47465
109487
296
79132
48780
4995
4226
1704
1258
260
27255
6986
6683
4612
4189
48711
74458
64957
1131
4388
44555
3030
5618
6857
6350
5952
5902
5782
4993
3996
3265
2997
2924
2571
2019
1274
924
741
44199
8781
7347
6539
7022
5971
7090
232
47
35836
31221
7376
4721
122886
1721
33794
31878
26585
26554
8961
8874
8795
7844
7153
6218
5602
5064
4638
434
153
78209
76251
61024
55820
52973
8528
2502
1103
104
36401
8865
6754
132046
104283
82461
494
745
780
3175
4223
4023
4011
3994
3949
3916
3499
3160
1036
2989
2985
2600
2329
2273
1617
1291
32025
599
541
94969
96728
96610
96588
96417
95761
95558
95449
95135
94959
105355
94931
91077
90866
90531
90439
90376
90057
89804
96811
96832
97304
97673
103688
103624
103449
103372
103107
102469
102194
101895
101525
101285
99149
99114
98961
98154
97923
97921
97752
89759
89492
89470
78653
78039
74545
74324
73023
72741
72720
72395
72226
72176
72131
72011
71745
71464
71108
70293
69481
67665
78574
79242
89260
80463
88810
88235
88129
87304
86833
86320
85394
83976
82463
82459
82313
81932
81845
81786
81591
81562
80489
105197
105504
67255
134859
141749
140725
140715
140174
139642
139385
137337
134881
134130
106100
133771
133645
132800
132549
132547
132458
131796
128606
142488
143385
144172
146656
111931
82152
66203
47044
138610
164979
164977
163949
163056
161582
161336
160954
158783
156387
155064
148626
148482
128512
128360
128235
113064
112556
112552
112550
112515
112290
112183
112070
111622
111505
111251
111249
110871
107636
107141
106920
106916
106766
112852
114254
127212
114342
127206
127144
127114
127108
123695
123663
122882
118880
118700
117176
116797
116161
115713
115569
115139
114662
114459
67429
67087
146501
4763
5795
5791
5747
5464
5289
5198
5169
4928
4712
8494
4437
4327
4326
4262
4103
3947
3811
3789
5956
6229
6433
6515
8207
8195
8154
8128
8125
7926
7792
7438
7335
7243
7195
6983
6981
6874
6830
6783
6643
3742
3679
3671
1957
1935
1572
1283
1281
1273
1272
1260
1232
1211
1209
1197
1172
1153
954
946
914
757
1942
2109
3634
2178
3632
3629
3539
3498
3415
3384
3111
3089
3022
2936
2927
2920
2857
2747
2730
2202
2182
8236
8584
66665
55253
56152
56015
55946
55442
55363
55280
55276
55269
55118
8645
55069
55063
55052
54881
54513
54286
54272
53953
56286
56607
56782
56788
64839
64701
64622
64620
64614
63876
63082
61357
61323
61240
61236
60766
60069
58879
58191
57669
56805
53894
53123
53000
41997
41585
40819
40629
39183
38304
37741
34517
31770
26366
26151
26150
25927
25805
8767
8766
8765
8751
41863
42217
52967
45028
52579
52281
52241
51540
50068
49917
49824
48774
48738
48696
48516
47629
47423
47274
46723
46664
45210
339
