260
104
6287
5449
3916
4638
1617
2273
2329
2600
2985
2989
3160
3175
3499
4023
4223
7347
8781
153
434
494
5602
780
44199
1036
3994
745
5064
1291
4011
3949
6218
1210
293
2019
132046
2068
122886
107999
27611
109487
68319
2571
135518
3703
70286
72998
79132
5608
1250
1635
1517
1376
1358
1259
1242
1801
1059
904
661
628
587
529
1639
946
954
541
39421
53318
2012
306
319
364
588
377
146501
757
914
2004
1956
1954
520
337
357
1256
1209
5662
3546
2529
2288
1729
1219
5984
1211
1089
1080
247
111
40614
1197
1172
6713
8188
27592
27773
30745
31658
52885
58559
67997
186
1153
215
236
246
300
7155
2085
3707
5481
65514
8636
6953
40148
6281
5812
5377
4351
5349
5135
4890
4823
4701
4641
68954
88125
107649
44191
106473
3676
6016
55247
106918
8369
78349
94777
1900
2361
117533
778
2542
4369
4306
2959
6863
2700
2692
2396
1997
2369
2942
6942
47099
8533
45720
59725
63131
64969
3176
1088
3052
1028
4322
3113
77455
118997
62849
3114
3260
3361
3751
3785
60072
3893
3978
4016
54290
50
106696
97938
4069
3301
3300
3275
3257
2641
2359
1061
80551
2082
104841
69640
8972
7458
5445
5219
5507
7373
68157
6985
47640
46970
71057
69712
69526
66934
8861
66097
63992
60684
48394
34405
27904
52319
121231
48780
100365
2968
1199
130682
111624
2174
150
45950
4911
37729
35957
34162
32892
7478
1955
4467
5909
4995
4612
4226
1704
1258
27255
6986
6683
4189
47465
48711
74458
64957
1131
4388
296
7361
44555
3030
33794
35836
32025
31221
7376
4721
1721
31878
1245
26585
26554
8961
8874
8795
7844
47
232
7090
26614
95441
93040
68358
56367
34321
26662
8464
318
5299
4018
3948
2424
1265
1176
7153
7022
5618
8528
1042
858
593
78209
76251
61024
2502
1200
36401
8865
6754
104283
82461
5971
1120
1610
6857
3996
6539
6350
5952
5902
5782
4993
3265
3793
2997
2924
1274
924
741
4121
1232
599
1260
94959
96610
96588
96417
95761
95558
95449
95135
94969
94931
96811
91077
90866
90531
90439
90376
90057
89804
89759
96728
96832
66665
101525
103688
103624
103449
103372
103107
102469
102194
101895
101285
97304
99149
99114
98961
98154
97923
97921
97752
97673
89492
89470
89260
72131
74545
74324
73023
72741
72720
72395
72226
72176
72011
88810
71745
71464
71108
70293
69481
1272
67429
67255
78039
78574
78653
79242
88235
88129
87304
86833
86320
85394
83976
82463
82459
82313
81932
81845
81786
81591
81562
80489
80463
105197
105355
105504
134881
142488
141749
140725
140715
140174
139642
139385
137337
134859
128512
134130
133771
133645
132800
132549
132547
132458
131796
143385
144172
146656
148482
111931
111384
82152
66203
47044
138610
164979
164977
163949
163056
161582
161336
160954
158783
156387
155064
148626
128606
128360
106100
111622
112852
112556
112552
112550
112515
112290
112183
112070
111505
128235
111251
111249
110871
107636
107141
106920
106916
106766
113064
114254
114342
114459
127212
127206
127144
127114
127108
123695
123663
122882
118880
118700
117176
116797
116161
115713
115569
115139
114662
67087
67665
64839
5956
6981
6874
6830
6783
6643
6515
6433
6229
5795
4437
5791
5747
5464
5289
5198
5169
4928
4763
6983
7195
7243
7335
25805
8767
64701
8765
8751
8645
8584
8494
8236
8207
8195
8154
8128
8125
7926
7792
7438
4712
4327
26150
2178
2920
2857
2747
2730
2677
2330
2202
2182
2109
4326
2028
1957
1942
1935
1572
1283
1281
1273
2927
2936
3022
3089
4262
4103
3947
3811
3789
3742
3679
3671
3634
3632
3629
3539
3498
3415
3384
3246
3111
25927
8766
26151
53000
56015
55946
55442
55363
55280
55276
55269
55253
55118
55069
55063
55052
54881
54513
54272
53953
53894
56152
56286
56607
61240
64622
64620
64614
63876
63082
61357
61323
61236
56782
60766
60069
58879
58191
57669
56805
56788
53123
54286
52967
41863
47423
47274
52579
46664
45210
45028
42217
41997
41585
48516
40819
40629
39183
38304
37741
34517
31770
26366
47629
46723
48696
49917
52281
52241
51540
50068
339
48738
48774
49824
109249
1732
109374
46578
115617
8928
4973
1079
134853
37733
3882
55820
3809
7161
52973
1103
4041
350
78499
8623
5
1
608
