2542
296
2571
1704
904
377
608
1200
1610
4121
1042
858
593
1120
778
1729
2959
4041
1103
350
52973
1089
1079
40148
132046
3793
5608
1219
4995
3809
79132
1210
55820
1732
37733
3882
741
1274
6857
52885
1242
104283
27611
62849
4973
26585
68157
8928
70286
135518
72998
109249
1176
107999
7022
3265
46578
5782
109374
4226
26662
109487
106473
5618
6350
1250
260
122886
34405
1258
94777
68319
3703
4306
100365
68954
4016
65514
8636
6281
4641
4351
4369
5812
4701
4823
4890
3978
5349
5377
6953
5481
5135
3751
3893
1635
357
8623
520
529
587
628
661
2174
1059
150
1259
1358
1376
1517
1639
3785
1801
1954
1956
2004
2012
2085
2369
2396
2692
2700
3113
3114
3260
3361
107649
2641
44191
1232
5984
7155
39421
53318
146501
757
914
946
1153
1172
1197
1209
1211
1260
3676
1272
1273
1281
1572
1935
1942
1957
2109
2178
2182
2202
2730
2747
3707
3176
64969
63131
5449
55247
337
8369
45950
78349
1900
2361
117533
1
37729
35957
34162
32892
6016
7478
47099
1955
77455
78499
4322
1028
1088
2942
6863
8533
45720
106918
31658
300
6754
36401
104
7458
2502
8528
5445
52319
61024
76251
78209
121231
27255
6986
6683
4612
924
4189
2019
48711
2924
2997
3996
4993
5902
5952
6539
64957
8865
8972
246
69640
3275
3300
3301
2359
1061
4069
5219
5507
7373
8861
80551
27904
2082
60684
66934
104841
69526
69712
71057
46970
47640
6985
7361
44555
3030
5971
82461
7090
7153
7844
8795
106696
115617
118997
134853
54290
40614
111
247
4911
1080
4467
2968
1256
1199
3546
5662
6287
6713
8188
30745
3257
111624
58559
67997
5
186
236
97938
95441
93040
318
8874
8961
26554
1131
31878
33794
4721
7376
31221
32025
35836
232
4388
2920
1265
2068
3948
4018
47465
5299
7161
8464
5909
34321
56367
68358
2857
599
2927
97752
97304
96832
96811
96728
96610
96588
96417
95761
95558
95449
95135
94969
94959
94931
91077
90866
90531
97673
97921
90376
97923
105504
105355
105197
103688
103624
103449
103372
103107
102469
102194
101895
101525
101285
99149
99114
98961
98154
90439
90057
69481
81562
79242
78653
78574
78039
74545
74324
73023
72741
72720
72395
72226
72176
72131
72011
71745
71464
71108
80489
81591
89804
81786
89759
89492
89470
89260
88810
88235
88129
87304
86833
86320
85394
83976
82463
82459
82313
81932
81845
106100
106766
106916
144172
142488
141749
140725
140715
140174
139642
139385
137337
134881
134859
134130
133771
133645
132800
132549
132547
132458
143385
146656
106920
148482
111931
111384
82152
66203
47044
138610
164979
164977
163949
163056
161582
161336
160954
158783
156387
155064
148626
131796
128606
128512
128360
114254
113064
112852
112556
112552
112550
112515
112290
112183
112070
111622
111505
111251
111249
110871
107636
107141
114342
114459
114662
123663
128235
127212
127206
127144
127114
127108
123695
122882
115139
118880
118700
117176
116797
116161
115713
115569
70293
80463
67665
26151
25927
25805
8767
8766
8765
8751
8645
8584
8494
8236
8207
8195
8154
8128
7926
7792
7438
26150
26366
48696
31770
47629
47423
47274
46723
46664
67429
45210
45028
42217
41863
41585
40819
40629
39183
38304
37741
34517
7335
7195
6983
6981
4326
4262
4103
3947
3811
3789
3742
3679
3671
3634
3632
3539
3498
3415
3384
3111
3089
4327
4437
4712
5956
6874
6830
6783
6643
6515
6433
6229
5795
4763
5791
5747
5464
5289
5198
5169
4928
48516
339
55052
53894
49824
49917
50068
56015
51540
52241
55946
55442
52579
52967
53000
53123
53953
55276
54272
54286
54513
54881
61357
55063
55363
55069
63082
55118
55280
55253
48774
63876
56152
64701
61323
61240
67255
67087
61236
66665
60766
60069
64839
58879
64614
58191
64622
48738
57669
56805
56788
56782
64620
56607
56286
55269
74458
66097
215
48780
1997
2529
27773
130682
319
364
306
2330
1245
2677
588
3246
27592
88125
2288
48394
2936
52281
41997
50
26614
60072
541
8125
954
3022
47
63992
4011
3949
6942
2028
7243
3629
1283
2424
1291
3052
6218
59725
1036
5064
745
293
3994
44199
1721
4023
3160
2989
2985
2600
2329
2273
1617
3916
780
3175
494
434
4223
153
4638
5602
7347
8781
3499
