1036
587
520
150
26585
7022
3265
5782
3175
3499
4023
4638
4223
2985
5602
7347
8781
2989
3916
2600
780
153
434
494
2329
3160
1617
2273
3114
44199
3994
745
2424
1291
5064
4011
3949
6218
1635
1376
1517
1358
135518
1639
1801
1954
1956
2004
1259
1059
1250
27773
8188
6713
6287
5662
3546
2529
2288
1256
1219
1089
1080
247
111
40614
54290
134853
115617
27592
30745
1242
31658
2085
904
661
628
529
377
357
350
337
300
246
236
186
5
67997
58559
52885
2012
2396
2369
2361
63131
59725
45720
8533
6942
6863
2942
1997
1088
4322
78499
77455
62849
60072
47099
40148
6016
5608
1
64969
3176
3707
1153
1273
1272
1260
1232
1211
1209
1197
1172
954
5984
946
914
757
146501
541
53318
39421
7155
117533
1900
95441
94777
4890
4823
4701
4641
4369
4351
4306
4041
4016
3978
3893
3785
3751
3361
3260
3113
3052
2700
2692
5135
5349
5377
44191
78349
70286
8369
106918
55247
5449
3676
106473
3703
5481
107649
88125
68954
65514
8636
6953
6281
5812
97938
1176
93040
71057
3275
3257
2641
2359
1061
80551
2082
104841
69640
8972
7458
5445
52319
121231
109487
3300
3301
3882
48394
69526
68319
68157
66097
63992
60684
37733
4069
34405
27904
8861
7373
5507
5219
79132
48780
4995
100365
1199
130682
111624
107999
8623
2174
45950
4467
37729
35957
34162
32892
7478
1955
2968
4911
4226
4612
1704
1258
260
27255
6986
6683
4189
5909
48711
74458
64957
1131
4388
47465
69712
46970
72998
47640
47
35836
32025
31221
7376
4721
122886
1721
33794
31878
26554
8961
8874
8795
7844
50
232
318
8464
68358
56367
34321
27611
26662
26614
7161
1283
5299
4018
3948
2068
1265
1210
7153
7090
6857
104283
1103
104
36401
8865
6754
132046
82461
8528
5971
5618
3030
44555
7361
6985
2502
52973
6350
2571
5952
5902
4993
3996
2997
2924
2019
55820
1274
924
741
78209
76251
61024
1281
599
1572
94959
96610
96588
96417
95761
95558
95449
95135
94969
94931
96811
91077
90866
90531
90439
90376
90057
89804
89759
96728
96832
66665
101525
103688
103624
103449
103372
103107
102469
102194
101895
101285
97304
99149
99114
98961
98154
97923
97921
97752
97673
89492
89470
89260
72131
74545
74324
73023
72741
72720
72395
72226
72176
72011
88810
71745
71464
1935
70293
69481
67665
67429
67255
78039
78574
78653
79242
88235
88129
87304
86833
86320
85394
83976
82463
82459
82313
81932
81845
81786
81591
81562
80489
80463
105197
105355
105504
134881
142488
141749
140725
140715
140174
139642
139385
137337
134859
128512
134130
133771
133645
132800
132549
132547
132458
131796
143385
144172
146656
148482
111931
111384
82152
66203
47044
138610
164979
164977
163949
163056
161582
161336
160954
158783
156387
155064
148626
128606
128360
106100
111622
112852
112556
112552
112550
112515
112290
112183
112070
111505
128235
111251
111249
110871
107636
107141
106920
106916
106766
113064
114254
114342
114459
127212
127206
127144
127114
127108
123695
123663
122882
118880
118700
117176
116797
116161
115713
115569
115139
114662
67087
71108
64839
6981
8125
7926
7792
7438
7335
7243
7195
6983
6874
40629
6830
6783
6643
6515
6433
6229
5956
5795
8128
8154
8195
8207
38304
37741
34517
31770
26366
26151
26150
64701
25805
8767
8766
8765
8751
8645
8584
8494
8236
5791
5747
5464
3539
3415
3384
3111
3089
3022
2936
2927
2920
2857
2747
2730
2202
2182
2178
2109
1957
1942
3498
3629
5289
3632
5198
5169
4928
4763
4712
4437
4327
4326
4262
4103
3947
3811
3789
3742
3679
3671
3634
39183
25927
339
60766
53894
53953
54272
54286
61240
54513
54881
55052
55063
55069
55118
55253
61236
40819
55269
53000
55276
55280
55363
55442
60069
55946
56015
56152
58879
56286
58191
56607
56782
56788
57669
53123
52967
63876
47274
46723
46664
45210
63082
45028
64614
52579
42217
64620
41997
41863
64622
41585
47423
56805
47629
48516
52281
52241
61323
51540
50068
49917
49824
48774
61357
48738
48696
66934
6539
109374
46578
118997
8928
293
296
4973
1732
2542
3809
2959
608
106696
109249
778
1729
215
2028
3793
1028
1200
593
1245
858
1042
1120
1610
2330
2677
3246
4121
588
364
319
306
1079
