296
3246
1245
306
319
364
2330
2677
588
593
1610
1200
1120
1042
858
4121
778
1729
2028
215
3793
1079
1089
2959
68157
2542
1028
357
293
1732
109249
106696
608
3809
4973
8928
118997
46578
109374
6539
66934
1639
1801
1635
1954
1376
1517
135518
1956
2004
2012
2085
2369
2396
2692
2700
3052
3113
1259
3114
3260
3361
1358
520
1250
6287
31658
30745
27773
27592
8188
6713
5662
1242
3546
2529
2288
1256
1219
1080
52885
58559
67997
5
186
236
246
300
337
350
3785
529
587
628
661
904
1059
3751
4823
3893
2942
64969
63131
59725
45720
8533
6942
6863
1997
6016
1088
4322
78499
77455
62849
60072
47099
3176
3707
5984
7155
1260
1232
1211
1209
1197
1172
1153
954
946
914
757
146501
541
53318
39421
40148
5608
3978
4890
6953
6281
5812
5481
5377
5349
5135
111
1
4701
4641
4369
4351
4306
4041
4016
8636
65514
68954
88125
117533
2361
1900
94777
78349
70286
8369
106918
55247
5449
3676
106473
44191
3703
107649
247
72998
40614
80551
3301
3300
3275
3257
2641
2359
1061
2082
54290
104841
69640
8972
7458
5445
52319
121231
3882
4069
5219
5507
47640
46970
71057
69712
69526
68319
66097
63992
60684
48394
37733
34405
27904
8861
7373
109487
79132
48780
4467
1199
130682
111624
107999
8623
2174
150
100365
45950
37729
35957
34162
32892
7478
1955
2968
4911
4995
5909
4226
1704
1258
260
27255
6986
6683
4612
4189
48711
74458
64957
1131
4388
47465
6985
7361
44555
2424
1265
1210
1176
318
232
50
47
35836
32025
31221
7376
4721
122886
1721
33794
2068
3948
26554
4018
134853
115617
97938
95441
93040
1273
68358
56367
34321
27611
26662
26614
8464
7161
5299
31878
8961
3030
78209
61024
55820
52973
8528
2502
1103
104
36401
8865
6754
132046
104283
82461
5971
5618
76251
741
8874
924
8795
7844
7153
7090
6857
6350
5952
5902
4993
3996
2997
2924
2571
2019
1274
1272
599
1281
90531
97752
97673
97304
96832
96811
96728
96610
96588
96417
95761
95558
95449
95135
94969
94959
94931
91077
97921
97923
98154
103372
106100
105504
105355
105197
103688
103624
103449
103107
98961
102469
102194
101895
101525
101285
99149
99114
90866
90439
106916
90376
81591
81562
1283
80463
79242
78653
78574
78039
74545
74324
73023
72741
72720
72395
72226
72176
72131
81786
81845
81932
88235
90057
89804
89759
89492
89470
89260
88810
88129
82313
87304
86833
86320
85394
83976
82463
82459
106766
106920
71745
131796
143385
142488
141749
140725
140715
140174
139642
139385
137337
134881
134859
134130
133771
133645
132800
132549
132547
144172
146656
148482
164977
111931
111384
82152
66203
47044
138610
164979
163949
148626
163056
161582
161336
160954
158783
156387
155064
132458
128606
107141
128512
114342
114254
113064
112852
112556
112552
112550
112515
112290
112183
112070
111622
111505
111251
111249
110871
107636
114459
114662
115139
123695
128360
128235
127212
127206
127144
127114
127108
123663
115569
122882
118880
118700
117176
116797
116161
115713
72011
80489
71464
6433
8645
8584
8494
8236
8207
8195
8154
8128
8125
7926
7792
7438
7335
7243
7195
6983
6981
6874
6830
6783
6643
8751
8765
8766
40629
46723
46664
45210
45028
42217
41997
41863
41585
40819
39183
8767
38304
37741
34517
31770
26366
26151
26150
25927
25805
6515
6229
47423
5956
3539
3498
3415
3384
3111
3089
3022
2936
2927
2920
2857
2747
2730
2202
2182
2178
2109
1957
1942
1935
1572
3629
3632
3634
4712
5795
5791
5747
5464
5289
5198
5169
4928
4763
4437
3671
4327
4326
4262
4103
3947
3811
3789
3742
3679
47274
47629
71108
55363
56805
56788
56782
56607
56286
56152
56015
55946
55442
55280
54272
55276
55269
55253
55118
55069
55063
55052
54881
48516
57669
58191
58879
60069
70293
69481
67665
67429
67255
67087
66665
64839
64701
64622
64620
64614
63876
63082
61357
61323
61240
61236
60766
54286
54513
53953
53000
48696
48738
48774
49824
49917
50068
51540
52241
52281
52579
53894
52967
339
53123
6218
3949
5782
7022
3265
4011
1291
5064
745
3994
26585
44199
153
434
494
780
8781
1036
7347
4223
5602
4023
1617
2273
2329
2600
2985
2989
3175
3499
4638
3916
3160
377
