8795
4993
7153
5952
2019
2959
260
112183
114342
111622
114662
112290
115569
116161
116797
117176
112852
112556
1210
2028
89759
90376
89260
88810
88235
88129
89804
90057
87304
86833
86320
89492
85394
83976
90439
90531
90866
58559
91077
68358
89470
33794
318
924
68319
1283
3629
7243
48780
112515
118880
118700
81786
4995
5902
3978
3260
4226
4011
111251
61024
7373
778
1729
5608
8125
3022
541
954
3246
588
306
319
2330
364
2677
1245
3160
4023
153
434
494
780
1617
2273
2329
2600
3916
2989
2985
7347
3499
3175
5602
4638
4223
8781
76251
1704
3949
2529
2936
62849
55820
107999
47
1219
112552
1250
2542
3361
117533
215
52973
350
4041
1103
745
122886
1079
2641
1291
5064
27773
109374
296
608
3703
111384
44199
121231
6218
82461
1061
1732
37733
3882
69526
2068
1258
109487
3994
2692
94777
34405
134853
1089
109249
2502
5349
4306
6016
65514
1
8636
88125
40148
69640
6942
50
26614
2924
3996
7844
7090
7155
8861
63131
7161
3030
1176
66097
46970
64969
4018
6863
39421
3707
106696
2942
59725
1028
4369
2174
1955
4016
4351
150
4322
146501
3893
914
1956
2004
2012
2085
946
2369
2396
2700
3785
3052
3113
3114
8623
757
4641
3751
100365
5812
4701
5449
1088
1997
1801
32892
35957
37729
8533
45950
45720
2361
1900
8369
106918
3676
53318
106473
3176
107649
6953
6281
34162
5984
5481
5377
7478
5135
4890
4823
1954
5219
1639
1635
2359
80551
2082
8972
7458
5445
52319
27255
6986
6683
4612
4189
741
48711
1274
64957
2997
1131
4388
6857
1153
78209
3257
8528
69712
4069
5507
3809
3301
3300
8928
27904
63992
3275
71057
104
47640
6985
7361
5618
5971
104283
6754
8865
36401
47465
26554
5909
520
52885
5
186
236
246
300
337
357
377
529
30745
587
628
661
904
1059
1259
1358
1376
1517
31658
8188
1721
2968
4721
7376
31221
32025
4911
4467
2424
8464
26662
93040
6713
95441
54290
111
1080
1256
130682
2288
5662
6287
599
339
40629
37741
39183
132547
40819
41585
132549
132800
133645
42217
97673
133771
46664
134130
134859
134881
106916
38304
34517
146656
31770
140174
131796
8236
8494
8584
144172
8751
8765
8766
8767
25805
25927
26150
26151
132458
96417
95761
106920
107141
141749
114254
106766
114459
72741
115139
115713
122882
140725
140715
55946
56015
123663
123695
127108
142488
113064
112550
94969
143385
137337
107636
127144
52579
139385
139642
112070
72176
110871
53953
111249
82313
111505
8154
8195
7926
3632
2927
3089
47044
105197
3415
103688
3539
138610
163056
103624
3634
164979
164977
103449
163949
3742
2920
2857
2747
105355
1209
111931
1232
1260
127206
82152
1281
1572
1935
1942
66203
106100
127212
2182
2202
128606
3789
103372
6643
156387
155064
5795
5956
128512
6433
6515
6783
158783
6830
148626
6981
6983
7195
7335
148482
161582
101285
5289
102469
161336
160954
4327
128360
103107
128235
4763
102194
5169
101895
127114
78349
67997
46578
55247
96832
96610
115617
66934
67665
6539
68157
232
6350
247
105504
73023
67087
70293
66665
71108
71464
78653
69481
72720
71745
72395
72226
72131
72011
96728
99149
94931
94959
101525
95135
99114
96811
98961
98154
95449
97923
95558
96588
97752
97304
97921
44555
35836
135518
44191
293
72998
27592
1199
118997
3546
34321
1265
4973
40614
49917
49824
48774
48738
48696
48516
47629
47423
46723
45210
45028
41863
31878
54272
51540
52241
52967
53000
53123
53894
55253
54286
56607
54881
55052
55118
55269
55276
54513
56805
56788
56782
56152
56286
79132
132046
5299
8874
48394
74458
2730
70286
1036
60684
97938
1242
2178
3671
3947
4437
4712
4928
7792
8961
6229
3498
8207
26366
3948
2109
1272
47274
3384
27611
2571
77455
111624
52281
41997
5782
61357
58879
63082
58191
67429
64839
64701
64622
64620
64614
63876
61323
57669
60766
55063
60069
7022
3265
78499
26585
60072
68954
3793
67255
74545
80489
82463
82459
81932
81845
81562
81591
80463
79242
78574
78039
74324
47099
55363
55442
55069
104841
61240
61236
6874
5791
55280
7438
5464
50068
8645
56367
593
1200
4121
1610
1042
1120
858
8128
1211
1273
1957
3111
3811
3679
4103
4262
4326
5198
5747
1197
1172
