593
858
1042
1120
1200
1610
4121
3793
2396
4103
3022
3111
4993
2997
3679
3811
5747
4262
4326
5198
1957
3361
8125
8795
8128
541
954
1273
1211
1172
1197
2936
5952
7153
5782
1283
7243
3629
2019
7361
26554
2028
93040
4890
318
246
46578
236
215
300
186
5
337
67997
109374
377
350
26662
1059
904
7161
661
8464
26614
628
357
587
529
520
27611
34321
58559
56367
27592
52885
1256
118997
134853
54290
109249
40614
111
247
1079
1080
1089
106696
1219
97938
1729
31658
95441
1242
2529
3546
5662
72998
6287
6713
8188
115617
27773
68358
30745
2288
135518
1250
106918
117533
2361
1900
94777
78349
70286
8369
55247
778
5449
3676
106473
44191
3703
107649
88125
1
2542
65514
4322
64969
63131
45720
8533
6863
1997
1028
78499
2959
77455
62849
60072
47099
40148
6016
5608
68954
8636
1259
2004
3113
3052
2700
2692
4973
2369
2085
1956
3260
1954
1801
1639
1635
1517
1376
1358
3114
3751
6953
4701
6281
5812
5481
5377
5349
5135
4823
4641
3785
4369
4351
4306
4041
4016
3978
3893
5299
232
4018
5219
3882
3809
3301
3300
3275
3257
2641
2359
1732
1061
80551
2082
104841
69640
8972
7458
5445
4069
5507
52319
7373
47640
46970
71057
69712
69526
68319
68157
66934
66097
63992
60684
48394
37733
34405
27904
8928
8861
608
121231
3948
5909
4467
2968
1199
130682
111624
107999
8623
2174
150
100365
45950
37729
35957
34162
32892
7478
1955
4911
47465
109487
296
79132
48780
4995
4226
1704
1258
260
27255
6986
6683
4612
4189
48711
74458
64957
1131
4388
6985
44555
3030
7844
7022
6857
6539
6350
5902
3996
3265
2924
2571
1274
924
741
44199
8781
7347
6218
5602
7090
8874
5618
8961
2424
2068
1265
1210
1176
5984
50
47
32025
31221
7376
4721
122886
1721
33794
31878
26585
5064
4638
4223
4023
153
78209
76251
61024
55820
52973
8528
2502
1103
104
36401
8865
6754
132046
104283
82461
5971
293
434
494
2989
4011
3994
3949
3916
3499
3175
3160
2985
745
2600
2329
2273
1617
1291
1036
780
3176
599
67665
97673
96832
96811
96728
96610
96588
96417
95761
95558
95449
95135
94969
94959
94931
91077
90866
90531
90439
97304
97752
90057
97921
105355
105197
103688
103624
103449
103372
103107
102469
102194
101895
101525
101285
99149
99114
98961
98154
97923
90376
89804
106100
80489
79242
78653
78574
78039
74545
74324
73023
72741
72720
72395
72226
72176
72131
72011
71745
71464
71108
80463
81562
89759
81591
89492
89470
89260
88810
88235
88129
87304
86833
86320
85394
83976
82463
82459
82313
81932
81845
81786
105504
106766
69481
144172
142488
141749
140725
140715
140174
139642
139385
137337
134881
134859
134130
133771
133645
132800
132549
132547
132458
143385
146656
128606
148482
111931
111384
82152
66203
47044
138610
164979
164977
163949
163056
161582
161336
160954
158783
156387
155064
148626
131796
128512
106916
114342
113064
112852
112556
112552
112550
112515
112290
112183
112070
111622
111505
111251
111249
110871
107636
107141
106920
114254
114459
128360
114662
128235
127212
127206
127144
127114
127108
123695
123663
122882
118880
118700
117176
116797
116161
115713
115569
115139
70293
339
8766
26150
6874
6830
6783
6643
6515
6433
6229
5956
5795
5791
5464
5289
5169
4928
4763
4712
4437
6981
6983
7195
8494
25805
8767
67429
8765
8751
8645
8584
8236
7335
8207
53318
8195
8154
7926
7792
7438
4327
3947
3789
1232
1942
1935
1572
1281
1272
1260
1245
1209
2178
1153
946
914
757
306
146501
588
2109
2182
3742
3246
3671
3634
3632
3539
3498
3415
3384
3089
2202
2927
2920
2857
2747
2730
2677
2330
319
25927
26151
55442
56788
56782
56607
56286
56152
56015
55946
55363
57669
55280
55276
55269
55253
55118
55069
55063
56805
58191
54881
64614
67255
67087
66665
64839
64701
64622
64620
63876
58879
63082
61357
61323
61240
61236
60766
60069
26366
55052
54513
41863
47274
46723
46664
45210
45028
42217
41997
41585
47629
40819
40629
39183
38304
37741
34517
31770
54286
47423
48516
52281
54272
53953
53894
53123
53000
52967
48696
52579
52241
51540
50068
49917
49824
48774
48738
364
6942
35836
59725
3707
39421
7155
1088
2942
2012
