364
319
2677
2330
3246
306
1245
588
318
260
2028
215
293
26614
296
50
357
608
52973
4041
350
1103
3361
3809
1079
111384
55820
121231
778
1729
37733
3882
1061
109249
4973
1089
2019
68157
2068
1732
8928
2959
132046
46578
109374
2542
27773
122886
107999
1210
134853
27611
109487
68319
2571
135518
3703
115617
70286
79132
72998
4701
4641
4823
8636
5135
5349
5481
5812
4369
6281
6953
4890
3300
65514
4351
88125
107649
44191
106473
3676
5449
55247
106918
8369
78349
1900
2361
68954
4306
1
1199
661
904
1059
1242
1259
1358
1376
1517
1635
1639
1801
1954
1956
2004
2012
2085
2369
2396
2692
2700
3052
3113
3260
2968
3751
3785
3893
3978
4016
117533
130682
529
111624
146501
757
914
946
954
1153
1172
1197
1209
1211
1232
35957
1260
1272
1273
1281
1283
1572
1935
1942
1957
34162
32892
2109
2178
2182
2202
7478
1955
37729
541
45950
2942
8623
5608
6016
40148
47099
60072
62849
77455
78499
4322
1028
1088
1997
6863
100365
6942
8533
45720
59725
63131
64969
3176
3707
5984
7155
39421
53318
2174
628
4467
520
2924
69640
2502
8528
8972
7458
61024
76251
78209
5445
741
924
1274
52319
2997
36401
3996
4993
5902
5952
6350
6539
6857
7090
7153
7844
8795
8874
8961
104
8865
31878
80551
3275
3257
4069
5219
5507
7373
8861
2641
2359
48394
63992
66097
66934
2082
6754
69526
69712
71057
46970
47640
6985
7361
44555
3030
5971
82461
104283
104841
26554
33794
3301
5662
2747
54290
40614
111
74458
1080
1131
1219
1256
4388
2288
2529
3546
6287
48711
6713
8188
47465
30745
31658
52885
58559
67997
5
186
5909
236
4911
118997
4189
1721
3948
48780
4721
7376
31221
32025
35836
47
4995
4226
1176
1704
1265
1258
4018
106696
27255
5299
7161
8464
6986
26662
6683
34321
4612
56367
68358
93040
95441
2730
599
2857
106916
97752
97673
97304
96832
96811
96728
96610
96588
96417
95761
95558
95449
95135
94969
94959
94931
91077
97921
97923
98154
103372
106100
105504
105355
105197
103688
103624
103449
103107
98961
102469
102194
101895
101525
101285
99149
99114
90866
90531
90439
78039
81591
81562
80489
80463
79242
78653
78574
74545
81845
74324
73023
72741
72720
72395
72226
72176
81786
81932
90376
88235
90057
89804
89759
89492
89470
89260
88810
88129
82313
87304
86833
86320
85394
83976
2920
82459
106766
106920
72011
107141
142488
141749
140725
140715
140174
139642
139385
137337
134881
134859
134130
133771
133645
132800
132549
132547
132458
143385
144172
146656
163949
111931
82152
66203
47044
138610
164979
164977
163056
148482
161582
161336
160954
158783
156387
155064
148626
131796
128606
128512
112290
114254
113064
112852
112556
112552
112550
112515
112183
114459
112070
111622
111505
111251
111249
110871
107636
114342
114662
128360
123663
128235
127212
127206
127144
127114
127108
123695
122882
115139
118880
118700
117176
116797
116161
115713
115569
72131
82463
71745
8751
31770
26366
26151
26150
25927
25805
8767
8766
8765
8645
37741
8584
8494
8236
8207
8195
8154
8128
8125
7926
34517
38304
7438
47274
50068
49917
49824
48774
48738
48696
48516
47629
47423
46723
39183
46664
45210
45028
42217
41997
41863
41585
40819
40629
7792
7335
52241
3632
4262
4103
3947
3811
3789
3742
3679
3671
3634
3629
4327
3539
3498
3415
3384
3111
3089
3022
2936
2927
4326
4437
7243
6229
7195
6983
6981
6874
6830
6783
6643
6515
6433
5956
4712
5795
5791
5747
5464
5289
5198
5169
4928
4763
51540
339
55052
54881
58191
56805
56788
52281
52579
52967
53000
53123
53894
53953
54272
54286
54513
56782
60069
55063
55069
55118
55253
55269
55276
55280
55363
56607
55442
55946
56015
56152
58879
57669
63082
67087
64614
64620
64622
64701
64839
66665
67255
60766
67429
67665
69481
70293
71108
71464
63876
56286
61357
61323
61236
61240
64957
94777
34405
97938
60684
5618
2424
27904
5377
27592
1250
6218
3114
3793
3949
5782
7022
3265
4011
1291
5064
745
3994
26585
44199
150
247
593
1610
1200
246
300
4121
377
858
232
1042
1120
1036
2329
780
434
153
1617
2273
3175
2600
2985
2989
3160
3499
3916
4023
4223
4638
5602
7347
8781
494
337
587
