1200
1610
1042
1120
858
593
4121
150
318
3793
3114
3361
2424
111384
121231
1061
27773
1956
1639
1954
1801
2012
1635
1517
1376
1358
1259
1250
2004
135518
2085
2369
1059
2396
2692
2700
3052
3113
3260
3751
3785
3893
3978
4016
1242
587
904
1219
6713
6287
5662
3546
2529
2288
1256
1080
27592
247
111
40614
54290
134853
118997
115617
8188
30745
661
337
628
4306
529
520
377
357
350
300
31658
246
236
186
5
67997
58559
52885
4041
4641
4351
4322
541
53318
39421
7155
5984
3707
3176
64969
63131
59725
45720
8533
6942
6863
2942
1997
1088
146501
757
914
1272
1957
1942
1935
1572
1283
1281
1273
1260
946
1232
1211
1209
1197
1172
1153
954
1028
78499
4369
77455
3703
107649
88125
68954
65514
8636
6953
6281
5812
5481
5377
5349
5135
4890
4823
4701
109249
44191
106473
3676
117533
62849
60072
47099
40148
6016
5608
1
2361
5449
1900
94777
78349
70286
8369
106918
55247
109374
46578
106696
2359
3882
3809
3301
3300
3275
3257
2641
80551
6985
2082
104841
69640
8972
7458
5445
608
4069
5219
5507
7373
46970
71057
69712
69526
68319
66934
66097
63992
60684
48394
37733
34405
27904
8928
8861
52319
109487
79132
4911
2968
1199
130682
111624
107999
8623
2174
100365
45950
37729
35957
34162
32892
7478
1955
4467
5909
48780
47465
4995
4226
1704
1258
260
27255
6986
6683
4612
4189
48711
74458
64957
1131
4388
47640
7361
97938
122886
232
47
35836
32025
31221
7376
4721
1721
44555
33794
31878
26585
26554
8961
8874
8795
1176
1210
1265
2068
95441
93040
72998
68358
56367
2178
34321
27611
26662
8464
7161
5299
4973
4018
3948
7844
7153
7090
76251
55820
52973
8528
2502
1103
104
36401
8865
6754
132046
104283
82461
5971
5618
3030
61024
78209
7022
741
6857
6539
6350
5952
5902
5782
4993
3996
3265
2997
2924
2571
2019
1274
924
2109
599
2182
97673
96832
96811
96728
96610
96588
96417
95761
95558
95449
95135
94969
94959
94931
91077
90866
90531
90439
97304
97752
106100
97921
105355
105197
103688
103624
103449
103372
103107
102469
102194
101895
101525
101285
99149
99114
98961
98154
97923
90376
90057
89804
89759
80463
79242
78653
78039
74545
74324
73023
72741
72720
72395
72226
72176
72131
72011
71745
71464
71108
80489
81562
81591
86833
89492
89470
89260
88810
88235
88129
87304
86320
81786
85394
83976
82463
82459
82313
81932
81845
105504
106766
69481
143385
141749
140725
140715
140174
139642
139385
137337
134881
134859
134130
133771
133645
132800
132549
132547
132458
131796
142488
144172
106916
146656
111931
82152
66203
47044
138610
164979
164977
163949
163056
161582
161336
160954
158783
156387
155064
148626
148482
128606
128512
128360
128235
113064
112852
112556
112552
112550
112515
112290
112183
112070
111622
111505
111251
111249
110871
107636
107141
106920
114254
114342
114459
122882
127212
127206
127144
127114
127108
123695
123663
118880
114662
118700
117176
116797
116161
115713
115569
115139
70293
78574
67665
8766
8751
8645
8584
8494
8236
8207
8195
8154
8128
8125
7926
7792
7438
7335
7243
7195
6983
6981
6874
8765
8767
47423
25805
46723
67429
45210
45028
42217
41997
41863
41585
40819
40629
39183
38304
37741
34517
31770
26366
26151
26150
25927
6830
6783
6643
6515
3679
3671
3634
3632
3629
3539
3498
3415
3384
3111
3089
3022
2936
2927
2920
2857
2747
2730
2202
3742
3789
3811
5198
6433
6229
5956
5795
5791
5747
5464
5289
5169
3947
4928
4763
4712
4437
4327
4326
4262
4103
47274
46664
55052
53123
56607
56286
56152
56015
55946
55442
55363
55280
55276
55269
55253
55118
55069
55063
54881
54513
54286
54272
53953
56782
56788
56805
63876
67255
67087
66665
64839
64701
64622
64620
64614
63082
57669
61357
61323
61240
61236
60766
60069
58879
58191
53894
339
53000
47629
48774
52967
48738
49917
48516
48696
50068
51540
52241
52281
52579
49824
1732
6218
3949
4011
1291
5064
745
1079
3994
215
1036
2028
2542
44199
2959
68157
1089
780
8781
3246
4023
1245
153
434
494
2677
2330
4223
1617
2989
2985
4638
3916
5602
3499
7347
3160
2273
3175
2600
306
319
364
2329
588
1729
778
293
296
26614
50
