5481
1517
6287
5449
104
135518
246
520
377
357
350
337
300
186
236
5
67997
58559
52885
31658
529
628
587
1635
2369
2012
2004
1956
1954
1801
1639
1376
27773
1358
1259
1250
1242
1059
904
661
30745
27592
2692
8188
95441
93040
72998
68358
46578
27611
26662
26614
8464
3948
2424
1210
1176
318
232
50
47
97938
106696
109249
1219
6713
5662
3546
2529
2288
1729
1256
1089
109374
1080
1079
247
111
40614
54290
134853
2396
3052
2700
31221
8533
1997
1088
1028
4322
78499
77455
62849
60072
47099
40148
6016
5608
2959
2542
778
1
45720
3176
5984
1197
1281
1273
1272
1260
1232
1211
1209
1172
53318
1153
954
946
914
757
146501
541
117533
2361
1900
4016
4823
4701
4641
4369
4351
4306
4041
3978
5135
3893
3785
3751
3361
3260
3114
3113
4890
5349
78349
3703
70286
8369
106918
55247
3676
106473
44191
107649
5377
88125
68954
65514
8636
6953
6281
5812
32025
7376
1572
121231
3809
3301
3300
3275
3257
2641
2359
1732
1061
80551
2082
104841
69640
8972
7458
5445
608
3882
4069
5219
63992
47640
71057
69712
69526
68319
68157
66097
60684
5507
48394
37733
34405
27904
8928
8861
7373
52319
109487
4721
79132
4467
2968
1199
130682
111624
107999
8623
2174
150
100365
45950
37729
35957
34162
32892
7478
1955
4911
5909
47465
6986
48780
4995
4226
1704
1258
260
27255
6683
296
4612
4189
48711
74458
64957
1131
4388
6985
7361
44555
3030
2571
2019
1274
924
741
44199
8781
7347
5602
5064
4638
4223
4121
4023
4011
3994
3949
2924
2997
3265
7844
122886
1721
33794
26585
26554
8961
8795
7153
3996
7090
7022
6857
5952
5902
5782
4993
3916
3793
3499
1103
78209
76251
61024
55820
52973
8528
2502
36401
434
8865
6754
132046
104283
82461
5971
5618
153
494
3175
1610
3160
2989
2985
2600
2329
2273
1617
1291
593
1200
1120
1042
1036
858
780
745
1283
599
1935
94931
96588
96417
95761
95558
95449
95135
94969
94959
91077
96728
90866
90531
90439
90376
90057
89804
89759
89492
96610
96811
89260
101285
103624
103449
103372
103107
102469
102194
101895
101525
99149
96832
99114
98961
98154
97923
97921
97752
97673
97304
89470
88810
64839
71745
73023
72741
72720
72395
72226
72176
72131
72011
71464
74545
71108
70293
69481
67665
67429
67255
67087
1942
74324
78039
88235
82313
88129
87304
86833
86320
85394
83976
82463
82459
81932
78574
81845
81786
81591
81562
80489
80463
79242
78653
103688
105197
105355
134859
141749
140725
140715
140174
139642
139385
137337
134881
134130
143385
133771
133645
132800
132549
132547
132458
131796
128606
142488
144172
105504
163949
111931
111384
82152
66203
47044
138610
164979
164977
163056
146656
161582
161336
160954
158783
156387
155064
148626
148482
128512
128360
128235
111505
112556
112552
112550
112515
112290
112183
112070
111622
111251
127212
111249
110871
107636
107141
106920
106916
106766
106100
112852
113064
114254
114342
127206
127144
127114
127108
123695
123663
122882
118880
118700
117176
116797
116161
115713
115569
115139
114662
114459
66665
339
25805
7926
8494
8236
8207
8195
8154
8128
8125
7792
6783
7438
7335
7243
7195
6983
6981
6874
8584
8645
8751
8765
41585
40819
3111
39183
2857
38304
37741
34517
31770
26366
26151
26150
25927
8767
8766
6830
6643
41997
3629
3811
3789
3742
3679
3671
3634
3632
3539
6515
2920
2927
3498
3415
2936
3384
3022
3947
4103
4262
4326
6433
6229
5956
5795
5791
5747
5464
5289
5198
5169
4928
4763
4712
4437
4327
41863
40629
42217
2202
2730
57669
56805
56788
56782
56607
56286
56152
56015
55946
55442
45028
55280
55276
55269
58191
2182
55118
58879
64701
1957
64622
64620
64614
2109
63876
63082
2178
61357
61323
61240
61236
60766
60069
55253
55363
55069
52967
52281
52241
50068
49917
49824
48774
48738
48696
48516
47629
47423
47274
46723
46664
45210
52579
51540
53000
54272
55063
55052
54881
54513
54286
2747
3089
53953
53894
53123
66934
6863
4018
6350
64969
56367
6218
94777
46970
4973
6539
115617
59725
7161
293
1265
63131
2942
31878
3707
118997
2068
8874
34321
215
2028
39421
6942
5299
2677
2330
588
3246
1245
364
319
306
7155
35836
2085
