4226
593
858
1042
1120
1200
1610
4121
1219
5608
2692
3949
1089
2959
4995
3793
1704
3300
3089
2202
1942
2924
904
2927
3996
7090
1935
7844
2857
3632
1250
6983
3789
1209
4327
946
914
8154
4641
1131
4306
3893
111
2019
924
5952
7153
40614
3634
2920
48780
1281
46664
25927
599
74458
2936
7022
3265
3994
8795
4993
3978
5902
3260
1258
47
33794
31878
2361
65514
2542
2529
1061
68157
4011
72998
79132
62849
1210
296
3751
27773
109487
260
94777
3703
106473
107649
117533
1900
44191
8369
3676
70286
5449
55247
78349
106918
47465
3275
88125
4016
1801
1954
1956
2004
2012
2369
2396
48711
2700
3052
3113
3114
3361
3785
64957
68954
4351
4369
4388
4701
4823
4890
5135
5349
5377
5481
5812
6281
6953
8636
1
47099
778
5909
1199
130682
954
111624
1153
107999
1232
1245
1260
8623
1272
2174
1283
150
100365
1572
45950
37729
2028
2109
2178
2182
35957
34162
32892
7478
1955
757
146501
588
2968
4911
6016
40148
1635
4467
60072
77455
78499
4322
1028
1088
1997
2942
541
6942
8533
45720
59725
3707
5984
7155
39421
53318
306
319
364
1639
587
1517
1376
8528
61024
76251
78209
3257
2641
2359
80551
2082
104841
69640
8972
741
7458
1274
5445
2571
52319
2997
121231
5782
6857
8874
8961
26554
26585
1721
2502
104
36401
69526
5219
5507
7373
8861
27904
34405
48394
60684
63992
66097
66934
68319
69712
8865
71057
47640
6985
7361
44555
3030
5618
5971
82461
104283
132046
6754
122886
4721
7376
337
27592
30745
31658
52885
58559
67997
5
186
215
236
246
300
357
6713
377
520
529
4069
628
661
4612
1059
1242
4189
1259
1358
8188
6287
31221
68358
32025
50
232
318
1176
2424
3948
8464
26614
26662
27611
56367
93040
5662
95441
97938
106696
54290
27255
6986
247
6683
2677
1729
2288
3546
2330
135518
2730
96811
98154
97923
97921
97752
97673
97304
96832
96728
99114
96610
96588
96417
95761
95558
95449
95135
98961
99149
94959
103688
106920
106916
106766
106100
105504
105355
105197
103624
101285
103449
103372
103107
102469
102194
101895
101525
94969
94931
72720
80489
82313
2747
81932
81845
81786
81591
81562
80463
82463
79242
78653
78574
78039
74545
74324
73023
82459
83976
91077
89492
90866
90531
90439
90376
90057
89804
89759
89470
85394
89260
88810
88235
88129
87304
86833
86320
107141
107636
110871
139385
143385
142488
141749
140725
140715
140174
139642
137337
146656
134881
134859
134130
133771
133645
132800
132549
144172
148482
111249
164977
111931
111384
82152
66203
47044
138610
164979
163949
148626
163056
161582
161336
160954
158783
156387
155064
132547
132458
131796
112552
114662
114459
114342
114254
113064
112852
112556
112550
128606
112515
112290
112183
112070
111622
111505
111251
115139
115569
115713
116161
128512
128360
128235
127212
127206
127144
127114
127108
123695
123663
122882
118880
118700
117176
116797
72741
339
72395
8584
41863
41585
40819
40629
39183
38304
37741
34517
31770
26366
26151
26150
25805
8767
8766
8765
8751
41997
42217
45028
49824
53000
52967
52579
52281
52241
51540
49917
48774
45210
48738
48696
48516
47629
47423
47274
46723
8645
8494
53894
8236
5464
5289
5169
4928
4763
4712
4437
3947
3742
3671
3629
3539
3498
3415
3384
3246
3022
5791
5795
5956
7243
8207
8195
8125
7926
7792
7438
7335
7195
6229
6981
6874
6830
6783
6643
6515
6433
53123
50068
66665
58191
61236
72131
54513
54881
53953
55052
55063
55069
55118
60766
55253
55269
55276
55280
60069
67087
55363
55442
55946
58879
56015
56152
56286
56607
56782
56788
56805
54286
54272
63876
61240
67255
67429
67665
64839
69481
64701
64622
70293
71108
64620
64614
57669
72226
63082
71464
61357
71745
72176
72011
61323
1732
293
1291
5064
745
1036
44199
6539
115617
35836
6863
118997
1617
2273
4223
4638
3916
3499
3175
3160
2989
2985
2600
2329
4023
7347
8781
780
494
5602
434
153
6350
34321
37733
3882
64969
46578
55820
46970
109249
6218
8928
7161
1265
5299
63131
4973
1079
109374
2068
1103
52973
350
4041
134853
1957
1256
2085
3679
3111
1273
1080
1211
3811
4103
4262
1197
1172
4326
8128
5198
5747
3176
608
3809
4018
3301
