1042
858
593
1200
1610
4121
1120
2028
954
541
8125
3022
1283
3629
7243
1210
1250
3793
260
2936
2019
3671
4712
608
3384
8128
3498
6229
8207
1272
1211
5747
3811
3947
4103
4262
4326
5198
4437
4928
3679
3111
47274
1197
1273
1172
904
1957
2109
2178
7792
26366
318
1997
2677
3246
2330
1245
319
306
588
364
150
2730
1721
350
52973
1103
4041
8795
4993
1291
41997
52281
7153
5952
215
3809
55820
132046
3361
37733
3882
59725
1079
48394
4973
3114
122886
109249
70286
107999
72998
6942
8928
130682
293
27611
63992
111384
46578
109374
109487
121231
68319
2571
135518
1732
1061
3703
34405
47
94777
2068
27773
79132
63131
2692
3176
2700
3052
3113
64969
2942
3893
45720
2369
3260
8533
6863
3751
3785
2396
55247
2085
3978
587
53318
628
661
39421
7155
1059
1242
5984
1259
1358
1376
1635
1639
1801
1954
1956
2004
3707
2012
1088
4016
44191
40148
68954
6016
88125
107649
5608
2959
2542
106473
106918
778
117533
2361
1900
3676
78349
8369
520
65514
8636
6953
6281
4306
4322
4351
4369
4641
77455
4701
4823
4890
5135
62849
5349
5377
5481
60072
47099
5812
529
247
377
3257
5507
5219
4069
3301
3300
3275
2641
8861
2359
80551
2082
104841
69640
8972
7373
27904
5445
6985
82461
5971
5618
3030
44555
7361
47640
60684
46970
71057
69712
69526
68157
66097
7458
52319
6754
100365
4467
2968
1199
111624
8623
2174
45950
5909
37729
35957
34162
32892
7478
1955
4911
47465
48780
6683
4995
4226
1704
1258
27255
6986
4612
296
4189
48711
74458
64957
1131
4388
104283
8865
357
54290
1219
1089
1080
757
111
40614
97938
1729
95441
93040
68358
56367
34321
26662
1256
2288
8464
52885
337
246
186
5
67997
58559
31658
2529
30745
27592
8188
6713
5662
3546
26614
7161
36401
1274
6857
6350
5902
3996
2997
2924
924
7844
741
78209
76251
61024
8528
2502
7090
8874
5299
35836
4018
3948
1265
1176
232
50
32025
8961
31221
7376
4721
33794
31878
26554
146501
599
914
97304
99114
98961
98154
97923
97921
97752
97673
96832
95135
96811
96728
96610
96588
96417
95761
95558
99149
101285
101525
101895
107141
106920
106916
106766
106100
105504
105355
105197
103688
103624
103449
103372
103107
102469
102194
95449
94969
73023
81591
83976
946
82459
82313
81932
81845
81786
81562
94959
80489
80463
79242
78653
78574
78039
74545
85394
86320
86833
87304
94931
91077
90866
90531
90439
90376
90057
89804
89759
89492
89470
89260
88810
88235
88129
107636
110871
111249
139385
143385
142488
141749
140725
140715
140174
139642
137337
111251
134881
134859
134130
133771
133645
132800
132549
144172
146656
148482
148626
111931
82152
66203
47044
138610
164979
164977
163949
163056
161582
161336
160954
158783
156387
155064
132547
132458
131796
115569
114662
114459
114342
114254
113064
112852
112556
112552
112550
112515
112290
112183
112070
111622
111505
115139
115713
128606
116161
128512
128360
128235
127212
127206
127144
127114
127108
123695
123663
122882
118880
118700
117176
116797
74324
82463
72741
45210
42217
41863
41585
40819
40629
39183
38304
37741
34517
31770
26151
26150
25927
25805
8767
8766
8765
8751
8645
45028
46664
8494
46723
54286
72720
53953
53894
53123
53000
52967
52579
52241
51540
50068
49917
49824
48774
48738
48696
48516
47629
47423
8584
8236
54881
3789
3634
3632
3539
3415
3089
2927
2920
2857
2747
2202
2182
1942
1935
1572
1281
1260
1232
1209
1153
3742
4327
8195
4763
8154
7926
7438
7335
7195
6983
6981
6874
6830
6783
6643
6515
6433
5956
5795
5791
5464
5289
5169
54513
54272
55052
64622
64614
63876
63082
61357
61323
61240
61236
60766
60069
58879
58191
57669
56805
55063
56782
64620
64701
56286
64839
72395
72226
72176
72131
72011
71745
71464
71108
70293
69481
67665
67429
67255
67087
66665
56607
56788
339
56152
55946
55442
55363
55280
55276
55269
55253
56015
55069
55118
66934
6539
118997
6218
2424
3949
4011
5064
745
3994
106696
134853
44199
115617
236
780
153
1617
494
434
4638
3499
3160
5602
7347
8781
4223
4023
3916
2273
3175
2329
2989
2985
2600
5782
7022
3265
78499
26585
1028
300
1
5449
6287
104
1036
1517
