122882
134859
133645
140174
142488
143385
139385
146656
137337
148626
134881
134130
141749
128606
128360
127114
115713
78499
67665
81932
81562
67255
80489
79242
81591
80463
81845
82459
78574
74324
74545
78039
82463
134853
72720
78653
70293
71464
71745
72011
73023
69481
71108
67087
72131
66665
72395
72226
5299
4973
8874
3634
56367
1
127108
1265
77455
6863
2028
63131
61240
61236
35836
79132
110871
111249
102469
111505
94969
101285
4763
757
128512
114459
127206
133771
7926
112550
52579
161336
114254
113064
53953
132800
55363
57669
58191
58879
60069
55063
64839
64620
64614
64701
64622
67429
61357
63876
63082
61323
60766
7243
3629
1283
1704
2959
115617
2730
81786
2920
55442
55069
52281
41997
954
541
3022
8125
74458
112552
2068
27773
118997
39183
58559
40629
37741
40819
7361
38304
8154
5377
914
1209
2857
4327
3789
246
68157
2936
34321
55820
67997
51540
56805
56782
56607
56286
56152
52967
55276
55269
55253
55118
55052
54881
54513
54286
54272
53894
56788
53123
52241
53000
4226
112515
118880
118700
7161
47
48394
46578
46970
1732
778
1729
61024
2542
70286
5608
4995
64969
8795
4993
3809
55280
5464
5791
6874
7438
8645
50068
1258
3246
364
2677
319
1245
2330
588
306
4018
296
6539
2997
1079
6016
1089
6350
111384
109249
48780
608
293
68954
111624
1176
2288
93040
7153
5952
2529
2174
50
26614
62849
94777
1219
8861
111
5971
4011
26554
88125
215
2361
232
2019
1088
76251
4928
3114
3947
4437
3671
3089
3632
2700
3751
3384
4712
5445
2927
4016
5449
8961
34162
1256
946
4306
1272
2202
6983
1935
1942
6287
2109
2178
6229
3498
104
2502
7792
26366
1259
337
1358
529
1954
47274
8207
377
66934
109374
3949
89759
85394
83976
89492
89470
89804
90057
88235
88129
90866
90376
86320
90439
86833
88810
91077
90531
89260
87304
6218
8928
46664
25927
1061
2571
40148
31878
60072
150
66097
64957
106473
53318
52319
1291
7458
97938
78349
2424
121231
2692
130682
69712
1997
5782
52973
350
4041
1103
3882
318
745
5812
54290
31221
5135
5349
661
8636
300
587
6953
357
8464
68358
26662
628
106696
6281
5481
520
2004
4890
1517
1635
52885
3785
5
1639
186
1801
3113
236
3052
1956
2396
2369
2085
2012
31658
30745
4823
1376
4701
4641
4369
40614
1080
4351
904
1059
3546
32025
1242
5662
3893
6713
8188
339
8751
107649
3257
1131
48711
4189
4612
6683
6986
27255
69640
104841
80551
2641
3275
115139
3300
3301
4069
5219
5507
7373
27904
69526
71057
47640
56015
4388
47465
7376
158783
111931
82152
66203
47044
138610
1955
7478
163949
163056
161582
160954
156387
5909
155064
32892
144172
35957
37729
45950
100365
8623
2968
4467
4911
6985
3030
5618
78209
5289
5169
3742
741
1274
3415
2182
1572
1260
1232
1153
146501
6857
5984
3176
45720
8533
1028
4322
1900
8369
3676
4721
82461
5795
6433
8767
104283
6754
8865
36401
42217
41585
31770
26151
26150
6515
25805
8766
8765
8236
8195
7335
7195
6981
6830
6783
6643
3948
2942
3707
63992
39421
135518
27592
59725
27611
599
7155
3703
1721
132046
5902
3260
3978
117533
44191
105504
3793
247
1250
1281
34405
72998
116161
115569
114662
112852
114342
117176
112556
112290
112183
111622
116797
5064
858
1042
1120
593
1610
4121
1200
3994
68319
109487
2359
106918
107999
1199
33794
2989
2985
2600
1617
2273
3175
153
434
494
3160
2329
3499
780
3916
4023
4223
4638
5602
7347
8781
6942
106766
106100
106916
106920
105355
101895
102194
105197
103624
103372
103107
97673
107141
55946
72176
72741
82313
107636
164979
164977
3539
128235
139642
123663
2747
123695
127144
127212
131796
132458
132549
112070
140715
148482
34517
8584
140725
60684
44555
26585
65514
924
55247
1036
98961
97923
98154
94931
99114
97752
99149
101525
97921
96811
97304
94959
96728
96588
95558
95449
95135
37733
111251
44199
48516
47629
45210
41863
49917
49824
48774
48738
48696
45028
47423
46723
3361
132547
5956
8494
8528
2082
95761
103688
96417
103449
95441
8972
3265
7022
7844
2924
3996
7090
96610
96832
1210
260
47099
122886
1197
1172
1957
1211
1273
3111
3679
3811
4103
4262
4326
5198
8128
5747
