2012
318
2959
150
1
78499
4226
2529
3114
3361
5608
1729
778
62849
48780
134853
27773
111384
4011
1219
4995
121231
296
2424
115617
47
1061
2542
1704
74458
1079
2330
306
319
364
2677
588
1059
3246
3113
3785
1245
26585
7022
3265
5782
2028
215
106473
1089
68157
79132
4369
4890
4823
4701
2692
2700
4641
3260
3751
4306
4016
3978
3893
3052
2396
4351
1250
2369
529
31658
52885
58559
67997
5
186
236
246
300
337
357
377
520
587
2004
628
661
904
1242
1259
1358
1376
1517
1635
1639
1801
1954
1956
5135
599
5349
146501
1172
1153
954
946
914
757
541
59725
39421
7155
5984
3707
3176
64969
1197
1209
1211
1232
1260
1272
1273
1281
1283
1572
1935
1942
1957
2109
2178
2182
2202
63131
45720
5377
88125
55247
5449
3676
44191
3703
107649
68954
8533
65514
8636
6953
6281
5812
5481
106918
8369
94777
1900
117533
6016
40148
47099
60072
77455
4322
1028
1088
1997
2942
6863
6942
30745
40614
8188
4069
27904
8928
8861
7373
5507
5219
3809
48394
3301
3300
3275
3257
2641
2359
34405
60684
2082
47640
5971
5618
3030
44555
7361
6985
46970
63992
71057
69712
69526
68319
66934
66097
80551
104841
104283
100365
1199
130682
111624
107999
8623
2174
45950
4467
37729
35957
34162
32892
7478
1955
2968
4911
69640
6683
8972
7458
5445
52319
27255
6986
4612
5909
4189
48711
64957
1131
4388
47465
82461
6754
6713
4973
34321
26662
26614
8464
7161
5299
4018
56367
3948
2068
1265
1176
232
50
46578
68358
32025
2747
6287
5662
3546
1256
1080
247
54290
93040
118997
109374
109249
106696
97938
95441
35836
31221
8865
741
3996
2997
2924
2019
1274
924
78209
5902
76251
61024
8528
2502
104
36401
4993
5952
7376
8961
4721
122886
1721
33794
31878
26554
8874
6350
8795
7844
7153
7090
6857
6539
2730
339
2857
72131
97921
97752
97673
97304
96832
96811
96728
96610
96588
96417
95761
95558
95449
95135
94969
94959
94931
97923
98154
98961
103449
106766
106100
105504
105355
105197
103688
103624
103372
99114
103107
102469
102194
101895
101525
101285
99149
91077
90866
90531
78574
81786
81591
81562
80489
80463
79242
78653
78039
81932
74545
74324
73023
72741
72720
72395
72226
81845
82313
90439
88810
90376
90057
89804
89759
89492
89470
89260
88235
82459
88129
87304
86833
86320
85394
2920
82463
106916
106920
107141
137337
142488
141749
140725
140715
140174
139642
139385
134881
144172
134859
134130
133771
133645
132800
132549
132547
143385
146656
131796
163949
111931
82152
66203
47044
138610
164979
164977
163056
148482
161582
161336
160954
158783
156387
155064
148626
132458
128606
107636
112515
114342
114254
113064
112852
112556
112552
112550
112290
114662
112183
112070
111622
111505
111251
111249
110871
114459
115139
128512
123695
128360
128235
127212
127206
127144
127114
127108
123663
115569
122882
118880
118700
117176
116797
116161
115713
72176
83976
72011
6643
5791
5795
5956
6229
6433
71745
6515
6783
3634
48516
47629
47423
6830
6874
47274
46723
5747
5464
5289
5198
7438
3742
3789
3811
48696
3947
4103
4262
4326
4327
4437
4712
4763
4928
5169
6981
46664
45210
7243
8767
8766
8765
8751
8645
8584
8494
8236
8207
8195
7335
8154
8128
8125
7926
25805
25927
45028
26150
42217
6983
41997
41863
41585
40819
40629
39183
38304
37741
34517
31770
26366
26151
7195
3671
3679
3632
58879
61357
61323
61240
61236
3089
60766
60069
58191
55946
57669
56805
56788
56782
56607
56286
3629
63082
3022
63876
64614
71464
2927
2936
71108
70293
69481
67665
67429
67255
67087
66665
64839
64701
64622
64620
56015
56152
55442
3384
53123
53000
52967
52579
52281
52241
51540
50068
55363
3415
49917
49824
48774
48738
3498
3539
53894
53953
3111
54272
55280
55276
55269
55253
55118
55069
55063
7792
55052
54881
54513
54286
1732
260
109487
1210
293
72998
70286
53318
27592
135518
78349
6218
27611
111
2288
745
1036
5064
1291
37733
3994
132046
3949
2361
55820
44199
608
1258
3916
3499
2985
4023
3160
4223
4638
5602
7347
3175
1617
2989
2600
2329
2273
780
494
434
153
8781
4041
350
52973
1103
2571
2085
593
4121
1610
1200
1120
1042
858
3793
3882
