7153
5952
8795
4993
2019
2924
3996
7844
7090
3265
7022
3260
5902
3978
4121
1610
1200
1120
1042
858
593
5464
7438
55280
8645
50068
6874
5791
1089
924
31878
296
55363
55069
55442
3793
61240
61236
1210
52281
41997
260
2542
2571
34405
35836
65514
6539
5782
37733
3679
3811
4103
3275
3947
4437
3671
4262
3384
3111
2178
2109
1957
1273
1172
1197
3498
1211
4326
6229
7792
8128
8207
26366
1272
47274
4712
8961
5747
4928
5198
33794
778
1729
2959
2730
132046
68157
68954
26585
2997
7361
48394
7155
6942
70286
69640
8874
5971
94777
6863
2174
5618
2692
7373
46723
1517
47629
47423
6287
5956
45210
45028
132547
8528
2502
8494
1639
5349
3052
48516
104
95761
96417
48696
48738
5449
48774
49824
49917
8972
103688
103449
41863
44191
1245
319
588
364
2330
2677
3246
306
3030
1103
350
4041
52973
26554
27611
93040
135518
96832
96610
111251
1250
109487
599
5608
79132
1079
122886
68319
608
48780
44555
39421
215
55820
60072
47099
26614
50
34321
1199
4226
59725
2068
107999
3882
3707
1732
112552
8861
118997
1265
2942
2028
1219
2529
6016
4973
150
56367
2359
107649
47
1088
105504
1721
117533
60684
3703
62849
1704
2641
247
106696
4995
63131
67997
66934
27773
1258
46970
64969
63992
5299
111624
6350
27592
8188
114662
6713
114459
1176
30745
5662
3546
116161
232
2288
5812
1256
97938
115139
1080
5377
115713
111
5481
68358
54290
115569
95441
31658
112183
3113
58559
2004
4641
4369
1635
112852
1801
4351
1954
1956
2085
5
2369
112290
112556
4016
112515
3893
3785
72226
113064
4701
1376
1358
186
246
300
337
114342
357
112550
529
5135
587
628
661
904
1242
114254
4823
1259
520
127108
116797
121231
5445
47044
138610
104841
2082
80551
1061
3257
164979
3300
4069
5219
5507
164977
27904
163949
163056
161582
66097
161336
69526
69712
71057
52319
66203
32025
82152
1955
7478
32892
34162
35957
45950
111931
8623
130682
2968
4467
4911
5909
47465
111384
4388
1131
48711
4189
4612
6683
6986
27255
47640
6985
160954
158783
133645
132800
132549
132458
131796
128606
128512
128360
128235
127212
127206
127144
127114
6953
123695
123663
122882
118880
118700
117176
4721
7376
31221
133771
134130
134859
143385
156387
155064
82461
148626
6754
8865
36401
148482
146656
144172
142488
134881
61024
76251
78209
141749
140725
140715
140174
139642
139385
137337
6281
72395
7926
8767
25927
26150
26151
86833
31770
34517
37741
38304
39183
40629
40819
41585
86320
85394
42217
83976
82463
46664
82459
82313
81932
81845
81786
81591
81562
80489
80463
25805
8766
78653
8765
90376
90057
5795
89804
89759
6433
6515
6643
6783
6830
89492
6981
6983
7195
7335
89470
89260
112070
88810
8154
8195
88235
8236
88129
8584
87304
8751
79242
51540
5289
57669
58879
60069
60766
72741
72720
61323
61357
63082
63876
64614
64620
64622
64701
64839
66665
67087
67255
67429
67665
69481
70293
71108
71464
71745
72011
72131
72176
58191
56805
52241
56788
78574
52579
52967
53000
53123
53894
53953
54272
54286
54513
54881
55052
55063
78039
55118
55253
55269
55276
74545
74324
73023
55946
56015
56152
56286
56607
56782
90439
339
90531
757
946
1153
103107
102469
1209
102194
1232
101895
1260
101525
101285
1281
1572
1935
1942
99149
99114
98961
2182
2202
98154
5169
97921
2747
2857
2920
2927
3089
97752
914
146501
97304
103372
111622
88125
111505
3676
111249
106918
8369
110871
78349
107636
1900
2361
107141
106920
106916
40148
77455
4322
1997
106766
106100
8533
45720
3176
5984
53318
105355
105197
103624
97673
97923
3415
3634
94959
96811
3789
3632
95135
96728
4327
3742
94969
96588
94931
91077
4763
95449
95558
90866
3539
55247
109249
1028
8928
100365
26662
109374
318
3751
2936
4890
64957
46578
4018
954
8125
541
3022
2424
1274
6857
52885
104283
741
3809
7243
1283
3629
2012
3361
7458
4306
8464
37729
8636
1059
236
2396
293
115617
1291
7161
134853
106473
72998
3114
6218
78499
1036
3948
2700
377
1
3301
3949
4011
74458
5064
44199
745
40614
780
7347
494
2273
434
1617
3916
2329
2600
2985
2989
3160
3175
3499
8781
4023
4223
4638
153
5602
3994
