5952
7153
4993
8795
1610
1200
1120
1042
858
593
4121
3793
2019
293
3260
5902
3978
296
1089
1210
50
26614
3246
364
306
588
319
2677
1245
2330
260
2571
924
2028
1291
1517
5349
318
5198
3811
1197
1957
3111
1172
1211
1273
4326
8128
5747
3679
4103
4262
2959
4226
132046
2542
1036
79132
215
47
8781
7347
4638
4023
4223
5602
3175
780
434
3499
3160
2989
2985
2600
153
2329
2273
1617
3916
494
1729
778
4011
68157
3022
541
954
8125
6539
35836
1283
7243
3629
1704
1
33794
8636
1639
3052
8961
2700
2502
608
150
48780
27611
4995
26585
2936
44199
70286
78499
1079
2529
52973
4041
350
1103
135518
1250
3361
745
3265
7022
2692
5608
69640
27773
5064
62849
122886
109487
115617
60072
134853
6218
107999
2068
7155
5299
3809
3114
1732
94777
4973
72998
55820
111384
121231
1219
68319
37733
3882
2288
88125
1061
109249
1258
34405
3703
34321
8874
118997
27592
2424
8928
1176
63131
31878
46578
6942
109374
39421
130682
46970
1265
1997
105504
3707
56367
64969
106696
2942
5782
6350
1028
4018
66097
59725
6863
66934
74458
8369
107649
1935
6953
1572
106918
1942
5449
3676
4322
1281
1272
5812
146501
757
914
946
53318
5984
3176
45720
1153
8533
77455
47099
40148
6016
1209
1232
2361
1900
78349
1260
6281
8188
5481
31221
1274
3300
3275
3257
6857
2641
2359
4721
7376
32025
111
232
80551
2082
8464
26662
68358
104841
95441
97938
741
3301
78209
76251
8861
27904
5219
69526
69712
71057
47640
6985
4069
44555
3030
5618
82461
104283
6754
8865
36401
104
61024
54290
247
5377
2369
1242
1259
1376
1635
1801
1954
1956
2004
2085
3113
1080
3785
3893
4016
4351
4369
4641
4701
4823
5135
1059
904
661
628
1256
3546
5662
6287
6713
2178
30745
31658
52885
58559
67997
8972
236
246
52319
337
520
529
587
2109
2920
2182
101285
99114
98961
98154
97923
97921
97752
97673
97304
37729
96811
96728
45950
96588
100365
95558
99149
101525
95135
101895
107636
107141
106920
106916
106766
106100
105355
105197
32892
103624
35957
103372
103107
102469
102194
95449
94969
74324
86320
83976
82463
82459
82313
81932
81845
81786
81591
81562
80489
80463
79242
78653
78574
78039
85394
86833
94959
87304
94931
91077
90866
90531
90439
90376
90057
89804
89759
89492
89470
89260
88810
88235
88129
110871
111249
7478
146656
143385
142488
141749
140725
140715
140174
139642
139385
137337
134881
134859
134130
133771
133645
132800
144172
148482
111505
148626
111931
82152
66203
47044
138610
164979
164977
163949
163056
161582
161336
160954
158783
156387
155064
132549
1955
132458
131796
115569
115139
114662
114459
114342
114254
113064
112852
112556
112550
112515
112290
112183
112070
111622
115713
116161
116797
127144
128606
128512
128360
128235
127212
127206
127114
117176
127108
123695
123663
122882
118880
118700
2202
74545
73023
47423
8767
8766
8765
8751
8584
48711
8236
8207
8195
8154
7926
7792
4189
7335
7195
25805
25927
26150
41863
46723
46664
72741
45028
42217
5909
41585
26151
47465
4388
1131
34517
31770
26366
6983
6981
4612
3415
3742
3671
3634
3632
3539
3498
3384
3947
3089
2927
5507
2857
2747
2730
3789
4327
6830
5795
6783
6643
6515
6433
6229
6683
6986
4437
27255
5289
5169
4928
4763
4712
47274
45210
47629
60069
64620
64614
63876
63082
61357
61323
60766
58879
55946
58191
57669
56805
56788
56782
56607
56286
64622
64701
64839
66665
72720
72395
72226
72176
72131
72011
71745
71464
71108
70293
69481
67665
67429
67255
67087
56015
56152
7373
54272
49917
4911
51540
52241
4467
48774
52579
52967
48738
53000
53123
48696
53894
53953
55118
2968
48516
55276
55269
55253
54286
49824
55063
55052
54881
54513
1088
55247
112552
2174
63992
117533
106473
5971
111624
1199
65514
60684
4890
64957
599
111251
96610
96832
44191
377
103449
96417
4306
3751
34162
103688
8494
357
300
5445
7458
132547
95761
37741
38304
3948
1721
39183
7844
7090
3996
40629
2924
40819
8528
5956
2396
3994
48394
93040
26554
3949
7161
68954
2997
52281
41997
40614
8623
339
5
186
1358
7361
61236
61240
55069
55442
55363
5464
7438
6874
55280
8645
50068
5791
2012
