778
1729
296
2959
109487
4306
112515
118880
118700
117176
111622
116797
114662
114342
115569
112852
116161
112290
112183
112556
111251
68157
2542
924
105197
105355
106766
106916
103624
103372
103107
102194
101895
106920
107141
97673
106100
67665
2273
3160
153
434
494
780
1617
2329
2600
2985
2989
4023
3175
7347
4223
5602
4638
3916
3499
8781
81786
4011
2571
72131
70293
71108
71464
71745
72011
72720
72226
72395
66665
73023
78653
67087
69481
27611
105504
96832
96610
89470
64839
91077
90531
90439
90376
90057
89804
89759
89492
63876
89260
58191
88235
88129
87304
86833
86320
85394
83976
57669
67429
88810
90866
61323
64701
58879
60069
64622
60766
61357
63082
64620
64614
55063
5618
33794
31658
111
1080
1036
97752
101525
97921
98961
95135
97304
98154
96811
96728
99149
96588
95558
95449
97923
94931
94959
99114
132046
26662
3949
61240
61236
117533
5608
1079
1089
70286
1274
104283
52885
741
6857
95761
8494
5956
132547
103449
96417
103688
112552
3978
5902
3260
745
757
4763
7926
52579
53953
127206
111249
132800
133771
114459
114254
113064
112550
111505
110871
102469
101285
94969
161336
128512
5064
1291
48780
2529
67997
1732
62849
1704
122882
134859
55363
599
44199
2361
1219
1258
47
6350
61024
4226
135518
2730
2920
4995
107999
3634
1283
7243
3629
3265
7022
52319
26585
954
8125
541
3022
106473
7458
122886
3994
48394
3030
41997
52281
40148
2936
1210
68954
5782
3742
25805
1232
26150
26151
3415
1572
6981
6783
8195
6643
6433
42217
58559
6218
260
5952
7153
5791
6874
55280
7438
5464
50068
8645
69712
137337
115713
148626
146656
127114
128360
128606
139385
133645
143385
142488
141749
140174
134881
134130
4041
1103
52973
350
2924
7844
3996
7090
55069
55442
6985
127108
60072
88125
26614
50
2692
79132
55820
3546
1176
37733
3882
65514
293
6863
2174
134853
78349
74458
2068
1088
66097
94777
63131
7161
46970
64969
4018
77455
1721
2968
130682
107636
48711
4911
8623
2997
4721
7376
31221
4467
26554
6683
8961
5909
47465
32025
111931
4388
1131
4612
112070
115139
4189
7361
45950
318
6713
55052
520
377
357
1955
337
300
246
236
186
5
7478
30745
8188
6287
100365
5662
32892
34162
2288
1256
54290
106696
68358
82313
35957
8464
37729
3948
123663
6986
82152
123695
7373
76251
78209
158783
628
156387
155064
5507
27255
593
5219
148482
858
4069
3301
160954
27904
63992
8528
2502
164977
68319
104
69526
71057
36401
8865
6754
161582
163056
82461
47640
1042
1120
1200
8972
111384
163949
66203
127144
127212
128235
47044
138610
121231
131796
132458
4121
132549
5445
69640
144172
2082
3793
80551
1061
139642
164979
2359
140715
140725
2641
3257
3275
3300
1610
587
529
661
56015
1935
1942
1957
2109
2178
2182
2202
2747
2857
2927
3089
3111
3384
3498
3539
3632
3671
3679
3789
3811
3947
4103
4262
1281
1273
1272
39421
1028
1997
2942
8533
45720
59725
3176
3707
5984
7155
53318
1260
904
146501
55946
914
946
1153
1172
1197
1209
1211
4326
4327
4437
51540
31770
34517
37741
38304
39183
40629
40819
41585
46664
47274
52241
25927
55253
52967
53000
53123
53894
55118
54272
54286
54513
54881
26366
8767
4712
7195
4928
5169
5198
5289
5747
5795
6229
6515
6830
6983
7335
8766
7792
55276
8128
8154
8207
8236
55269
8584
8751
8765
4322
339
3751
1801
6281
5812
5481
1954
5349
5135
1956
2004
4890
4823
4701
4641
2012
4369
2085
4351
72176
2369
2396
4016
72741
3893
2700
3785
3052
3113
3361
6953
5377
8636
1358
6016
56152
56286
56607
56782
1
56788
1059
56805
1900
107649
1250
1259
8369
1242
1517
1376
1639
106918
55247
5449
3703
1635
3676
5971
97938
27773
6539
64957
232
6942
66934
247
34405
115617
47099
8861
46578
44555
8928
35836
2019
78499
118997
56367
34321
2028
109374
93040
4993
8795
31878
49824
48696
41863
45028
45210
48516
48774
49917
48738
47423
47629
46723
109249
44191
40614
74545
78574
82463
78039
82459
80463
80489
81562
81591
81845
81932
74324
67255
79242
608
2424
111624
5299
95441
104841
215
1199
27592
3809
72998
1265
3114
8874
2330
306
319
588
364
2677
1245
3246
60684
150
4973
