2989
780
3916
4023
4223
4638
5602
3499
3175
3160
2985
7347
8781
2600
2329
1617
2273
434
153
494
44199
1036
745
3994
4011
1291
293
3949
5064
608
1258
1732
2959
1079
2028
3246
2677
2330
306
319
364
588
1245
4041
1103
350
52973
296
2361
4121
593
1042
858
1120
1200
1610
778
1729
6218
1089
2288
1274
741
52885
104283
6857
1219
2542
4226
47
2692
3809
3629
7243
1283
1956
1080
1639
904
2085
628
50
1259
2700
529
3052
3361
26614
3546
247
5608
215
74458
55820
954
541
8125
3022
3793
48780
27773
3882
37733
4928
6229
3384
3498
2178
2109
47274
26366
3671
8207
7792
1272
3947
4437
4712
5618
106473
68157
26662
4973
27592
109249
46578
8928
52281
41997
111
109374
1721
5782
2936
3707
2529
6350
62849
1997
53318
48394
318
2641
661
6515
3676
1
2997
2182
41585
31770
1153
1256
8767
8766
8765
2369
8751
56015
8236
1260
5169
5289
1954
7335
3948
7195
1376
6830
1635
339
115139
1028
60684
107999
27904
26585
59725
78499
78349
4993
8795
7022
3265
7361
26554
2019
2424
7155
93040
94777
39421
44191
2730
2174
1199
130682
63992
3114
107649
88125
106696
7373
6942
66097
1265
35836
66934
109487
6986
5135
5349
4823
105504
5377
5481
4701
105355
105197
4641
103688
5812
4369
5984
4351
4306
114662
4016
103624
103449
3893
115569
115713
116161
116797
45720
4322
6281
112290
106920
7458
60072
47099
40148
6016
5445
111251
106916
52319
111622
121231
112183
1900
6953
106766
106100
8369
106918
55247
112556
112852
27255
114342
68954
65514
8533
107141
8636
4388
117176
40614
68358
163949
95441
97938
163056
161582
54290
32892
143385
160954
158783
156387
155064
148626
34162
146656
56367
7478
7090
1955
4721
7376
31221
32025
111931
111384
232
82152
8961
8874
66203
47044
7844
8464
138610
144172
142488
6683
128360
134130
133645
1059
1242
111624
132547
128606
5909
5662
103107
1131
127114
64957
48711
4189
4612
2924
100365
520
134881
6713
8188
141749
35957
30745
31658
37729
58559
140174
45950
139385
246
300
3996
137337
103372
67087
66665
45028
4069
46723
70293
47423
47629
48516
48696
48738
48774
49824
49917
50068
51540
52241
69481
3275
52967
45210
5219
53123
71108
102194
8645
73023
72720
72395
72226
72131
72011
71745
5507
37741
38304
39183
40629
40819
71464
41863
53000
53894
74545
56782
56805
57669
58191
58879
60069
60766
61236
61240
61323
61357
63082
63876
64614
64620
64622
64701
64839
56788
56607
67429
56286
54272
54286
54513
54881
55052
55063
55069
55118
55253
55269
55276
55280
3301
55442
3300
67255
56152
8494
74324
78039
78209
95135
104841
94959
94931
91077
90866
90531
90439
76251
95558
90376
90057
61024
89804
89759
89492
89470
89260
95449
95761
88810
97923
146501
101895
101525
69640
99149
99114
98961
98154
97921
96417
97752
97673
97304
96832
96811
96728
96610
96588
78574
8528
2502
80551
47640
5791
5795
5956
81932
71057
81845
69712
69526
1061
6874
81591
81562
80489
80463
7438
79242
78653
31878
88235
5464
82459
82461
88129
36401
8865
6754
87304
82463
86833
8972
5971
86320
3030
85394
83976
44555
6539
7153
5952
118997
115617
134853
4467
34405
599
2942
34321
8861
8154
1209
2857
3789
4327
914
64969
25927
46664
46970
112552
5299
63131
1250
6863
79132
122886
135518
117533
68319
72998
70286
67997
33794
27611
4890
4018
1176
2968
3978
5902
3260
77455
236
4995
47465
4911
150
7161
132046
337
3089
2927
2202
2004
3632
1935
186
5
2359
6983
1942
2012
8623
357
1358
924
946
2396
3751
6985
55363
67665
118880
118700
112515
122882
134859
3634
81786
2571
1704
2068
133771
161336
7926
52579
94969
53953
114459
4763
101285
102469
110871
111249
114254
111505
112550
128512
757
127206
113064
132800
1210
2920
127108
42217
26151
8195
26150
6783
1232
3415
3742
6433
6643
1572
6981
25805
1088
1281
3703
123695
2747
34517
1517
123663
132549
8584
127144
132458
127212
377
128235
3176
131796
55946
3539
107636
72176
6287
72741
82313
164979
164977
104
148482
140725
140715
139642
112070
5449
260
3257
2082
1801
587
1211
1172
1197
1273
1957
3111
3679
8128
3811
4103
4262
4326
5747
5198
3785
3113
