2396
2359
608
2571
4041
1103
350
52973
4890
67997
3809
132046
6942
55820
37733
3882
79132
1079
4973
27611
1721
8928
109249
135518
46578
109374
70286
72998
1732
1210
59725
109487
63992
260
53318
215
186
5
1028
58559
31658
30745
27773
27592
8188
6713
6287
5662
52885
39421
236
246
1635
1517
1376
1259
1250
1242
1059
904
661
628
587
529
520
377
357
3546
1256
2529
2288
93040
68358
56367
34321
541
588
26662
26614
8464
7161
5299
146501
4018
3948
2068
95441
97938
106696
319
1729
1801
306
1219
1089
1080
247
364
111
40614
54290
134853
118997
115617
1639
2012
1954
8636
78349
8369
106918
55247
2942
5449
3676
106473
44191
3703
6863
8533
107649
88125
68954
94777
1900
2361
6016
78499
77455
62849
60072
47099
40148
5608
1997
2959
2542
778
1088
1
117533
65514
45720
1956
6953
3751
3361
3260
3113
3052
2700
3176
2692
3707
5984
7155
2369
2085
4322
2004
3785
3893
3978
63131
6281
5812
5481
5377
5349
5135
4823
4016
4701
4641
4369
4351
4306
64969
1265
7376
1176
36401
34405
27904
8861
7373
5507
5219
4069
3301
3300
3275
3257
2641
1061
80551
2082
104841
69640
48394
60684
66097
7361
6754
104283
82461
5971
5618
3030
44555
6985
66934
47640
46970
71057
69712
69526
68319
68157
8972
7458
5445
2174
4467
2968
1199
130682
111624
107999
8623
100365
5909
45950
37729
35957
34162
32892
7478
1955
4911
47465
52319
6986
121231
48780
4995
4226
1704
1258
27255
6683
296
4612
4189
48711
74458
64957
1131
4388
8865
104
318
2502
6857
6539
6350
5952
5902
5782
4993
3996
3265
2997
2924
2019
1274
924
741
44199
8781
7022
7090
7153
4721
232
50
47
35836
32025
31221
914
122886
7844
33794
31878
26585
26554
8961
8874
8795
7347
6218
5602
593
1200
1120
1042
1036
858
780
745
494
1610
434
293
153
78209
76251
61024
8528
1291
1617
5064
3916
4638
4223
4121
4023
4011
3994
3949
3793
2273
3499
3175
3160
2989
2985
2600
2329
757
599
946
94931
96588
96417
95761
95558
95449
95135
94969
94959
91077
96728
90866
90531
90439
90376
90057
89804
89759
89492
96610
96811
105197
101285
103624
103449
103372
103107
102469
102194
101895
101525
99149
96832
99114
98961
98154
97923
97921
97752
97673
97304
89470
89260
88810
72011
74324
73023
72741
72720
72395
72226
72176
72131
71745
88235
71464
71108
70293
69481
67665
67429
67255
67087
74545
78039
78574
78653
88129
87304
86833
86320
85394
83976
82463
82459
82313
81932
81845
81786
81591
81562
80489
80463
79242
103688
105355
954
134859
141749
140725
140715
140174
139642
139385
137337
134881
134130
143385
133771
133645
132800
132549
132547
132458
131796
128606
142488
144172
105504
163949
111931
111384
82152
66203
47044
138610
164979
164977
163056
146656
161582
161336
160954
158783
156387
155064
148626
148482
128512
128360
128235
111505
112556
112552
112550
112515
112290
112183
112070
111622
111251
127212
111249
110871
107636
107141
106920
106916
106766
106100
112852
113064
114254
114342
127206
127144
127114
127108
123695
123663
122882
118880
118700
117176
116797
116161
115713
115569
115139
114662
114459
66665
64839
64701
4763
5795
5791
5747
5464
5289
5198
5169
4928
4712
3679
4437
4327
4326
4262
4103
3947
3811
3789
5956
6229
6433
6515
8207
8195
8154
8128
8125
7926
7792
7438
7335
7243
7195
6983
6981
6874
6830
6783
6643
3742
3671
64622
1273
2109
2028
1957
1942
1935
1572
1283
1281
1272
3634
1260
1245
1232
1211
1209
1197
1172
1153
2178
2182
2202
2330
3632
3629
3539
3498
3415
3384
3246
3111
3089
3022
2936
2927
2920
2857
2747
2730
2677
8236
8494
8584
55063
55442
55363
55280
55276
55269
55253
55118
55069
55052
8645
54881
54513
54286
54272
53953
53894
53123
53000
55946
56015
56152
56286
64620
64614
63876
63082
61357
61323
61240
61236
60766
60069
58879
58191
57669
56805
56788
56782
56607
52967
52579
52281
41997
52241
40819
40629
39183
38304
37741
34517
31770
26366
26151
26150
25927
25805
8767
8766
8765
8751
41863
41585
42217
48516
51540
50068
49917
49824
48774
48738
48696
339
47629
47423
47274
46723
46664
45210
45028
2424
3114
150
300
1358
337
