6754
26614
52967
53000
53123
53894
50
54272
54286
54513
54881
55052
55118
52241
55253
56805
56788
56782
56607
56286
56152
55269
58559
55276
51540
318
55442
55069
293
55820
3361
56367
55247
111384
121231
94931
97752
101525
99149
98961
98154
97923
97921
97304
94959
96811
96728
95558
95449
95135
96588
99114
1061
96610
96832
27773
97938
44191
95441
115617
109374
109249
106696
93040
26662
118997
68358
3703
46578
34321
27611
72998
134853
6713
54290
40614
111
247
1079
1080
1089
1219
1256
1729
2288
2529
3546
5662
8464
7161
5299
4973
117533
1
778
47
2542
2959
5608
6016
40148
47099
60072
62849
77455
78499
4322
2361
1900
94777
1176
4018
3948
2424
2068
1265
1210
106473
78349
3676
5449
232
106918
8369
70286
6287
27592
8188
1250
1639
1635
1517
1376
1358
1259
1242
1954
1059
904
661
628
587
529
1801
1956
377
3113
3893
3785
3751
4016
3260
3114
3052
2004
2700
2692
2396
2369
2085
2012
520
357
3978
8636
5377
5481
67997
5812
6281
6953
65514
5135
68954
88125
52885
31658
107649
30745
5349
5
350
4306
337
4041
300
246
236
215
186
4890
4351
35836
4369
4641
4701
4823
135518
26554
32025
7373
5219
4069
3882
3809
3301
3300
3275
3257
2641
2359
1732
80551
2082
104841
69640
8972
7458
5507
8861
608
8928
44555
7361
6985
46970
71057
69712
69526
68319
68157
66934
66097
63992
60684
48394
37733
34405
27904
5445
52319
31221
5909
4467
2968
1199
130682
111624
107999
8623
2174
150
100365
45950
37729
35957
34162
32892
7478
1955
4911
47465
109487
296
79132
48780
4995
4226
1704
1258
260
27255
6986
6683
4612
4189
48711
74458
64957
1131
4388
3030
5618
5971
5902
4993
3996
3265
2997
2924
2571
2019
1274
924
741
44199
8781
7347
6218
5602
5064
4638
5782
5952
82461
6350
7376
4721
122886
1721
33794
31878
26585
1088
8961
8874
8795
7844
7153
7090
7022
6857
6539
4223
4121
4023
4011
780
745
593
494
434
153
78209
76251
52973
8528
2502
1103
104
36401
8865
132046
104283
858
1036
1042
2989
3994
3949
3916
3793
3499
3175
3160
2985
1120
2600
2329
2273
1617
1610
1291
1200
1028
599
1997
90376
96417
95761
94969
91077
90866
90531
90439
90057
2942
89804
89759
89492
89470
89260
88810
88235
97673
101285
101895
102194
107636
107141
106920
106916
106766
106100
105504
105355
105197
103688
103624
103449
103372
103107
102469
88129
87304
86833
74324
72741
72720
72395
72226
72176
72131
72011
71745
71464
71108
70293
69481
67665
67255
67087
73023
74545
86320
78039
85394
83976
82463
82459
82313
81932
81845
81786
81591
81562
80489
80463
79242
78653
78574
110871
111249
111251
146656
143385
142488
141749
140725
140715
140174
139642
139385
137337
134881
134859
134130
133771
133645
132800
144172
148482
132547
148626
111931
82152
66203
47044
138610
164979
164977
163949
163056
161582
161336
160954
158783
156387
155064
132549
132458
111505
115713
115139
114662
114459
114342
114254
113064
112852
112556
112552
112550
112515
112290
112183
112070
111622
115569
116161
131796
116797
128606
128512
128360
128235
127212
127206
127144
127114
127108
123695
123663
122882
118880
118700
117176
66665
339
5791
3679
4326
4262
4103
3947
3811
3789
3742
3671
541
3634
3632
3629
3539
3498
3415
3384
4327
4437
4712
4763
6783
6643
6515
6433
6229
5956
5795
319
5747
5464
5289
364
5198
5169
4928
3246
3111
3089
1283
1273
1272
1260
1245
1232
1211
1209
1197
1172
1153
954
946
914
757
146501
1281
1572
3022
1935
2936
2927
2920
2857
2747
2730
2677
2330
2202
2182
2178
2109
2028
1957
1942
6830
6874
6981
6983
52579
52281
50068
49917
49824
48774
48738
48696
48516
47629
47423
47274
46723
46664
45210
53953
53318
39421
63131
6863
6942
8533
45720
56015
59725
64969
55280
3176
3707
5984
7155
55946
55363
45028
42217
41997
8751
8584
8494
8236
8207
8195
8154
8128
8125
7926
7792
7438
306
7335
7243
7195
41863
8645
8765
8766
41585
40819
40629
39183
38304
37741
34517
31770
26366
26151
26150
25927
25805
8767
588
61240
61236
57669
64620
64614
58879
60069
60766
61323
63082
63876
61357
58191
64622
64701
64839
67429
55063
61024
47640
