2959
44555
47629
48774
41863
45028
49917
47423
49824
48738
45210
46723
48696
48516
44199
1732
1258
4011
2542
81786
90057
2502
90376
85394
86320
90439
90531
90866
91077
89804
89759
89492
89470
89260
88810
88235
88129
1089
87304
86833
83976
1265
318
4226
62849
778
1729
48780
5608
47099
122882
134859
2361
40148
6985
2529
74458
112550
161336
7926
4763
94969
101285
757
102469
127206
110871
111249
111505
114459
114254
53953
128512
52579
113064
132800
133771
47
3949
1120
1200
1610
858
593
1042
4121
296
46578
27773
1219
148626
141749
142488
143385
134881
115713
146656
140174
133645
128606
137337
127114
139385
128360
134130
1079
5602
153
434
4023
7347
8781
3916
3499
3175
3160
2989
2600
2329
2273
1617
780
4638
494
2985
4223
118880
67665
112515
118700
55363
2730
79132
2920
3809
3634
68157
111
4995
53318
1704
127108
6218
3361
3793
4973
44191
2288
77455
60684
1036
5299
3994
745
5971
78349
27592
1291
5064
111384
121231
2692
117533
111624
109374
608
1061
55247
34321
8874
1199
35836
31878
63131
7161
6539
6942
46970
94777
56367
8928
64969
6350
6863
66934
1376
1639
1358
1517
1242
1259
1635
1801
1250
100365
1059
904
150
30745
31658
52885
58559
67997
5
186
215
236
246
300
337
350
357
377
520
529
587
628
661
1954
5618
1956
5481
6281
6953
8636
65514
68954
88125
45950
107649
106473
3676
5449
106918
8369
1900
37729
35957
34162
32892
7478
6016
1955
5812
5377
2004
5349
2012
2085
2369
2396
2700
3052
3113
3114
8188
3785
3893
4016
4041
4306
4351
4369
4641
4701
4823
4890
5135
3751
95441
6713
2359
7373
5507
5219
4069
3882
3301
3300
3275
3257
2641
80551
2997
2082
104841
69640
8972
7458
5445
60072
52319
741
1274
8861
27904
34405
78209
7361
47640
71057
69712
69526
66097
63992
82461
104283
6754
8865
48394
36401
104
1103
37733
8528
52973
55820
61024
76251
2924
3265
6287
106696
2424
4911
3948
8464
26662
4467
68358
93040
3030
97938
54290
3996
40614
247
2968
1080
130682
1256
8623
2174
3546
5662
5909
47465
4388
1131
5782
6857
7022
7090
7844
8961
26554
26585
1721
4721
7376
31221
32025
27255
6986
6683
4612
4189
48711
232
64957
599
339
51540
61323
64622
64620
64614
63876
63082
61357
61240
64839
61236
60766
60069
58879
58191
57669
64701
66665
139642
72011
72741
72720
72395
72226
72176
72131
71745
67087
71464
71108
70293
69481
67429
67255
56805
56788
56782
54272
4322
55052
132549
54881
54513
54286
53894
56607
53123
53000
52967
52281
52241
123663
55063
55069
55118
55253
55269
132547
132458
55276
131796
55280
55442
55946
56015
128235
56152
127212
56286
127144
73023
74324
105197
106920
106916
106766
106100
105504
105355
103688
99149
103624
103449
103372
103107
102194
101895
107141
107636
111251
111622
112070
112183
112290
112552
112556
112852
114342
114662
115139
115569
116161
123695
116797
101525
99114
74545
81591
94931
82463
82459
82313
81932
81845
81562
98961
80489
80463
79242
78653
78574
78039
94959
95135
95449
95558
95761
96417
96588
96610
96728
96811
96832
97304
97673
97752
97921
97923
98154
50068
117176
47274
2182
2857
2747
2677
2330
163949
2202
2178
2936
2109
164977
2028
164979
1942
1935
2927
3022
156387
3632
46664
160954
3789
3742
161582
3671
3629
3089
3539
3498
3415
3384
3246
163056
1572
1283
1281
59725
306
39421
7155
5984
3707
3176
45720
138610
111931
8533
2942
1997
1088
1028
319
364
541
588
146501
914
946
954
1153
82152
66203
1209
47044
1232
1245
1260
1272
158783
3947
4327
26150
8195
8207
8236
8494
8584
8751
8765
140725
8766
8767
25805
25927
26151
144172
26366
31770
34517
37741
140715
38304
39183
40629
40819
41585
41997
42217
8154
8645
6229
6830
148482
5791
5795
5956
8125
6433
155064
6515
6643
6783
5289
5169
4928
4712
6874
6981
6983
4437
7195
7243
7335
7438
7792
5464
72998
70286
118997
3703
135518
2571
68319
109487
27611
107999
122886
132046
4018
1210
1176
115617
33794
109249
2068
78499
1
2019
293
4993
8795
924
134853
5902
3978
3260
4326
4103
1957
3111
3679
3811
5747
4262
5198
1211
8128
1197
1172
1273
260
5952
7153
26614
50
