2989
2600
7347
2329
3160
2273
3175
1617
8781
3499
3916
153
4023
434
494
4223
780
4638
5602
2985
44199
1036
3994
377
4121
1200
1120
1042
858
593
1610
47
318
745
4011
3949
5064
1291
3793
6218
293
3361
88125
2288
5608
27773
2959
27592
4226
1258
111384
121231
130682
48394
1219
2529
1061
1997
48780
62849
1704
66097
74458
4995
79132
1956
1954
1801
135518
1639
1256
52885
31658
30745
8188
6713
6287
5662
3546
1080
1635
247
111
40614
54290
118997
109374
109249
106696
58559
67997
5
186
1517
1376
1358
1259
1250
1242
1059
904
661
587
529
520
357
350
337
246
236
628
2369
2004
2012
8533
6942
6863
2942
1088
1028
4322
77455
47099
40148
6016
117533
2361
1900
94777
78349
70286
45720
59725
63131
757
1209
1197
1172
1153
954
946
914
146501
64969
541
53318
39421
7155
5984
3707
3176
8369
106918
55247
3751
4351
4306
4041
4016
3978
3893
3785
3260
4641
3113
3052
2700
2692
2396
95441
2085
4369
4701
5449
8636
3676
106473
44191
3703
107649
68954
65514
6953
4823
6281
5812
5481
5377
5349
5135
4890
97938
122886
93040
3300
5507
5219
4069
3882
3809
3301
3275
8972
3257
2641
2359
80551
2082
104841
7373
8861
8928
27904
34405
37733
60684
63992
66934
68319
69526
69712
71057
46970
47640
6985
7361
69640
7458
3030
100365
2968
1199
111624
107999
8623
2174
45950
5445
37729
35957
34162
32892
7478
1955
4467
4911
5909
47465
4388
1131
64957
48711
4189
4612
6683
6986
27255
260
109487
52319
608
44555
5618
72998
1721
35836
32025
31221
7376
4721
1232
33794
7153
31878
26585
26554
8961
8874
8795
232
1176
1210
1265
2068
3948
4018
4973
5299
7161
8464
26662
27611
34321
46578
56367
68358
7844
7090
5971
1103
76251
61024
55820
52973
8528
2502
104
7022
36401
8865
6754
132046
104283
82461
78209
741
924
1274
2019
2571
2924
2997
3265
3996
4993
5782
5902
5952
6350
6539
6857
1211
599
64701
90866
95761
95558
95449
95135
94969
94959
94931
91077
90531
96588
90439
90376
90057
89804
89759
89492
89470
89260
96417
96610
88235
99114
103372
103107
102469
102194
101895
101525
101285
99149
98961
96728
98154
97923
97921
97752
97673
97304
96832
96811
88810
88129
103624
71108
72720
72395
72226
72176
72131
72011
71745
71464
70293
73023
69481
67665
67429
67255
67087
66665
64839
1260
72741
74324
87304
81845
86833
86320
85394
83976
82463
82459
82313
81932
81786
74545
81591
81562
80489
80463
79242
78653
78574
78039
103449
103688
64620
134130
140725
140715
140174
139642
139385
137337
134881
134859
133771
142488
133645
132800
132549
132547
132458
131796
128606
128512
141749
143385
128235
163056
111931
82152
66203
47044
138610
164979
164977
163949
161582
144172
161336
160954
158783
156387
155064
148626
148482
146656
128360
127212
105197
111249
112550
112515
112290
112183
112070
111622
111505
111251
110871
112556
107636
107141
106920
106916
106766
106100
105504
105355
112552
112852
127206
117176
127144
127114
127108
123695
123663
122882
118880
118700
116797
113064
116161
115713
115569
115139
114662
114459
114342
114254
64622
339
64614
4712
6981
6874
6830
6783
6643
6515
6433
6229
5956
5795
5791
5747
5464
5289
5198
5169
4928
6983
7195
7243
8236
8767
8766
8765
8751
8645
8584
63876
8207
7335
8195
8154
8128
8125
7926
7792
7438
4763
4437
25927
4327
2927
2920
2857
2747
2730
2202
2182
2178
2109
1957
1942
1935
1572
1283
1281
1273
1272
2936
3022
3089
3679
4326
4262
4103
3947
3811
3789
3742
3671
3111
3634
3632
3629
3539
3498
3415
3384
25805
8494
26150
55946
55363
55280
55276
55269
55253
55118
26151
55063
55052
54881
54513
54286
54272
53953
53894
55442
56015
53000
56152
63082
61357
61323
61240
61236
60766
60069
58879
58191
57669
56805
56788
56782
56607
56286
53123
55069
52967
41863
47423
47274
52579
46664
45210
45028
42217
41997
41585
48516
40819
40629
39183
38304
37741
34517
31770
26366
47629
46723
48774
52281
52241
51540
48696
50068
48738
49917
49824
1732
1079
2542
68157
1089
1729
778
26614
50
60072
215
2028
300
296
588
3246
1245
364
319
306
2330
2677
2424
115617
134853
3114
78499
150
1
