2359
4327
2273
8154
1358
904
153
8781
7347
5602
4638
4223
4023
3916
3499
3175
3160
2989
2985
2329
2600
3789
2857
914
1209
494
780
1617
434
318
2028
1200
593
1610
1042
4121
858
1120
1283
3629
7243
3634
599
44199
8125
3022
954
541
3246
2677
2330
1245
588
364
319
306
1036
3994
67997
745
3793
41997
52281
293
1291
5064
4011
2936
3949
3361
215
6942
6218
48394
111384
121231
1061
27773
2700
2369
47465
3052
3113
296
3114
2085
2692
3257
3751
3785
3893
5909
2012
4041
4306
4351
4369
4641
4701
4823
5135
4016
1635
2004
350
300
246
236
186
5
58559
52885
31658
30745
27592
8188
6713
6287
5662
3546
337
357
1954
520
1801
1639
5377
1517
1376
4388
1259
1250
1242
1059
1131
661
628
587
529
5349
68954
5481
150
1997
100365
1088
1028
4322
78499
77455
5812
62849
60072
47099
2174
8623
40148
2942
6863
45950
8533
45720
37729
63131
64969
3707
35957
5984
34162
7155
39421
32892
7478
1955
6016
107999
5608
106918
6281
6953
8636
65514
2288
88125
107649
3703
44191
4911
106473
3676
5449
55247
4467
2959
8369
70286
78349
2968
94777
1199
1900
2361
117533
1
130682
778
2542
111624
2529
247
1729
76251
104841
2082
80551
1732
2641
78209
61024
8972
55820
52973
8528
2502
1103
104
69640
7458
1256
1704
4612
6683
6986
27255
260
1258
4226
5445
4995
48780
79132
109487
52319
608
36401
8865
6754
7373
60684
37733
34405
27904
8928
8861
5507
132046
5219
4069
3882
3809
3301
3300
66097
66934
68157
68319
69526
69712
71057
46970
47640
6985
7361
44555
3030
5618
5971
82461
104283
4189
48711
74458
26662
72998
68358
56367
46578
34321
27611
26614
53318
8464
7161
5299
4973
4018
3948
93040
95441
97938
106696
109249
109374
115617
118997
134853
54290
40614
111
3275
1079
1080
1089
1219
2068
1210
741
4993
7090
7022
6857
6539
6350
5782
3996
1176
3265
2997
2924
2571
2019
1274
7844
8795
8874
8961
26554
26585
31878
122886
4721
7376
31221
32025
35836
47
50
232
64957
1265
135518
146501
97673
96832
96811
96728
96610
96588
96417
95761
95558
95449
95135
94969
94959
94931
91077
90866
90531
90439
97304
97752
106100
97921
105355
105197
103688
103624
103449
103372
103107
102469
102194
101895
101525
101285
99149
99114
98961
98154
97923
90376
90057
89804
89759
80463
79242
78653
78574
78039
74545
74324
73023
72741
72720
72395
72226
72176
72131
72011
757
71464
80489
81562
81591
86833
89492
89470
89260
88810
88235
88129
87304
86320
81786
85394
83976
82463
82459
82313
81932
81845
105504
106766
70293
143385
141749
140725
140715
140174
139642
139385
137337
134881
134859
134130
133771
133645
132800
132549
132547
132458
131796
142488
144172
106916
146656
111931
82152
66203
47044
138610
164979
164977
163949
163056
161582
161336
160954
158783
156387
155064
148626
148482
128606
128512
128360
128235
113064
112852
112556
112552
112550
112515
112290
112183
112070
111622
111505
111251
111249
110871
107636
107141
106920
114254
114342
114459
122882
127212
127206
127144
127114
127108
123695
123663
118880
114662
118700
117176
116797
116161
115713
115569
115139
71108
71745
69481
8494
8195
8128
7926
7438
7335
7195
6983
6981
6874
6830
6783
6643
6515
6433
5956
8236
8584
41863
8645
40819
40629
39183
38304
37741
34517
31770
26151
67665
25927
25805
8767
8766
8765
8751
5795
5791
5747
5464
2202
2182
1957
1942
1935
1572
1281
1273
1260
1232
1211
1197
1172
1153
946
2747
2920
2927
4103
5289
5198
5169
4763
4326
4262
3811
3089
3742
3679
3632
3539
3415
3111
41585
26150
42217
58879
57669
56805
56788
56782
56607
56286
56152
56015
55442
55363
55280
55276
55269
55253
55118
58191
60069
55063
60766
67429
67255
67087
66665
64839
64701
64622
64620
64614
63876
63082
61357
61323
61240
61236
55069
55946
55052
53000
52579
52241
51540
50068
54881
49917
49824
48774
48738
48696
48516
47629
47423
46723
46664
45210
45028
52967
339
53123
54272
54513
53953
53894
54286
63992
2424
59725
4890
377
1721
2396
2730
7153
5952
33794
47274
1272
6229
26366
2178
3498
7792
2109
3947
3384
4928
8207
3671
4712
4437
1956
3260
5902
3978
924
3176
