1197
4326
1273
1211
3111
1172
3679
3811
4262
4103
1957
5198
5747
8128
293
2028
1291
1079
1704
2174
8154
2857
1209
4327
357
1358
337
3789
1242
914
318
1258
588
2677
364
319
306
3246
1245
2330
3629
1283
7243
3634
3916
8781
7347
5602
4638
4223
4023
494
434
2985
2273
780
3499
3175
153
3160
2989
1617
2600
2329
599
5608
3949
3809
3022
8125
954
541
60072
2959
44199
215
4995
109249
26614
50
52281
41997
1036
2936
3994
745
4973
1219
5064
4011
47
3361
107649
8928
2288
4226
48394
2361
112552
74458
109374
6218
1729
778
1088
78349
1176
27592
6863
111384
27773
121231
79132
48780
46578
1061
111
2542
1200
1120
1042
1610
858
4121
593
296
3793
1956
260
1955
1028
1259
1080
1954
1265
1997
26585
3265
7022
5782
2942
106696
53318
118997
2068
5299
130682
5971
6539
111624
60684
1210
55247
34321
8874
115617
2019
132046
35836
31878
63131
66934
7161
122886
46970
94777
107999
56367
64969
6350
27611
4018
109487
68319
134853
2571
135518
3703
70286
72998
111249
33794
110871
4721
7376
31221
32025
107636
107141
106920
232
106916
106766
64614
105504
105355
3948
105197
103688
103624
103449
8464
103372
26662
103107
102469
102194
101895
106100
111251
26554
8961
114459
114342
114254
113064
112852
741
924
1274
112556
112550
2924
2997
112515
3996
4993
112290
5902
5952
112183
112070
6857
111622
7090
7153
7844
8795
111505
68358
95441
93040
58559
5
186
96610
236
246
300
96588
96417
377
520
529
587
628
661
904
1059
95761
1250
95558
95449
1376
1517
1635
1639
63876
95135
94969
67997
52885
115139
31658
97938
101525
101285
99149
99114
98961
98154
54290
40614
97923
247
97921
97752
1089
97673
1256
97304
96832
2529
3546
5662
6287
6713
8188
96811
96728
30745
114662
115569
2012
69640
163949
163056
161582
161336
160954
158783
156387
155064
148626
52319
5445
7458
8972
104841
8861
2082
80551
148482
2359
2641
3257
3275
3300
3301
146656
4069
5219
5507
27255
6986
6683
4612
111931
7478
32892
34162
35957
37729
45950
100365
150
82152
8623
66203
47044
138610
1199
2968
4467
4911
5909
47465
164979
4388
1131
64957
164977
48711
4189
7373
144172
115713
128360
137337
134881
134859
134130
133771
133645
132800
132549
132547
132458
131796
128606
128512
128235
27904
127212
127206
127144
127114
127108
123695
123663
122882
118880
118700
117176
116797
116161
139385
78209
76251
61024
34405
143385
142488
66097
141749
68157
140725
69526
69712
71057
140715
47640
6985
7361
44555
3030
5618
140174
82461
104283
139642
6754
8865
36401
104
2502
8528
2004
1801
2085
72395
6983
7195
67087
7335
7438
7926
66665
64839
64701
8195
8236
8494
8584
8645
8751
8765
8766
8767
25805
25927
26150
26151
31770
34517
37741
38304
39183
6981
6874
6830
69481
3415
3539
72176
3632
72131
2369
72011
3742
71745
71464
71108
70293
67665
6783
4763
5169
67429
5289
5464
67255
5791
5795
5956
6433
6515
6643
40629
40819
41585
56607
55069
55118
55253
55269
55276
55280
55363
55442
55946
56015
56152
56286
56782
55052
56788
56805
57669
58191
58879
60069
60766
61236
61240
61323
61357
63082
55063
54881
41863
49824
64622
42217
45028
45210
46664
46723
47423
47629
48516
48696
48738
48774
49917
54513
50068
51540
52241
64620
52579
52967
53000
53123
53894
53953
54272
54286
72226
339
3089
8533
44191
106473
3676
5449
91077
106918
8369
90866
90531
1900
90439
117533
1
90376
90057
89804
89759
6016
40148
47099
89492
62849
77455
78499
4322
89470
89260
88810
88235
94931
88125
68954
4306
2396
2692
2700
3052
3113
3114
3260
94959
3751
3785
3893
3978
4016
4351
65514
4369
4641
4701
4823
4890
5135
5349
5377
5481
5812
6281
6953
8636
72720
88129
45720
1260
2920
81845
1153
81786
81591
73023
81562
80489
1232
2747
80463
79242
2927
1281
78653
1572
1935
74324
1942
74545
2202
2182
78574
78039
81932
946
757
82463
3707
5984
7155
39421
87304
86320
85394
86833
83976
72741
82459
82313
146501
3176
608
63992
6942
2424
59725
1732
37733
3882
55820
2730
2178
3384
3498
3947
3671
2109
4437
4712
4928
1272
6229
26366
7792
47274
8207
1721
4041
350
52973
1103
