7153
5952
8795
4993
44199
2019
3260
5902
3978
1036
2985
5602
7347
4638
4223
4023
8781
3916
3175
3160
2989
153
2600
780
434
2329
494
3499
2273
1617
47099
1258
56286
54881
5445
55052
55118
55253
55269
55276
56152
1200
4121
56607
56788
54513
593
1610
858
1042
1120
56805
56782
54286
53000
51540
52241
52967
53123
53894
54272
1704
296
45028
45210
41863
48774
46723
47423
47629
48516
48696
48738
49824
49917
26585
55069
55442
5064
1291
64957
1997
3949
3994
3265
7022
745
5782
3793
142488
115713
5449
133645
6287
134881
137337
139385
127114
140174
143385
128360
128606
148626
141749
146656
134130
104
2361
55820
44555
122882
134859
4995
127108
4011
6218
5608
68157
7458
105504
6539
98961
97923
99114
97921
97752
97304
99149
96728
101525
98154
96811
4701
96588
95558
95449
95135
94959
94931
608
1089
47
924
56367
46578
2288
1732
111
55247
78349
1176
1219
4041
350
52973
1103
27592
96832
96610
50068
8645
7438
55280
6874
5464
5791
53318
69640
130682
4973
55363
74458
97938
61236
61240
3809
2959
111624
93040
1079
37733
3882
103107
103624
106100
106766
106916
106920
105197
97673
105355
101895
107141
103372
102194
1729
778
68954
8928
4226
5299
232
2542
106696
34321
8874
118997
48780
35836
31878
63131
1028
1265
7161
46970
64969
6350
27773
4018
6863
66934
109374
109249
2085
1376
2692
1358
2396
1517
2012
2369
1635
1259
1801
1954
1956
2004
1639
1059
1242
337
52885
67997
5
186
236
246
300
3030
904
357
377
520
529
587
628
661
2700
121231
3052
3113
6953
8636
65514
32892
88125
107649
44191
106473
3676
7478
1955
71057
69712
69526
66097
106918
8369
6281
5812
5481
7361
35957
31658
3751
3785
3893
34162
4016
4351
5377
4641
6985
4823
47640
4890
5135
5349
3361
8188
30745
1199
2359
6857
2641
8623
7090
2174
7844
100365
3257
26554
45950
3275
1721
4721
7376
31221
32025
2997
2968
5618
4467
3996
8972
104841
27255
6986
6683
4612
4189
2082
48711
80551
1061
1131
4388
47465
5909
4911
3300
2924
50
3301
8528
40614
2502
36401
247
8865
1080
6754
104283
1256
82461
5971
3546
5662
37729
6713
52319
54290
61024
76251
5507
1274
318
741
3948
4069
5219
8464
26614
78209
26662
7373
8861
27904
60684
63992
95441
599
339
47274
61323
114459
52579
53953
55063
55946
56015
57669
114254
58191
58879
60069
60766
61357
46664
63082
63876
64614
64620
64622
64701
64839
66665
67087
67255
67429
67665
1900
42217
70293
25927
111505
8195
8207
127144
8236
8494
8584
8751
8765
8766
8767
25805
26150
115139
123695
26151
123663
26366
31770
34517
37741
38304
39183
40629
40819
41585
69481
71108
127206
90531
88129
113064
88235
88810
89260
89470
89492
89759
89804
90057
90376
90439
90866
86833
91077
112550
94969
95761
96417
101285
102469
103449
112070
103688
107636
110871
87304
86320
71464
78574
71745
72011
72131
72176
72226
72395
72720
72741
73023
74324
74545
78039
78653
85394
79242
80463
80489
81562
81591
81786
81845
81932
82313
82459
82463
83976
8128
8154
7926
158783
161336
1153
1172
1197
1209
1211
1232
160954
1260
1272
1273
1281
1572
2857
1935
1942
1957
156387
2109
2178
2182
155064
2202
148482
7792
2730
946
914
757
146501
111931
111384
6016
40148
82152
77455
66203
47044
4322
1088
2942
6942
45720
59725
3176
3707
5984
7155
39421
138610
164979
164977
163949
163056
161582
2747
144172
2920
4327
4712
4763
2927
5169
5198
5289
5747
5795
132547
5956
132458
6229
6433
6515
6643
6783
6830
131796
128512
6981
6983
7195
128235
127212
7335
4437
4928
4326
3634
140725
140715
3089
3111
139642
3384
3415
133771
3498
3539
132549
3632
132800
3671
3811
4262
3679
3947
4103
3789
3742
111249
2424
3114
293
2068
150
8533
62849
2529
79132
48394
117533
94777
112552
3703
34405
68319
135518
215
52281
41997
107999
2936
111251
27611
72998
112515
118700
118880
70286
115617
1245
319
588
2330
2677
3246
364
306
4369
60072
109487
8125
954
541
3022
1250
134853
116161
114662
112290
112852
115569
112556
116797
112183
114342
117176
111622
2571
3629
1283
7243
132046
2028
8961
33794
78499
260
4306
58559
1
68358
122886
1210
