350
52973
4041
1103
4973
608
102469
128512
94969
7926
132800
133771
114459
114254
113064
112550
127206
757
4763
52579
111505
101285
53953
161336
111249
110871
81786
122882
134859
118700
118880
67665
112515
2730
2920
55820
3634
55363
37733
3882
4223
7347
8781
2273
4023
4638
5602
1617
2989
2985
3175
494
434
780
153
3160
3499
2600
3916
2329
150
77455
44199
111624
3809
1265
1036
117533
109249
3994
6218
8874
745
5299
3114
5064
1291
4011
5971
31878
1079
3949
93040
8928
34321
6350
293
56367
118997
46578
2424
109374
35836
1732
115617
6539
64957
6942
66934
106696
97938
134853
1729
95441
72998
54290
40614
111
68358
247
1080
1089
1219
1256
2288
337
58559
300
246
236
357
215
186
5
67997
52885
2529
30745
27773
27592
377
8188
6713
5662
3546
31658
135518
520
5377
1900
94777
78349
70286
8369
106918
55247
3676
106473
44191
3703
107649
88125
65514
8636
6953
6281
2361
1
778
4322
45720
8533
6863
2942
1997
1088
1028
78499
2542
62849
60072
47099
40148
6016
5608
2959
5812
5349
529
5135
2085
2012
2004
1956
1954
1801
1635
1376
1358
1259
1250
1242
1059
904
661
628
587
2369
2396
2692
4016
4890
4823
4701
4641
4369
4351
4306
3978
2700
3893
3785
3751
3361
3260
3113
3052
1639
7090
27611
69640
2641
2359
1061
80551
2082
104841
8972
71057
7458
5445
52319
121231
109487
79132
3257
3275
3300
3301
4069
5219
5507
7373
8861
27904
34405
60684
63992
66097
68157
68319
69526
48780
4995
4226
4467
1955
7478
32892
34162
35957
37729
45950
100365
2174
8623
107999
130682
1199
2968
4911
1704
5909
47465
296
4388
1131
74458
48711
4189
4612
6683
6986
27255
260
1258
69712
46970
26662
7844
1721
33794
26585
26554
8961
8795
7153
47640
63131
7022
6857
5952
5902
5782
122886
4721
7376
31221
32025
47
50
232
318
1176
1210
2068
3948
4018
7161
8464
26614
4993
3996
3265
76251
6985
7361
44555
3030
5618
82461
104283
132046
6754
8865
36401
2502
8528
61024
78209
2997
593
858
1042
1120
1200
1610
3793
4121
741
924
1274
2019
2571
2924
59725
599
64969
90439
90057
89804
89759
89492
89470
89260
88810
88235
88129
87304
86833
86320
85394
83976
82463
82459
82313
90376
90531
57669
90866
97921
97752
97673
97304
96832
96811
96728
96610
96588
96417
95761
95558
95449
95135
94959
94931
91077
81932
81845
81591
81562
69481
67429
67255
67087
66665
64839
64701
64622
64620
64614
63876
63082
61357
61323
60766
60069
3176
70293
71108
71464
74324
80489
80463
79242
78653
78574
78039
74545
73023
71745
72741
72720
72395
72226
72176
72131
72011
97923
98154
98961
127212
142488
141749
140725
140715
140174
139642
139385
137337
134881
134130
133645
132549
132547
132458
131796
128606
128360
143385
144172
146656
164977
111931
111384
82152
66203
47044
138610
164979
163949
148482
163056
161582
160954
158783
156387
155064
148626
128235
127144
99114
127114
107141
106920
106916
106766
106100
105504
105355
105197
103688
103624
103449
103372
103107
102194
101895
101525
99149
107636
111251
111622
115569
127108
123695
123663
117176
116797
116161
115713
115139
112070
114662
114342
112852
112556
112552
112290
112183
58191
58879
56805
3539
3811
3789
3742
3679
3671
3632
3629
3498
4103
3415
3384
3246
3111
3089
3022
2936
3947
4262
2857
5795
56788
6783
6643
6515
6433
6229
5956
5747
4326
5289
5198
5169
4928
4712
4437
4327
2927
2747
6983
541
1172
1153
954
946
914
146501
588
364
1209
319
306
53318
39421
7155
5984
3707
1197
1211
2677
1942
2330
2202
2182
2178
2109
2028
1957
1935
1232
1572
1283
1281
1273
1272
1260
1245
6981
6830
7195
48696
52967
52241
51540
49917
49824
48774
48738
48516
41863
47629
47423
47274
46723
46664
7243
45028
53000
53123
53894
54272
56782
56607
56286
56152
56015
55946
55276
55269
55253
55118
55063
55052
54881
54513
54286
42217
45210
339
8207
8236
8494
8584
41585
8751
8765
8154
8766
8767
8128
25805
8125
25927
26150
26151
26366
31770
7792
34517
37741
38304
39183
40629
7335
40819
8195
48394
68954
41997
52281
61236
61240
55069
55442
5791
6874
7438
8645
55280
50068
5464
5449
6287
104
5481
1517
