7153
5952
8795
4993
2959
58559
48780
2019
1704
48516
41863
45210
46723
47423
47629
45028
48696
48738
48774
49824
49917
44199
68954
109487
4226
2028
318
5608
3978
3260
5902
52281
41997
47099
7243
1283
3629
4995
55280
5464
50068
5791
6874
7438
8645
4011
778
1729
79132
3949
44555
2529
924
296
55363
541
8125
3022
954
1219
48394
2330
1245
588
364
2677
319
306
3246
2571
47
74458
62849
55442
55069
2936
5602
98154
97921
97752
494
96811
96728
96588
95558
95449
95135
780
94959
94931
4638
1617
2273
2329
2600
2985
2989
3160
3175
3499
97923
97304
98961
153
4023
3916
99114
4223
8781
337
7347
101525
99149
434
2542
132046
1258
27773
1079
3361
2692
215
46578
96610
96832
1036
1200
1042
1610
4121
858
593
1120
3994
27611
1089
745
1176
111384
1291
5064
121231
1732
68319
1210
122886
135518
1061
70286
94777
78349
72998
61236
61240
3793
61024
97938
6218
260
68157
3114
2004
2012
2085
2369
2396
27255
2700
3052
3113
32892
1956
6683
3751
3785
3893
4612
4016
4041
4306
4189
6986
52319
4369
1954
529
587
1997
69640
628
661
8972
904
5445
1088
1059
1242
1250
608
1259
1358
1376
1517
1635
1639
1801
4351
4641
34162
1955
2968
3676
5449
106918
8369
1199
7478
40148
6016
1900
2361
117533
130682
1
8623
2174
150
100365
45950
37729
35957
106473
4322
4701
44191
48711
4823
4890
377
1131
1028
4388
5135
5349
5377
5481
5812
47465
5909
6953
8636
4911
88125
4467
107649
3703
520
300
357
5299
35836
82461
50
5971
6863
5618
1265
2068
3948
4018
7161
31221
8464
26614
26662
3030
34321
7361
68358
6985
47640
46970
32025
7376
350
104
78209
76251
741
1274
52973
8528
2997
2502
5782
1103
6350
4721
6539
6857
36401
8865
8874
8961
26554
26585
33794
104283
95441
106696
71057
2359
3300
3275
3546
3257
2641
5662
6287
6713
8188
27592
30745
109249
31658
52885
67997
5
186
80551
236
246
2082
104841
3301
3809
2288
3882
115617
118997
134853
54290
40614
111
247
69712
1080
69526
66934
1256
66097
60684
37733
34405
27904
8928
8861
7373
4069
2942
599
67665
102194
103688
103624
103449
103372
103107
102469
101895
66665
101285
97673
96417
95761
94969
91077
105197
105355
105504
106100
106766
106916
106920
107141
107636
110871
111249
111251
111505
111622
112070
112183
112290
90866
90531
90439
81786
69481
70293
71108
71464
71745
72011
72131
72176
72226
72395
72720
72741
73023
78653
82313
90376
83976
85394
86320
86833
87304
88129
88235
88810
89260
89470
89492
89759
89804
90057
112515
112550
112552
148626
134859
134881
137337
139385
139642
140174
140715
140725
141749
142488
143385
144172
146656
148482
155064
133771
156387
158783
160954
161336
161582
163056
163949
164977
164979
138610
47044
66203
82152
111931
134130
133645
112556
122882
112852
113064
114254
114342
114459
114662
115139
115569
115713
116161
116797
117176
118700
118880
123663
132800
123695
127108
127114
127144
127206
127212
128235
128360
128512
128606
131796
132458
132547
132549
67087
339
8207
5747
34517
37741
38304
39183
40629
40819
41585
42217
46664
47274
5795
52579
6643
5289
5198
5169
4928
4763
4712
53953
4437
4327
4326
4262
31770
26366
26151
26150
6830
6981
6983
7195
7335
7792
6515
7926
8128
8154
8195
6433
8236
8494
6229
8584
8751
8765
8766
5956
8767
25805
25927
4103
3947
3811
3789
1281
1273
1272
1260
1232
1211
1209
1197
1172
1153
946
914
757
146501
53318
39421
7155
5984
3707
3176
64969
63131
45720
1572
1935
56015
1942
3742
3679
3671
3634
3632
3539
3498
3415
3384
3111
3089
2927
2920
2857
2747
2730
2202
2182
2178
2109
1957
55946
6783
4973
6942
232
2424
59725
109374
93040
111624
55247
56367
1721
55820
77455
7458
293
78499
31878
63992
64957
55118
56782
55253
55269
6281
56152
55276
67255
54881
56286
56805
56788
55052
56607
82463
81845
81591
81562
80489
5507
81932
52967
5219
53000
80463
53123
52241
53894
79242
54286
78574
78039
74545
74324
51540
54513
82459
54272
3265
7022
107999
3996
7844
7090
2924
60766
58191
58879
60069
57669
64839
61323
61357
63082
63876
64614
64620
64622
64701
67429
55063
65514
60072
6754
8533
