2997
2028
3629
1283
7243
5782
26554
7361
3022
8125
954
541
3246
364
319
306
1245
2677
2330
588
93040
52281
41997
2936
215
48394
293
1801
1639
2085
1954
1956
1517
2004
1376
2012
1358
1635
599
2369
2396
2692
2700
3052
3113
3114
3260
3361
3751
3785
3893
3978
4016
4041
1259
529
1250
1242
52885
31658
30745
27773
27592
8188
6713
6287
5662
3546
2529
2288
1729
1219
1089
58559
67997
5
520
1059
904
661
628
587
4351
377
186
357
350
337
300
246
236
4306
5481
4369
4641
64969
63131
59725
45720
8533
6942
6863
2942
1997
1088
1028
4322
78499
77455
62849
3176
3707
5984
1209
1935
1572
1281
1272
1260
1232
1153
7155
946
914
757
146501
53318
39421
60072
47099
40148
5812
88125
68954
65514
8636
6953
6281
247
44191
5377
5349
5135
4890
4823
4701
107649
106473
6016
2361
5608
2959
2542
778
1
117533
1900
3676
94777
78349
8369
106918
55247
5449
1079
118997
111
2359
3882
3809
3301
3300
3275
3257
2641
1732
5219
1061
80551
2082
104841
69640
8972
7458
4069
5507
40614
66934
6985
47640
46970
71057
69712
69526
68157
66097
7373
63992
60684
37733
34405
27904
8928
8861
5445
608
52319
150
4467
2968
1199
130682
111624
8623
2174
100365
121231
45950
37729
35957
34162
32892
7478
1955
4911
5909
47465
296
48780
4995
4226
1704
1258
27255
6986
6683
4612
4189
48711
74458
64957
1131
4388
44555
3030
5618
31221
1176
318
232
50
47
35836
32025
7376
7844
4721
1721
33794
31878
26585
8961
8874
1265
2424
3948
4018
54290
109374
106696
97938
95441
68358
56367
46578
34321
26662
26614
8464
7161
5299
4973
8795
7153
5971
8528
858
593
78209
76251
61024
55820
52973
2502
7090
1103
104
36401
8865
6754
104283
82461
1042
1120
1200
1610
7022
6857
6539
6350
5952
5902
4993
3996
3265
2924
1274
924
741
4121
3793
1942
339
2109
72131
97923
97921
97752
97673
97304
96832
96811
96728
96610
96588
96417
95761
95558
95449
95135
94969
94959
98154
98961
99114
103624
106916
106766
106100
105504
105355
105197
103688
103449
99149
103372
103107
102469
102194
101895
101525
101285
94931
91077
90866
78574
81786
81591
81562
80489
80463
79242
78653
78039
82313
74545
74324
73023
72741
72720
72395
72226
81932
82459
90531
89260
90439
90376
90057
89804
89759
89492
89470
88810
82463
88235
88129
87304
86833
86320
85394
83976
106920
107141
107636
139385
143385
142488
141749
140725
140715
140174
139642
137337
146656
134881
134859
134130
133771
133645
132800
132549
144172
148482
132458
164977
111931
111384
82152
66203
47044
138610
164979
163949
148626
163056
161582
161336
160954
158783
156387
155064
132547
131796
110871
112550
114459
114342
114254
113064
112852
112556
112552
112515
115139
112290
112183
112070
111622
111505
111251
111249
114662
115569
128606
127108
128512
128360
128235
127212
127206
127144
127114
123695
115713
123663
122882
118880
118700
117176
116797
116161
72176
81845
3742
53000
6229
49917
6433
6515
49824
6643
6783
48774
48738
48696
48516
47629
47423
47274
46723
50068
51540
52241
4763
3789
3947
4327
4437
52967
4712
4928
5956
5169
5289
5464
5791
5795
52579
46664
45210
45028
8207
8765
8751
8645
8584
8494
8236
8195
8767
8154
6981
7926
7792
7438
7335
8766
6874
42217
38304
41863
6830
41585
40819
40629
39183
37741
25805
34517
31770
26366
26151
26150
25927
6983
7195
3671
56805
2730
2747
64614
2857
63876
63082
61357
61323
61240
61236
60766
60069
58879
58191
3634
64620
64622
64701
69481
72011
71745
71464
71108
70293
2178
67665
64839
2182
2202
67429
67255
67087
66665
57669
2920
56788
55052
3632
3539
3498
3415
3384
3089
53123
53894
53953
2927
54272
54286
56782
54881
54513
55063
55280
56607
56286
56152
56015
55946
55069
55363
55442
55276
55269
55253
55118
79132
115617
72998
70286
109249
3703
2571
135518
134853
68319
109487
27611
107999
122886
2068
132046
2019
1210
6218
3949
4011
5064
1291
745
3994
1036
44199
1211
4223
3111
1197
1172
8781
1273
7347
1957
5602
1256
1080
4638
8128
3679
2985
434
494
780
1617
2273
5747
2329
2600
5198
2989
4023
3160
3175
3499
3916
4326
4262
4103
3811
153
260
