53123
55052
56286
51540
55276
55269
55253
55118
54881
56782
54513
54286
54272
53894
53000
52967
56607
56152
52241
56805
56788
55069
55442
55820
293
2959
60069
55063
60766
58879
61357
63082
63876
58191
64614
67429
57669
64622
64701
61323
64620
64839
778
1729
296
55247
2542
61236
61240
50
26614
608
56367
1732
2677
2330
588
3246
1245
306
319
364
215
46578
1079
111
1089
52973
4041
1103
350
318
44199
4011
61024
47
593
1610
858
1042
1120
1200
4121
45210
45028
48516
46723
41863
48774
49824
47423
48738
48696
47629
49917
3809
2028
1036
1265
4226
5608
8533
6016
40819
40629
1639
37741
39183
38304
2361
1258
3949
26585
1704
5602
8781
7347
2985
1617
4638
2273
2329
434
153
2600
2989
3160
780
3175
3499
3916
4023
4223
494
4973
62849
68157
1291
60072
37733
3882
50068
55280
5464
8645
5791
6874
7438
44555
2529
40148
48780
47099
5782
1219
4995
79132
260
27611
55363
954
1
541
58559
3022
8125
3176
68358
3948
7373
44191
27773
8928
8795
4993
109374
3361
109249
5299
3265
7022
3994
6218
111624
745
78499
74458
2019
2936
5064
115617
7153
5952
3793
132046
60684
88125
2288
6942
7161
111384
121231
68954
1199
106918
134853
27592
1061
48394
2068
53318
67997
130682
2692
8874
34321
135518
118997
1997
68319
2571
2641
1210
35836
70286
41997
52281
72998
1176
63131
66097
6539
109487
46970
94777
64969
4018
7243
3629
1283
122886
5971
3703
6350
5812
3676
40614
232
6683
1955
6986
32025
6953
6281
8623
7478
5377
54290
5135
4890
4823
4641
4351
27255
4016
4612
32892
3707
8369
100365
77455
8464
2968
4467
95441
4322
4911
5909
45950
3751
47465
1131
64957
97938
1900
37729
45720
35957
48711
4189
3893
2004
31221
80551
5
2359
31658
30745
8188
6713
5662
3546
3275
3300
3301
4069
5219
1080
78209
76251
27904
2502
1256
36401
69526
69712
71057
47640
6985
82461
8865
186
236
2700
246
7376
2396
2369
2085
6754
1956
1954
1801
4721
52319
1635
1376
1358
1259
1242
1059
904
5445
661
628
587
529
7458
520
8972
104841
337
300
339
5984
67255
85394
86320
7155
133771
133645
86833
132800
87304
88129
132549
88235
132458
88810
131796
89260
89470
89492
128606
89759
89804
128512
90057
90376
90439
128360
128235
127212
90531
90866
83976
82463
82459
73023
69481
115139
71108
71464
71745
72011
72131
72176
72226
72395
72720
134859
72741
74324
82313
74545
78039
78574
78653
134130
79242
80463
80489
81562
81591
81786
81845
81932
91077
94931
94959
112070
106766
106916
106920
107141
122882
107636
110871
118880
111249
118700
111505
111622
117176
112183
105355
116797
112290
116161
112515
112550
115713
112556
112852
113064
114254
114342
114459
115569
106100
105197
94969
97921
95135
95449
95558
127206
127144
96588
127114
96728
96811
127108
97304
97673
97752
97923
123663
98154
98961
99114
99149
101285
101525
101895
102194
102469
103107
103372
123695
103624
67665
70293
67087
144172
164977
2927
3089
3111
3384
163949
163056
3415
3498
3539
161582
3632
161336
3634
3671
3679
160954
3742
158783
3789
156387
3811
3947
155064
4103
148626
4262
66665
148482
2920
164979
2857
1211
39421
146501
111931
757
914
946
82152
66203
1153
138610
1172
1197
1209
1232
2747
1260
1272
1273
1281
1572
1935
1942
1957
2109
2178
2182
2202
2730
146656
4326
143385
26150
8154
4327
8207
8236
139642
8584
8751
8765
139385
8766
8767
25805
25927
26151
7926
137337
26366
31770
34517
41585
42217
46664
47274
52579
53953
55946
134881
56015
8128
8195
140174
6515
4437
4712
4763
4928
142488
5169
5198
5289
5747
5795
141749
140715
6229
6433
140725
114662
7195
6783
7792
6830
6981
7335
6983
6643
1028
106696
78349
105504
34405
107649
1250
93040
117533
26554
8861
69640
2997
599
111251
96610
96832
33794
103449
132547
8494
5956
2012
3052
95761
96417
8961
103688
47044
8528
7361
34162
6863
5902
3260
3978
924
107999
106473
26662
112552
2174
247
65514
63992
3030
6857
741
52885
1274
104283
59725
2942
3114
7844
7090
3996
2924
31878
2424
66934
5618
5449
5349
104
4306
1721
377
6287
2082
3785
4369
3113
3257
5507
1088
150
357
4701
8636
4388
1517
5481
