1211
3811
1172
1197
1273
1957
3679
3111
4103
4262
4326
5198
5747
8128
3499
2600
2985
2989
3160
3175
494
3916
4023
4223
4638
2273
8781
2329
5602
1617
780
7347
434
153
745
1036
44199
260
5952
7153
3994
4993
8795
4306
339
1256
2359
3114
2968
5064
4011
2019
8125
3022
541
954
47465
4467
4911
3949
1291
293
2936
1283
7243
3629
67997
2028
1199
3978
3260
5902
150
1210
6218
1956
2085
377
1080
4612
4189
2641
6986
106473
26585
318
5782
132046
68319
122886
608
3947
3789
7792
4327
4437
4712
4928
6229
8154
8207
3671
1272
3498
2109
47274
306
319
364
588
914
1245
1209
2178
2330
2677
2857
3246
3384
26366
107999
70286
3634
72998
27611
2730
109487
599
7373
135518
2571
3265
7022
215
111384
121231
1061
8928
34405
46578
109249
350
1103
4041
52973
55820
1732
3882
37733
3703
114254
30745
5662
529
6287
6713
8188
27592
520
186
113064
31658
52885
58559
300
246
5
114459
2288
26614
116797
116161
4721
7376
31221
32025
50
232
115713
115569
3948
8464
26662
114342
115139
68358
114662
93040
95441
97938
54290
40614
111
247
661
1089
628
1376
904
89470
4890
5135
5349
5377
5481
5812
6281
6953
8636
68954
88125
44191
112183
3676
5449
106918
8369
112070
78349
1900
2361
117533
6016
40148
47099
4823
4641
1059
4369
1242
1259
1358
8961
1517
1635
1639
1801
112852
2004
2012
112556
2369
2396
2692
2700
3113
112550
3751
3785
3893
112515
4016
112290
4351
26554
123695
117176
3300
160954
5445
7458
8972
69640
104841
80551
158783
156387
3257
3275
3301
161336
4069
5219
5507
27904
48394
66097
68157
155064
69526
69712
71057
52319
161582
7361
66203
7478
32892
34162
35957
37729
45950
100365
111931
8623
130682
82152
47044
27255
138610
5909
164979
4388
1131
64957
48711
164977
163949
6683
163056
47640
44555
118700
127212
133771
133645
132800
132549
132547
132458
131796
128606
128512
128360
128235
127206
134859
127144
127114
741
1274
127108
2997
77455
123663
122882
118880
6857
134130
134881
3030
76251
5618
82461
104283
148626
6754
8865
36401
104
2502
8528
61024
78209
137337
148482
146656
144172
143385
142488
141749
140725
140715
140174
139642
139385
60072
89492
8645
53894
48516
48696
48738
48774
49824
49917
50068
51540
52241
52281
52579
52967
53000
53123
53953
47423
54272
54286
54513
54881
55052
55063
55069
55118
55253
55269
55276
55280
55363
55442
47629
89759
91077
8767
7438
90866
7926
90531
90439
90376
90057
8236
8494
8584
4322
8751
8765
8766
25927
46723
89804
31770
34517
37741
38304
39183
40629
40819
41585
41863
41997
45028
45210
46664
55946
56015
56152
81591
72226
72395
72720
72741
73023
74324
74545
78039
78574
78653
79242
80463
80489
81562
81786
56286
81845
81932
82313
82459
82463
83976
85394
86320
86833
87304
88129
88235
88810
89260
72176
72131
72011
71745
56607
56782
56788
56805
57669
58191
58879
60069
60766
61236
61240
61323
61357
63082
63876
64614
64620
64622
64701
64839
66665
67087
67255
67429
67665
69481
70293
71108
71464
7335
4701
99149
107636
97921
106766
3632
97752
106916
106920
97673
1153
97304
107141
946
757
3539
146501
96832
96811
96728
96610
96588
96417
95761
95558
110871
4763
106100
97923
111251
105355
1942
103688
1281
103624
103449
103372
103107
2182
2202
102469
105197
102194
105504
101895
2747
101525
2920
2927
101285
3089
99114
98961
98154
1260
111249
95449
95135
53318
7155
5984
3707
5956
3176
94931
111505
6515
45720
8533
6830
6874
6983
7195
1997
39421
1935
111622
5791
5289
5464
94959
5169
5795
94969
27773
2068
94777
1258
296
109374
4018
134853
1176
6350
2542
1219
64969
56367
47
62849
46970
48780
7161
66934
8861
63131
35836
2942
5608
1729
778
4226
3809
65514
115617
8874
34321
55247
1250
3361
4973
60684
111624
6985
1079
6539
4995
5971
79132
6942
5299
78499
2959
118997
31878
6863
924
112552
2529
6643
26150
25805
236
7090
7844
6433
3415
3996
1954
1
8195
6981
3052
1955
6783
1572
42217
1232
26151
337
3742
1704
2924
106696
107649
2424
63992
74458
1088
33794
59725
1028
1265
2082
587
3546
357
2174
1120
1200
1610
4121
1042
858
593
1721
3793
