3246
364
306
1245
319
2330
2677
588
2028
215
1210
260
2571
1900
3022
2924
8125
541
7090
954
3996
7844
924
132046
2936
3629
1283
7243
5902
3260
3978
33794
31878
293
65514
7153
5952
27611
70286
72998
79132
135518
1250
122886
109487
107999
68319
3703
34405
94777
2019
2068
134853
109249
115617
3300
3893
4351
4306
4041
4016
4189
3785
4641
3751
3361
4612
3114
3113
3052
4369
4701
2692
6953
74458
107649
88125
68954
48711
8636
6281
4823
5812
5481
5377
5349
5135
4890
2700
2396
67997
904
186
6986
236
246
300
337
350
357
377
520
529
587
628
661
1059
2369
1242
6683
1259
1358
1376
1517
1635
1639
1801
1954
1956
2004
2012
2085
106473
3676
64957
4911
100365
150
2174
8623
111624
130682
53318
5449
39421
5909
7155
5984
3707
3176
45950
146501
757
914
946
37729
35957
34162
1153
1172
1197
32892
1209
1211
1232
7478
1955
64969
63131
59725
5608
55247
106918
8369
1131
4388
78349
296
47465
2361
117533
1
778
2542
2959
6016
45720
40148
47099
60072
62849
77455
78499
4322
1028
1088
1997
2942
6863
6942
8533
5
58559
3301
76251
1120
1042
858
593
2359
78209
61024
7458
55820
52973
8528
2502
1103
104
1200
1610
3793
4121
741
1732
1274
1061
80551
2082
2997
104841
4993
69640
8972
6350
6539
36401
8865
6754
66934
3809
3882
4069
5219
5507
7373
8861
8928
27904
3275
37733
48394
63992
66097
68157
2641
3257
69526
69712
71057
46970
47640
6985
7361
44555
3030
5618
5971
82461
104283
6857
5445
52885
109374
247
111
40614
54290
27255
118997
1272
608
106696
97938
95441
93040
1258
68358
1079
1080
1089
1219
1256
1729
2288
2529
3546
5662
6287
6713
8188
27592
27773
30745
31658
56367
46578
34321
50
8795
8874
8961
26554
52319
121231
1721
48780
4721
7376
31221
32025
35836
47
232
1704
318
1176
4995
1265
4226
2424
3948
4018
4973
5299
7161
8464
26614
26662
1260
599
1273
72176
97923
97921
97752
97673
97304
96832
96811
96728
96610
96588
96417
95761
95558
95449
95135
94969
94959
98154
98961
99114
103624
106916
106766
106100
105504
105355
105197
103688
103449
99149
103372
103107
102469
102194
101895
101525
101285
94931
91077
90866
78653
81845
81786
81591
81562
80489
80463
79242
78574
82313
78039
74545
74324
73023
72741
72720
72395
1281
82459
90531
89260
90439
90376
90057
89804
89759
89492
89470
88810
82463
88235
88129
87304
86833
86320
85394
83976
106920
107141
107636
139385
143385
142488
141749
140725
140715
140174
139642
137337
146656
134881
134859
134130
133771
133645
132800
132549
144172
148482
132458
164977
111931
111384
82152
66203
47044
138610
164979
163949
148626
163056
161582
161336
160954
158783
156387
155064
132547
131796
110871
112550
114459
114342
114254
113064
112852
112556
112552
112515
115139
112290
112183
112070
111622
111505
111251
111249
114662
115569
128606
127108
128512
128360
128235
127212
127206
127144
127114
123695
115713
123663
122882
118880
118700
117176
116797
116161
72226
81932
72131
48738
8767
8766
8765
8751
8645
8584
8494
8236
8207
8195
8154
8128
7926
7792
7438
7335
7195
6983
6981
6874
6830
25805
25927
26150
41997
72011
47629
47423
47274
46723
46664
45210
45028
42217
41863
26151
41585
40819
40629
39183
38304
37741
34517
31770
26366
6783
6643
6515
2857
3632
3539
3498
3415
3384
3111
3089
2927
2920
2747
3671
2730
2202
2182
2178
2109
1957
1942
1935
1572
3634
3679
6433
4928
6229
5956
5795
5791
5747
5464
5289
5198
5169
4763
3742
4712
4437
4327
4326
4262
4103
3947
3811
3789
48696
48516
48774
56015
58879
58191
57669
56805
56788
56782
56607
56286
56152
55946
54513
55442
55363
55280
55276
55269
55253
55118
55069
55052
60069
60766
61236
61240
71745
71464
71108
70293
69481
67665
67429
67255
67087
66665
64839
64701
64622
64620
64614
63876
63082
61357
61323
54881
55063
54286
53000
49824
49917
50068
51540
52241
52281
52579
52967
339
54272
53953
53894
53123
60684
6218
3265
7022
44191
2968
3949
5782
4011
5064
1291
4467
745
3994
26585
44199
1199
434
494
153
780
1036
5602
4638
8781
1617
4023
2273
2329
2600
7347
2989
3160
3175
3499
4223
3916
2985
