5952
7153
1200
858
1042
4121
1610
1120
593
8795
4993
4467
1199
3679
4326
3811
5198
5747
3111
4262
8128
1172
1197
1211
1273
1957
4103
2968
5618
1274
741
52885
6857
104283
2019
6350
3793
5902
3260
3978
5971
7022
3265
1079
296
541
954
3022
8125
3114
6539
5782
111
2692
3751
4016
4306
7844
7090
2924
1242
3996
1
1954
8961
1259
1131
7361
26662
1704
106473
1283
3629
7243
924
107999
2288
26585
2936
78499
1729
778
150
31878
2997
1265
69640
4973
2959
1291
4018
94777
2361
247
1258
65514
44191
4995
115617
1089
60684
1061
31658
134853
3703
5299
2542
1036
1732
26554
4226
109249
2068
93040
3809
745
1210
27773
260
608
5608
2571
63131
3030
79132
2396
1955
357
5349
2174
318
34321
2028
7161
68157
118997
97938
109487
1176
46970
132046
4911
47465
6863
64969
1219
8874
105504
8928
4890
35836
106696
109374
41997
52281
46578
48780
27611
70286
1028
72998
135518
56367
1250
3361
107649
27904
122886
112552
111384
66934
121231
68319
111624
55247
34405
6218
2082
80551
106918
117533
2359
1900
2641
78349
8972
8369
104841
3882
3257
5219
5377
5481
5812
6281
6953
8636
68954
5449
4069
5445
3301
3300
3275
3676
7458
77455
6016
40148
757
914
8623
100365
946
45950
1153
37729
35957
1209
34162
1232
1260
1272
32892
7478
1281
146501
5909
53318
6683
52319
47099
60072
5135
4322
27255
6986
4612
5984
8533
45720
4189
48711
64957
3176
4388
5507
3948
7373
6713
2502
1256
1103
104
3546
5662
6287
8188
1080
36401
30745
8865
6754
58559
67997
5
8528
52973
246
95441
8464
26614
50
32025
1572
68358
31221
7376
55820
4721
33794
78209
76251
54290
40614
61024
186
300
4823
37733
2085
2369
69712
69526
2700
3052
3113
3785
2004
3893
4041
232
4351
4369
4641
4701
2012
1956
337
44555
350
82461
529
628
661
904
1059
6985
71057
1358
1376
1517
1635
47640
1639
1801
8861
599
1935
90057
96832
96811
96728
96610
96588
96417
95761
95558
95449
95135
94969
94959
94931
91077
90866
90531
90439
97304
97673
97752
102194
105197
103688
103624
103449
103372
103107
102469
101895
97921
101525
101285
99149
99114
98961
98154
97923
90376
89804
106100
89759
80463
79242
78653
1942
78039
74545
74324
73023
72741
72720
72395
72226
72176
72131
72011
71745
71464
80489
81562
81591
86833
89492
89470
89260
88810
88235
88129
87304
86320
81786
85394
83976
82463
82459
82313
81932
81845
105355
106766
70293
128606
142488
141749
140725
140715
140174
139642
139385
137337
134881
134859
134130
133771
133645
132800
132549
132547
132458
143385
144172
146656
163949
111931
82152
66203
47044
138610
164979
164977
163056
148482
161582
161336
160954
158783
156387
155064
148626
131796
128512
106916
128360
114254
113064
112852
112556
112550
112515
112290
112183
112070
111622
111505
111251
111249
110871
107636
107141
106920
114342
114459
114662
123663
128235
127212
127206
127144
127114
127108
123695
122882
115139
118880
118700
117176
116797
116161
115713
115569
71108
78574
69481
8645
26151
26150
25927
25805
8767
8766
8765
8751
8584
49824
8494
8236
8207
8195
8154
7926
7792
7438
26366
31770
34517
37741
48738
48696
48516
47629
47423
47274
67665
46664
45210
45028
42217
41863
41585
40819
40629
39183
38304
7335
7195
6983
3789
3671
3634
3632
3539
3498
3415
3384
3089
2927
2920
2857
2747
2730
2202
2182
2178
2109
3742
3947
6981
4327
6874
6830
6783
6643
6515
6433
6229
5956
5795
5791
5464
5289
5169
4928
4763
4712
4437
48774
46723
49917
54881
56805
56788
56782
56607
56286
56152
56015
55946
55442
55363
50068
55276
55269
55253
55118
55069
55063
57669
58191
58879
64620
67429
67255
67087
66665
64839
64701
64622
64614
60069
63876
63082
61357
61323
61240
61236
60766
55052
55280
339
54286
52967
53123
53894
53953
53000
54272
52579
54513
52241
51540
48394
27592
74458
66097
62849
1997
2529
3949
130682
3707
39421
7155
47
88125
1088
5064
63992
3994
2424
4011
44199
6942
215
293
236
2942
59725
153
2329
434
2600
494
2985
1617
780
2273
5602
4023
7347
4638
2989
4223
3160
3175
3499
3916
8781
1245
2330
2677
306
319
3246
588
364
377
1721
587
520
