858
4121
1042
1120
1200
1610
593
74458
60766
64701
55063
57669
58191
58879
60069
67429
64839
64622
64614
63876
63082
61357
61323
64620
3793
61236
61240
1259
1028
2959
40614
3994
48780
3546
61024
2529
81562
81932
81845
67255
81591
80489
78574
80463
79242
74324
74545
82459
82463
78039
4011
1258
62849
4226
1729
778
78349
72998
106696
78499
4995
47
5608
27773
77455
318
8533
2542
1079
1219
296
118997
6539
1732
3361
66934
111384
121231
1061
1704
3949
520
377
186
236
246
300
337
52885
5
67997
350
357
58559
60072
31658
3707
111
247
1080
1153
1089
946
914
757
146501
53318
39421
7155
5984
3176
30745
64969
63131
59725
45720
1256
6942
2288
587
5662
6287
6713
8188
27592
529
1635
628
661
65514
8636
6953
6281
5812
5481
5377
5349
5135
4890
4823
4701
4641
4369
4351
68954
88125
107649
94777
40148
6016
1
117533
2361
1900
8369
3703
106918
55247
5449
3676
106473
44191
4306
4041
4016
1517
2004
1956
1954
1801
1639
47099
1376
2942
1358
6863
1250
1242
1059
904
2012
1997
3978
3052
3893
3785
3751
3260
3114
3113
2700
1088
2692
2396
2369
2085
54290
4322
599
46578
134853
3275
5219
4069
3882
3809
3301
3300
3257
44555
2641
2359
80551
2082
104841
69640
5507
7373
8861
8928
27904
34405
37733
63992
66097
68157
68319
69526
69712
71057
46970
47640
6985
8972
7458
5445
1199
1955
7478
32892
34162
35957
37729
45950
100365
150
2174
8623
107999
111624
130682
2968
608
4467
4911
5909
47465
4388
1131
64957
48711
4189
4612
6683
6986
27255
52319
7361
3030
115617
4721
2068
232
35836
32025
31221
7376
122886
5618
1721
33794
31878
26585
26554
8961
2424
3948
4018
4973
5299
7161
8464
26662
34321
1197
56367
68358
93040
95441
97938
109249
109374
8874
8795
7844
741
5971
82461
104283
6754
8865
36401
104
1103
2502
8528
52973
55820
76251
78209
924
7153
1274
2019
2924
2997
3265
3996
4993
5782
5902
5952
6350
6857
7022
7090
1172
339
1209
133771
140715
72720
72741
1211
73023
78653
140174
82313
139642
139385
137337
134881
134859
134130
133645
72395
132800
132549
132547
132458
131796
128606
128512
128360
128235
127212
94931
94959
94969
95135
140725
72226
95558
56607
54881
55052
112550
55118
55253
55269
55276
55280
55363
55442
55946
56015
56152
56286
56782
72176
56788
56805
66665
67087
67665
69481
142488
70293
141749
71108
71464
71745
72011
72131
95449
95761
54286
112552
112852
112556
101285
101525
101895
102194
102469
103107
103372
103449
103624
103688
105197
105355
105504
114254
106100
106766
106916
106920
107141
107636
110871
111249
111251
111505
111622
112070
112183
112290
113064
99149
127206
118880
96417
96588
96610
96728
127144
127114
127108
123695
123663
96811
122882
96832
97304
97673
97752
114342
118700
117176
116797
116161
115713
115569
115139
114662
114459
97921
97923
98154
98961
99114
54513
55069
54272
4262
3384
3415
3498
3539
155064
3632
3634
3671
3679
3742
3789
3811
3947
4103
4326
3111
4327
4437
4712
4763
4928
5169
5198
5289
5464
5747
5791
5795
53953
6229
156387
3089
6515
1935
111931
1232
82152
1260
1272
66203
47044
138610
164979
164977
1273
1281
163949
1572
1942
158783
1957
163056
2109
2178
2182
2202
161582
161336
2730
2747
2857
2920
2927
160954
6433
5956
6643
146656
47274
46723
46664
45210
45028
42217
41863
47629
41585
40819
40629
39183
38304
37741
47423
48516
6783
52241
53894
53123
53000
52967
52579
143385
51540
144172
50068
49917
49824
48774
48738
48696
34517
31770
8207
7438
8195
8154
8128
148482
7926
7792
7335
8236
148626
7195
6983
6981
6874
6830
26366
112515
25927
8584
26151
8645
8751
8765
8766
26150
8767
8494
25805
260
6218
1291
5064
1210
745
1036
44199
70286
135518
4223
2600
7347
5602
4638
4023
3916
3499
3175
3160
2989
2985
2329
2273
1617
780
494
434
153
8781
1176
109487
27611
1265
132046
60684
2571
79132
81786
48394
215
88235
83976
85394
86320
86833
87304
88129
89470
88810
90376
89260
91077
90531
90439
90866
90057
89804
89759
89492
2936
52281
41997
306
588
2330
2677
319
3246
1245
364
3022
8125
541
954
293
7243
1283
3629
2028
26614
50
