4226
2571
79132
2959
5608
48780
132046
2692
1219
2529
4011
3949
47
62849
1704
27611
1089
74458
135518
4995
70286
72998
27773
1258
1210
109487
260
8188
5662
5
67997
58559
3546
52885
6287
27592
5984
215
31658
7155
30745
6713
186
2942
236
587
1259
1250
1242
1059
904
661
628
529
246
520
377
357
350
337
300
2288
39421
53318
1729
93040
56367
46578
34321
364
26662
26614
8464
7161
5299
4973
4018
3948
541
2424
2068
68358
95441
1256
97938
1376
306
319
1080
1079
247
111
40614
54290
134853
118997
115617
109374
109249
106696
1358
1801
1517
106918
1
117533
2361
1900
94777
78349
8369
55247
1635
5449
3676
106473
44191
3703
107649
88125
778
2542
3176
64969
1088
1028
4322
78499
77455
6863
6942
60072
47099
40148
6016
8533
45720
59725
63131
68954
65514
8636
3751
3260
3114
3113
3052
2700
3707
2396
2369
2085
2012
2004
1956
1954
1997
1639
3361
3785
6953
3893
6281
5812
5481
5377
5349
5135
4890
4823
4701
4641
4369
4351
4306
4041
3978
1265
31221
1176
60684
37733
34405
27904
8928
8861
7373
5507
5219
4069
3882
3809
3301
3300
3275
3257
2641
2359
48394
63992
318
66097
6754
104283
82461
5971
5618
3030
44555
7361
6985
47640
46970
71057
69712
69526
68319
68157
66934
1732
1061
80551
104841
4467
2968
1199
130682
111624
107999
8623
2174
150
100365
45950
37729
35957
34162
32892
7478
1955
4911
5909
47465
27255
69640
8972
7458
5445
608
52319
121231
6986
296
6683
4612
4189
48711
64957
1131
4388
8865
36401
104
6218
6857
6539
6350
5952
5902
5782
4993
3996
3265
2997
2924
2019
1274
924
741
44199
8781
7022
7090
7153
122886
232
50
35836
32025
146501
7376
4721
1721
7844
33794
31878
26585
26554
8961
8874
8795
7347
5602
1103
5064
1042
1036
858
780
745
593
494
434
293
153
78209
76251
61024
55820
52973
8528
2502
1120
1200
1291
3499
4638
4223
4121
4023
3994
3916
3793
3175
1610
3160
2989
2985
2600
2329
2273
1617
588
599
757
94959
96610
96588
96417
95761
95558
95449
95135
94969
94931
96811
91077
90866
90531
90439
90376
90057
89804
89759
96728
96832
914
101525
103688
103624
103449
103372
103107
102469
102194
101895
101285
97304
99149
99114
98961
98154
97923
97921
97752
97673
89492
89470
89260
72131
74545
74324
73023
72741
72720
72395
72226
72176
72011
88810
71745
71464
71108
70293
69481
67665
67429
67255
78039
78574
78653
79242
88235
88129
87304
86833
86320
85394
83976
82463
82459
82313
81932
81845
81786
81591
81562
80489
80463
105197
105355
105504
134881
142488
141749
140725
140715
140174
139642
139385
137337
134859
128512
134130
133771
133645
132800
132549
132547
132458
131796
143385
144172
146656
148482
111931
111384
82152
66203
47044
138610
164979
164977
163949
163056
161582
161336
160954
158783
156387
155064
148626
128606
128360
106100
111622
112852
112556
112552
112550
112515
112290
112183
112070
111505
128235
111251
111249
110871
107636
107141
106920
106916
106766
113064
114254
114342
114459
127212
127206
127144
127114
127108
123695
123663
122882
118880
118700
117176
116797
116161
115713
115569
115139
114662
67087
66665
64839
4437
5747
5464
5289
5198
5169
4928
4763
4712
4327
3634
4326
4262
4103
3947
3811
3789
3742
3679
5791
5795
5956
6229
8154
8128
8125
7926
7792
7438
7335
7243
7195
6983
6981
6874
6830
6783
6643
6515
6433
3671
3632
8207
1260
1957
1942
1935
1572
1283
1281
1273
1272
1245
3629
1232
1211
1209
1197
1172
1153
954
946
2028
2109
2178
2182
3539
3498
3415
3384
3246
3111
3089
3022
2936
2927
2920
2857
2747
2730
2677
2330
2202
64701
8195
8236
55063
55442
55363
55280
55276
55269
55253
55118
55069
55052
56015
54881
54513
54286
54272
53953
53894
53123
53000
55946
56152
8494
61236
64622
64620
64614
63876
63082
61357
61323
61240
60766
56286
60069
58879
58191
57669
56805
56788
56782
56607
52967
52579
52281
52241
40629
39183
38304
37741
34517
31770
26366
26151
26150
25927
25805
8767
8766
8765
8751
8645
8584
40819
41585
41863
41997
51540
50068
49917
49824
48774
48738
48696
48516
47629
47423
47274
46723
46664
45210
45028
42217
339
4016
2082
