2202
1942
1935
3632
6983
3089
2927
946
150
924
2920
1281
46664
25927
2936
5902
3260
3978
33794
3114
5952
7153
1120
593
1200
1042
1610
858
4121
2424
3793
350
5
27773
30745
1242
31658
1059
904
52885
58559
67997
661
186
337
628
215
587
529
520
236
377
357
246
300
8188
27592
2288
6713
6287
97938
95441
93040
72998
68358
56367
46578
34321
27611
26662
26614
8464
7161
5299
4973
4018
3948
106696
109249
109374
1089
5662
3546
2529
1259
1729
1256
1219
1080
115617
1079
247
111
40614
54290
134853
118997
1250
135518
1358
60072
40148
6016
5608
2959
2542
778
1
117533
2361
1900
94777
78349
70286
8369
106918
55247
5449
47099
62849
106473
77455
7155
5984
3707
3176
64969
63131
59725
45720
8533
6942
6863
2942
1997
1088
1028
4322
78499
3676
44191
1376
4041
3893
3785
3751
3361
3113
3052
2700
2692
2396
2369
2012
2068
1956
1954
1801
1639
1635
4016
4306
3703
4351
107649
88125
68954
65514
8636
6953
6281
5812
5481
5377
5349
5135
4890
4823
4701
4641
4369
2004
47
1265
5507
4069
3882
3809
3301
3300
3275
3257
2641
2359
1732
1061
80551
2082
104841
69640
8972
7458
5219
7373
608
8861
6985
47640
46970
71057
69712
69526
68319
68157
66934
66097
63992
60684
48394
37733
34405
27904
8928
5445
52319
44555
47465
4911
4467
2968
1199
130682
111624
107999
8623
2174
100365
45950
37729
35957
34162
32892
7478
1955
5909
296
121231
4388
109487
79132
48780
4995
4226
1704
1258
260
27255
6986
6683
4612
4189
48711
74458
64957
1131
7361
3030
1210
7090
6857
6539
6350
5782
4993
3996
3265
2997
2924
2571
2019
1274
741
44199
8781
7347
6218
7022
7844
5064
8795
1176
318
232
50
53318
35836
32025
31221
7376
4721
122886
1721
31878
26585
26554
8961
8874
5602
4638
5618
434
153
78209
76251
61024
55820
52973
8528
2502
1103
104
36401
8865
6754
132046
104283
82461
5971
293
494
4223
745
4023
4011
3994
3949
3916
3499
3175
3160
2989
2985
2600
2329
2273
1617
1291
1036
780
39421
599
306
95135
96811
96728
96610
96588
96417
95761
95558
95449
94969
105504
94959
94931
91077
90866
90531
90439
90376
90057
96832
97304
97673
97752
105197
103688
103624
103449
103372
103107
102469
102194
101895
101525
101285
99149
99114
98961
98154
97923
97921
89804
89759
89492
79242
78574
78039
74545
74324
73023
72741
72720
72395
72226
72176
72131
72011
71745
71464
71108
70293
69481
78653
80463
89470
80489
89260
88810
88235
88129
87304
86833
86320
85394
83976
82463
82459
82313
81932
81845
81786
81591
81562
105355
106100
319
134881
142488
141749
140725
140715
140174
139642
139385
137337
134859
106766
134130
133771
133645
132800
132549
132547
132458
131796
143385
144172
146656
148482
111931
111384
82152
66203
47044
138610
164979
164977
163949
163056
161582
161336
160954
158783
156387
155064
148626
128606
128512
128360
114254
112852
112556
112552
112550
112515
112290
112183
112070
111622
111505
111251
111249
110871
107636
107141
106920
106916
113064
114342
128235
114459
127212
127206
127144
127114
127108
123695
123663
122882
118880
118700
117176
116797
116161
115713
115569
115139
114662
67665
67429
67255
6229
5795
5791
5747
5464
5289
5198
5169
4928
4763
4712
4437
4327
4326
4262
4103
3947
3811
5956
6433
3742
6515
8236
8207
8195
8154
8128
8125
7926
7792
7438
7335
7243
7195
6981
6874
6830
6783
6643
3789
3679
67087
1572
1273
1272
1260
1245
1232
1211
1209
1197
1172
1153
954
914
757
146501
588
541
364
1283
1957
3671
2028
3634
3629
3539
3498
3415
3384
3246
3111
3022
2857
2747
2730
2677
2330
2182
2178
2109
8494
8584
53894
55269
56286
56152
56015
55946
55442
55363
55280
55276
55253
8645
55118
55069
55063
55052
54881
54513
54286
54272
56607
56782
56788
56805
66665
64839
64701
64622
64620
64614
63876
63082
61357
61323
61240
61236
60766
60069
58879
58191
57669
53953
339
53123
53000
41863
41585
40819
40629
39183
38304
37741
34517
31770
26366
26151
26150
25805
8767
8766
8765
8751
41997
42217
45028
45210
52967
52579
52281
52241
51540
50068
49917
49824
48774
48738
48696
48516
47629
47423
47274
46723
2085
1517
