55069
55442
5952
7153
61240
61236
2959
53123
54513
56152
54286
54272
53894
52241
52967
51540
56286
56607
56782
56788
56805
54881
53000
55052
55276
55269
55253
55118
4993
8795
1200
4121
1610
1120
1042
858
593
778
1729
2019
52281
41997
8645
7438
5464
55280
50068
5791
6874
55820
2542
31878
60766
60069
58879
58191
67429
57669
55063
61323
64839
61357
63082
64701
64622
64620
63876
64614
55363
3260
5902
3978
3793
296
48394
4973
3996
7090
2924
7844
3629
1283
7243
3498
3384
6229
2178
2109
1272
47274
3671
8207
3947
4928
7792
4437
4712
26366
608
3811
1957
1197
1172
1273
5198
5747
1211
8128
3679
3111
4326
4262
4103
1079
56367
924
2730
3030
1732
5618
954
541
3022
8125
48780
2936
2028
7022
3265
5299
58559
74458
68954
4226
47
46578
61024
1274
741
104283
6857
52885
350
1103
4041
52973
1089
34405
79132
4995
8874
111
26662
60684
1258
2571
45028
45210
46723
47423
47629
48516
48696
48774
49824
49917
41863
48738
6350
68358
5349
2502
1259
1954
8961
62849
44555
5608
35836
33794
7361
1704
66934
65514
44191
1265
260
40629
39183
38304
37741
40819
55247
31658
118997
115617
66097
107999
1199
2361
3809
2529
88125
1250
106473
27773
78499
34321
1210
2920
1
337
661
1358
1635
2700
34162
4306
8636
8528
45950
3114
318
1281
109249
5971
40614
3882
37733
47099
68157
50
26614
40148
3632
1942
1935
3089
2927
2202
6983
946
7161
5782
6985
8928
111624
2997
132046
1219
7926
133771
114254
113064
112550
114459
757
101285
102469
127206
4763
161336
94969
53953
52579
132800
128512
110871
111249
111505
132458
123663
123695
127144
131796
3539
132549
2747
128235
72176
72741
164979
164977
55946
82313
34517
139642
148482
107636
140725
140715
8584
112070
127212
67665
27592
27611
46664
25927
93040
109374
247
150
134853
4388
1997
68319
3751
127108
77455
81786
122882
134859
118700
118880
112515
81562
80463
79242
78574
78039
74545
74324
81845
81591
81932
82459
67255
82463
80489
26554
26585
78349
2288
3634
3546
1028
2424
6539
2692
3300
1376
3052
2085
1639
4016
4641
4701
357
1517
1059
1080
3676
3275
1242
2396
3361
109487
2068
7155
135518
72131
73023
66665
71464
72011
67087
70293
69481
72720
71745
71108
72226
72395
78653
94777
3703
70286
4018
130682
53318
1721
67997
4011
111384
2174
4890
121231
63131
117533
59725
1061
122886
72998
106696
64957
39421
1176
64969
107649
82461
3707
69526
97938
63992
30745
6683
6986
246
27255
300
31221
4721
236
7376
32025
1955
5
7478
69712
48711
52319
32892
71057
47640
8865
54290
232
76251
78209
95441
100365
8623
3301
5909
8464
1131
80551
2082
1256
35957
104841
8972
4189
4612
5662
8188
7458
36401
599
339
139385
134881
134130
133645
132547
89759
128606
89804
90057
90376
128360
90439
127114
117176
90531
116797
116161
115713
115569
90866
137337
140174
83976
141749
86320
86833
87304
88129
88810
163056
161582
160954
158783
156387
155064
148626
146656
89260
89470
144172
143385
89492
142488
91077
94931
94959
95135
103372
103449
103624
103688
105197
105355
115139
114662
114342
106100
106766
106916
106920
112852
107141
111251
111622
112183
112290
103107
102194
101895
96832
95449
95558
95761
96417
96588
96610
96728
96811
97304
101525
97673
97752
97921
97923
98154
98961
99114
99149
85394
88235
56015
163949
106918
8369
1900
4322
8533
45720
3176
42217
146501
914
1153
1209
1232
1260
1572
6953
6281
5812
1956
529
111931
628
904
82152
66203
47044
5377
138610
2369
3893
4351
4369
4823
2182
5984
6981
8751
6830
7195
7335
8154
8195
8236
8494
8765
6643
8766
8767
25805
26150
26151
31770
41585
6783
112556
6433
5795
5956
3789
4327
3415
5169
3742
2857
6515
5289
112552
105504
2942
6942
2359
4467
215
69640
6863
588
1245
3246
364
2330
2677
319
306
1088
27904
5481
37729
104
5449
5445
5135
6287
6713
3113
3785
6754
2641
7373
6016
8861
46970
3949
377
3948
5219
587
4069
2004
6218
2968
44199
3994
745
1291
1801
60072
47465
4911
293
1036
2012
520
3257
5064
186
5507
4638
8781
7347
5602
3916
4223
4023
3499
3175
3160
2989
2985
2329
2273
1617
780
494
434
153
2600
