135518
300
1635
1517
1376
1358
1259
1250
1242
1059
904
661
628
587
529
520
377
357
350
1639
1801
1954
3113
4041
4016
3893
3785
3751
3361
3114
3052
1956
2700
2692
2396
2369
2085
2012
2004
337
246
4351
236
1089
1080
247
111
40614
54290
134853
106696
97938
95441
72998
68358
27611
26662
26614
8464
7161
1219
1256
1729
30745
215
186
5
67997
58559
52885
31658
27773
2288
27592
8188
6713
6287
5662
3546
2529
4306
4369
3948
77455
53318
39421
7155
5984
3707
3176
64969
63131
59725
45720
8533
6863
2942
1997
1088
1028
4322
306
319
364
1197
1273
1272
1260
1245
1232
1211
1209
1172
541
1153
954
946
914
757
146501
588
78499
62849
4641
60072
44191
3703
107649
88125
68954
65514
8636
6953
6281
5812
5481
5377
5349
5135
4890
4823
4701
106473
3676
5449
1
47099
40148
6016
5608
2959
2542
778
117533
55247
2361
1900
94777
78349
70286
8369
106918
4018
2424
1283
5445
7373
5507
5219
4069
3882
3301
3300
3275
3257
2641
2359
1061
80551
2082
104841
69640
8972
8861
27904
34405
71057
5618
3030
44555
7361
6985
47640
46970
69712
37733
69526
68319
68157
66097
63992
60684
48394
7458
52319
104283
121231
4911
4467
2968
1199
130682
107999
8623
2174
150
100365
45950
37729
35957
34162
32892
7478
1955
5909
47465
296
260
109487
79132
48780
4995
4226
1704
1258
27255
4388
6986
6683
4612
4189
48711
74458
1131
82461
132046
2068
4023
5782
4993
3996
3265
2997
2924
2571
2019
1274
741
44199
8781
7347
5602
5064
4638
4223
6857
7022
7090
31221
1210
1176
318
232
50
47
32025
7376
7844
4721
122886
1721
26585
26554
8961
8795
4121
4011
6754
3994
745
593
494
434
293
153
78209
76251
61024
55820
52973
8528
2502
1103
104
36401
8865
780
858
1036
2985
3949
3916
3793
3499
3175
3160
2989
2600
1042
2329
2273
1617
1610
1291
1200
1120
1281
599
1572
95135
96811
96728
96610
96588
96417
95761
95558
95449
94969
89759
94959
94931
91077
90866
90531
90439
90376
90057
96832
97304
97673
97752
105197
103688
103624
103449
103372
103107
102469
102194
101895
101525
101285
99149
99114
98961
98154
97923
97921
89804
89492
67429
72226
78574
78039
74545
74324
73023
72741
72720
72395
72176
89470
72131
1935
72011
71745
71464
71108
70293
69481
78653
79242
80463
80489
89260
88810
88235
88129
87304
86833
86320
85394
83976
82463
82459
82313
81932
81845
81786
81591
81562
105355
105504
106100
134881
142488
141749
140725
140715
140174
139642
139385
137337
134859
106766
134130
133771
133645
132800
132549
132547
132458
131796
143385
144172
146656
148482
111931
111384
82152
66203
47044
138610
164979
164977
163949
163056
161582
161336
160954
158783
156387
155064
148626
128606
128512
128360
114254
112852
112556
112552
112550
112515
112290
112183
112070
111622
111505
111251
111249
110871
107636
107141
106920
106916
113064
114342
128235
114459
127212
127206
127144
127114
127108
123695
123663
122882
118880
118700
117176
116797
116161
115713
115569
115139
114662
67665
339
67255
7792
8494
8236
8207
8195
8154
8128
8125
7926
7438
6643
7335
7243
7195
6983
6981
6874
6830
6783
8584
8645
8751
8765
41863
2747
2202
40819
40629
39183
38304
37741
34517
31770
26366
26151
26150
25927
25805
8767
8766
2330
6515
42217
3415
3742
3679
3671
3634
3632
3629
3539
3498
3384
6433
3246
3111
3089
3022
2936
2927
2920
2730
3789
3811
3947
4103
6229
5956
5795
5791
5747
5464
5289
5198
5169
4928
4763
2677
4712
4437
4327
4326
4262
41997
41585
45028
2028
58191
57669
2109
2178
56805
56788
56782
56607
45210
56152
56015
55946
55442
2182
55363
58879
60069
55276
60766
1942
67087
66665
64839
64701
64622
64620
64614
63876
63082
61357
1957
61323
61240
61236
55280
56286
50068
48774
52579
52281
52241
51540
55269
49917
49824
48738
53000
48696
48516
47629
47423
47274
46723
46664
52967
2857
53123
53953
55052
54881
54513
54286
55063
54272
53894
55069
55118
55253
66934
6942
64957
6539
115617
1732
35836
109374
6218
46578
118997
56367
6350
34321
8928
93040
1079
31878
5971
5299
8874
109249
1265
3809
111624
608
5952
7153
33794
3260
5902
3978
924
4973
