1197
1211
8128
3679
3811
1172
1273
4103
4262
1957
4326
5198
5747
3111
5064
588
306
364
3246
319
1245
2330
2677
5952
7153
1704
8795
4993
6539
2924
3996
337
7090
7844
4995
2028
215
2019
293
3265
7022
3978
5902
3260
69640
1617
2329
2273
7347
780
494
434
2600
3160
2985
2989
5602
3175
3499
4023
4223
4638
8781
153
3916
31878
1028
65514
4306
4890
5349
377
3949
5608
924
44199
4011
2959
1036
3994
106696
1291
4226
2396
1219
6218
1176
79132
47
118997
105504
5299
34321
1258
2529
8874
2068
48780
35836
63131
62849
1265
74458
4973
66934
46970
94777
56367
64969
115617
6350
27773
6863
7161
357
1250
3893
1242
130682
4041
587
529
904
107999
1260
3785
520
628
2012
3361
1259
1956
4351
2369
1954
2692
2700
1801
1639
8623
3113
1635
1232
1517
37729
1376
1358
2004
2085
6016
4369
4641
8533
6942
1997
4322
78499
77455
60072
47099
107649
44191
3676
5449
55247
40148
106918
8369
78349
1900
2361
117533
1
778
2542
45720
59725
3176
45950
4701
4823
5135
100365
5481
5812
6281
1153
954
946
6953
3707
8636
757
146501
541
53318
68954
88125
39421
7155
5984
350
95441
300
66097
3882
4069
5219
5507
7373
8861
8928
27904
34405
37733
48394
60684
63992
68157
3301
68319
69526
69712
71057
47640
6985
7361
44555
3030
5618
5971
82461
104283
3809
3300
246
6986
2968
4467
4911
5909
47465
296
4388
1131
64957
48711
4189
4612
6683
27255
3275
121231
52319
608
7458
111624
104841
2082
80551
1061
1732
2359
2641
3257
6754
8865
36401
2288
97938
109249
109374
134853
54290
40614
111
247
1079
1080
1089
1256
1729
3546
104
5662
6287
6713
8188
27592
30745
31658
52885
58559
67997
5
186
236
93040
68358
26662
26614
1103
2502
8528
52973
55820
61024
76251
78209
741
1274
2997
5782
6857
8961
26554
26585
33794
1721
122886
4721
7376
31221
32025
50
318
3948
8464
1272
1199
1281
106916
97673
97304
96832
96811
96728
96610
96588
96417
95761
95558
95449
95135
94969
94959
94931
91077
90866
97752
97921
97923
103107
106100
105355
105197
103688
103624
103449
103372
102469
98154
102194
101895
101525
101285
99149
99114
98961
90531
90439
90376
74545
81562
80489
80463
79242
78653
78574
78039
74324
81786
1283
72741
72720
72395
72226
72176
72131
81591
81845
90057
88129
89804
89759
89492
89470
89260
88810
88235
87304
81932
86833
86320
85394
83976
82463
82459
82313
106766
106920
71745
107141
143385
142488
141749
140725
140715
140174
139642
139385
137337
134881
134859
134130
133771
133645
132800
132549
132547
144172
146656
148482
164977
111931
111384
82152
66203
47044
138610
164979
163949
148626
163056
161582
161336
160954
158783
156387
155064
132458
131796
128606
112290
114342
114254
113064
112852
112556
112550
112515
112183
114662
112070
111622
111505
111251
111249
110871
107636
114459
115139
128512
123695
128360
128235
127212
127206
127144
127114
127108
123663
115569
122882
118880
118700
117176
116797
116161
115713
72011
73023
41997
40629
38304
37741
34517
31770
26366
26151
26150
25927
25805
3539
8767
8766
8765
3629
8751
39183
40819
8584
41585
46664
35957
45210
2920
45028
2927
2936
3022
3089
3384
42217
3415
71464
41863
3498
8645
8494
32892
6643
6433
6229
5956
5795
5791
5464
5289
3671
5169
3742
4928
4763
4712
4437
7478
6515
6783
3632
6830
8236
34162
8207
8195
1955
8125
7926
7792
7438
7335
7243
7195
6983
6981
6874
46723
47274
47423
2178
63082
61357
61323
61240
61236
60766
60069
58879
58191
57669
56805
56788
56782
56607
56286
63876
64614
47629
64620
71108
1572
70293
1935
69481
67665
67429
67255
67087
66665
1942
64839
2109
64701
64622
56152
56015
55946
55442
53000
52967
52579
52281
52241
51540
2730
50068
49917
49824
48774
48738
2747
48696
48516
53123
53894
2202
53953
55363
55280
55276
55269
55253
55118
55069
55063
3947
55052
54881
54513
2182
54286
54272
260
109487
1210
72998
112552
70286
2174
135518
46578
27611
2942
132046
3793
2571
1059
4121
1610
1200
5445
1042
858
593
4016
1088
1120
2424
106473
745
150
232
4018
3703
599
3634
3114
8972
661
914
1209
2857
3789
4327
8154
3751
5377
3052
339
