58559
4121
1610
1200
1120
1042
858
593
318
296
3793
109487
79132
6016
3361
1089
778
1729
68157
111384
132046
121231
2571
6942
1061
2542
60684
1079
27611
27773
79242
74324
74545
67255
80489
80463
81562
81591
81845
81932
82459
82463
78574
78039
135518
1265
48780
1210
70286
122886
72998
2692
94777
1732
78499
2959
77455
260
74458
1176
5662
2012
1635
30745
1639
1801
1080
1954
1956
2004
1256
2085
3546
2369
2396
27592
8188
6713
1376
6287
2288
1517
661
1358
52885
246
300
3052
236
215
337
186
350
5
67997
357
1259
377
520
31658
529
587
628
904
1059
1242
1250
2700
3978
3113
59725
39421
7155
5984
3707
3176
64969
63131
45720
1
8533
2942
1997
1028
4322
60072
47099
53318
306
319
364
1260
1245
1232
1211
1209
1197
1172
1153
954
946
914
757
146501
588
541
40148
2361
3114
4351
5349
5135
4890
4823
4701
4641
4369
4306
1900
4041
4016
111
3893
3785
3751
3260
5377
5481
5812
6281
78349
8369
106918
55247
5449
3676
106473
44191
3703
107649
88125
68954
65514
8636
6953
247
4973
40614
3809
8861
7373
5507
5219
4069
3882
3301
27904
3300
3275
3257
2641
2359
80551
8928
34405
104841
71057
3030
44555
7361
6985
47640
46970
69712
37733
69526
68319
66934
66097
63992
48394
2082
69640
54290
100365
1199
130682
111624
107999
8623
150
45950
4467
37729
35957
34162
32892
7478
1955
2968
4911
8972
6683
7458
5445
608
52319
27255
6986
4612
5909
4189
48711
64957
1131
4388
47465
5618
5971
82461
32025
3948
2424
2068
232
50
35836
31221
1273
7376
4721
1721
33794
31878
26585
4018
5299
104283
93040
134853
118997
115617
109249
106696
95441
68358
7161
56367
46578
34321
26662
26614
8464
26554
8961
8874
52973
924
741
78209
76251
61024
55820
8528
8795
2502
1103
104
36401
8865
6754
1274
2019
2924
2997
3265
3996
4993
5782
5902
5952
6350
6539
6857
7022
7090
7153
7844
1272
599
1281
88129
89759
89492
89470
89260
88810
88235
87304
90057
86833
86320
85394
83976
82313
81786
89804
90376
73023
101285
103449
103372
103107
102469
102194
101895
97673
90439
96417
95761
94969
91077
90866
90531
78653
72741
56607
61236
64614
63876
63082
61357
61323
61240
60766
64622
60069
58879
58191
57669
56805
56788
64620
64701
72720
71464
1283
72226
72176
72131
72011
71745
71108
64839
70293
69481
67665
67429
67087
66665
103624
103688
105197
140174
144172
143385
142488
141749
140725
140715
139642
148482
139385
137337
134881
134859
134130
133771
146656
148626
105355
164977
111931
82152
66203
47044
138610
164979
163949
155064
163056
161582
161336
160954
158783
156387
133645
132800
132549
110871
114254
113064
112550
112070
111505
111249
107636
132547
107141
106920
106916
106766
106100
105504
114459
115139
115713
122882
123663
123695
127108
127114
127144
127206
127212
128235
128360
128512
128606
131796
132458
56782
72395
56286
6783
6515
6433
6229
5956
5795
5791
5747
5464
5289
5198
5169
4928
4763
4712
4437
6643
6830
4326
6874
8494
8236
8207
8195
8154
8128
8125
7926
7792
7438
7335
7243
7195
6983
6981
4327
4262
8645
2936
2920
2857
2747
2730
2677
2330
2202
2182
2178
2109
2028
1957
1942
1935
1572
2927
3022
4103
3089
3947
3811
3789
3742
3679
3671
3634
3632
3629
3539
3498
3415
3384
3246
3111
8584
339
40819
48774
52281
52241
51540
41585
50068
47629
41863
42217
49917
49824
8751
8765
47274
48738
52579
8766
48696
48516
8767
25805
25927
26150
26151
26366
31770
34517
37741
39183
41997
38304
52967
53000
56152
47423
56015
46723
55946
55442
55363
55280
46664
55276
55269
40629
55253
55118
55069
55063
45210
55052
54881
54513
54286
54272
45028
53953
53894
53123
62849
2529
4226
109374
117533
1088
6863
1258
111251
2174
118700
112515
118880
47
293
6218
97938
114342
117176
114662
112183
111622
116797
116161
112290
115569
112556
112852
1291
5064
4011
4995
745
3994
1036
1219
44199
96610
96832
3949
1704
5608
112552
96588
94959
2985
2989
3160
3175
3499
95135
3916
94931
96728
4023
97304
4223
4638
5602
7347
2600
2329
2273
1617
101525
95558
96811
99149
153
434
494
99114
780
98961
95449
98154
8781
97921
97752
97923
