60069
55063
64614
64620
64622
64701
64839
67429
61357
61323
63082
63876
57669
58191
60766
58879
7153
5952
8795
4993
61240
61236
70286
72998
4226
2019
78653
66665
67087
73023
69481
72720
70293
71108
71464
71745
72395
72011
72131
72226
48780
74458
1704
2571
79132
132046
67665
61024
5608
318
78499
5902
3260
3978
3809
68358
1721
69526
56805
56788
56782
56607
3679
53000
52967
52241
51540
4306
3111
3811
8128
56286
4103
4262
4326
58559
5198
53123
53894
54272
1197
56152
1
55276
55269
55253
55118
1172
1211
54286
1273
55052
1957
54881
54513
5747
4995
40614
1042
4121
1610
1200
1120
858
593
2959
7361
68954
44555
924
1061
6985
33794
55069
55442
27611
1219
6016
3949
2529
6942
135518
1210
67997
2692
364
2677
1245
588
2330
306
319
3246
34405
109374
94777
134853
2997
59725
111384
68319
3546
3793
2424
27773
82463
82459
67255
74324
74545
78039
78574
79242
80463
80489
81562
81591
81845
81932
82461
109487
3361
2028
68157
48516
45210
47423
48696
48738
41863
48774
49824
46723
45028
49917
47629
63992
26554
55247
1131
215
115617
93040
78349
46578
1176
8928
76251
5349
109249
1265
121231
77455
56367
47099
4973
6539
260
41997
52281
69640
65514
60072
1079
50
26614
3629
7243
1283
107999
55820
47
105504
106696
2068
63131
1028
7161
46970
64969
6350
4018
6863
5464
5791
8645
7438
6874
55280
50068
55363
1258
296
4467
111624
4016
3113
3114
2012
1199
3893
2085
2700
3785
4911
2396
2968
3751
4388
2369
5909
47465
3052
6953
4351
37729
3703
44191
106473
3676
106918
8369
1900
4369
117533
35957
34162
32892
7478
1955
107649
45950
100365
150
8636
2174
1956
6281
5812
8623
5481
5377
5135
4890
4823
4701
4641
2004
232
1954
5971
3030
47640
71057
60684
27904
7373
5507
97938
5219
4069
3301
3300
3275
3257
2641
2359
80551
5618
104283
1801
6754
3948
8464
26662
32025
31221
7376
4721
122886
6857
95441
1274
741
78209
8528
2502
36401
8865
2082
104841
8972
5445
357
520
529
587
628
661
904
1059
1242
1250
1259
1358
1376
1517
48711
1635
1639
337
4189
300
5662
54290
27255
247
1080
6986
1256
6683
8188
246
30745
31658
52885
4612
5
186
236
6713
599
96610
88235
101285
101525
101895
102194
102469
103107
103372
103449
103624
103688
105197
105355
106100
106766
106916
106920
107141
107636
110871
111249
111251
111505
111622
112070
112183
112290
112515
112550
112552
99149
99114
98961
94969
89260
89470
89492
89759
89804
90057
90376
90439
90531
90866
91077
94931
94959
95135
98154
95449
95558
95761
96417
96588
96728
96811
96832
97304
97673
97752
97921
97923
112556
112852
113064
148626
134881
137337
139385
139642
140174
140715
140725
141749
142488
143385
144172
146656
148482
155064
134130
156387
158783
160954
161336
161582
163056
163949
164977
164979
138610
47044
82152
111931
134859
133771
114254
123695
114342
114459
114662
115139
115569
115713
116161
116797
117176
118700
118880
122882
123663
127108
133645
127114
127144
127206
127212
128235
128360
128512
128606
131796
132458
132547
132549
132800
88810
339
88129
25805
3634
3632
8584
3539
3498
8751
3415
8765
8766
8767
3384
3089
3742
2927
2920
2857
2747
2730
25927
2202
2182
2178
2109
4928
3671
8494
1935
6983
5169
5289
5795
5956
6229
6433
6515
6643
6783
6830
6981
7195
8236
7335
7792
4712
7926
4437
4327
3947
8154
3789
8195
8207
26150
1942
1572
1088
3707
3176
45720
8533
2942
41585
42217
46664
47274
52579
53953
55946
1281
56015
72176
72741
81786
82313
83976
85394
4322
86320
86833
87304
40819
5984
4763
26151
1153
26366
31770
34517
1209
7155
946
914
757
146501
1232
1260
37741
38304
1272
39183
40629
39421
608
2936
1997
64957
69712
130682
954
3022
541
8125
1089
62849
66934
7458
52319
1732
35836
3994
118997
34321
53318
2924
3996
7844
7090
293
111
5299
27592
66097
31878
5449
8961
6287
66203
104
377
2288
8861
37733
3882
2361
1729
778
6218
5782
88125
8874
52973
350
1103
4041
48394
1291
5064
4011
40148
745
44199
2542
7022
3265
26585
153
434
2985
494
780
2989
2600
3160
3175
2329
3499
3916
2273
1617
4223
4638
5602
7347
8781
4023
1036
