2936
954
8125
3022
541
1283
7243
3629
25927
46664
1200
1120
4121
858
1610
593
1042
2028
1281
946
6983
3632
1935
3089
2202
1942
2927
2920
2396
5289
115139
50
26614
5169
6830
1153
1256
6515
7335
7195
8767
56015
2182
2359
41585
904
1260
31770
2997
8766
8765
8751
8236
1028
924
1219
2019
3793
5952
7153
1250
5782
5198
8128
1211
3679
1197
4326
5747
1172
4103
4262
3811
1957
3111
1273
4993
8795
112070
140715
127144
127212
128235
131796
132458
132549
8584
139642
72741
140725
123663
72176
148482
34517
2747
164977
164979
55946
123695
82313
107636
3539
3978
3260
5902
26554
7361
5608
52281
41997
93040
4890
293
33794
67997
127108
3949
48394
6942
106696
2959
1704
2329
4638
3499
2273
2600
5602
1617
4223
780
494
7347
2985
434
2989
8781
4023
3160
3175
3916
153
4226
47
44199
1258
1036
3994
5064
1291
4011
118997
6539
66934
1232
757
5445
588
8369
146501
106918
5449
3676
7458
78349
44191
1900
1572
1245
8972
6986
69640
88125
68954
65514
8636
5481
6953
6281
52319
27255
2361
77455
1997
8533
6683
45720
59725
3176
3707
5984
4322
7155
39421
53318
117533
62849
306
60072
47099
4612
40148
6016
319
364
2942
4995
5812
339
5377
63992
31221
32025
232
47640
1176
71057
69712
3948
69526
66097
8464
26662
68358
5349
95441
97938
37733
8861
54290
40614
111
7373
5507
5219
4069
3882
7376
4721
6985
1721
3030
6754
8865
36401
104
1103
2502
8528
52973
55820
61024
76251
78209
44555
741
1274
2924
3265
3996
6857
7022
7090
7844
8961
26585
2288
2529
3546
1376
1635
1639
1801
1954
1956
2004
2012
2085
2369
2700
3113
80551
2082
104841
3785
3893
4016
4041
4306
4351
4369
4641
4701
4823
5135
1517
2641
5662
1259
6287
6713
8188
3301
3300
30745
31658
52885
58559
5
186
215
236
246
300
337
350
3275
377
520
587
628
661
1059
3257
529
47465
4189
95135
95558
95761
96417
96588
96610
96728
96811
96832
97304
97673
97752
97921
97923
98154
98961
99114
99149
101285
101525
101895
102194
102469
103107
103372
103449
103624
103688
105197
105355
95449
94969
106100
94959
80463
80489
81562
81591
48711
81845
81932
82459
82463
83976
85394
86320
86833
87304
88129
88235
88810
89260
89470
89492
89759
89804
90057
90376
90439
90531
90866
91077
94931
105504
106766
78653
128606
132800
133645
133771
134130
134859
134881
137337
139385
140174
141749
142488
143385
144172
146656
148626
155064
156387
158783
160954
161336
161582
163056
163949
138610
47044
66203
82152
1955
111931
132547
128512
106916
128360
106920
107141
110871
111249
111251
111505
111622
112183
112290
112515
112550
7478
112556
112852
113064
114254
114342
114459
114662
115569
115713
116161
116797
117176
118700
118880
122882
127114
127206
79242
81786
78574
38304
45028
42217
41863
40819
40629
39183
37741
53894
34162
26151
26150
25805
8645
8494
45210
46723
32892
47423
47629
48516
48696
48738
48774
49824
49917
50068
51540
52241
52579
52967
78039
35957
8195
37729
1199
2330
2677
74458
64957
3246
1131
3415
4388
82461
5909
3742
4911
4467
2968
130682
7926
4763
8623
5464
5791
5795
5956
100365
6433
6643
6783
6874
6981
7438
45950
53123
53000
104283
58191
72720
53953
60069
60766
61236
61240
61323
61357
73023
63082
63876
64614
64620
64622
64701
64839
66665
67087
67255
67429
67665
69481
70293
71108
71464
71745
72011
72131
72226
58879
74324
57669
56805
54272
54286
54513
54881
55052
55063
55069
74545
55118
55253
55269
55276
55280
55363
72395
56286
56788
56782
55442
56152
56607
6218
6350
64969
56367
46970
7161
48780
46578
63131
31878
35836
8928
1210
8874
34405
34321
55247
1061
135518
2571
111624
68319
2692
121231
109487
1088
1732
111384
27611
109374
94777
5971
72998
107999
5299
2068
112552
6863
70286
122886
79132
2424
608
107649
3361
132046
68157
109249
4973
115617
296
1729
778
4018
134853
150
3809
3703
2542
599
106473
2730
260
27773
78499
3634
318
1265
3671
3789
3947
4327
4437
4712
3751
4928
2174
6229
7792
8154
8207
26366
47274
1080
3498
1089
914
3052
1242
3384
357
1
1209
1272
2109
2178
2857
1079
745
5618
60684
27904
27592
3114
247
1358
