5952
7153
4993
8795
2019
55442
55069
5902
3978
3260
2571
54881
55118
55052
54286
54513
5445
608
55269
54272
53894
55253
56286
55276
55280
56152
53000
56607
56788
56805
8645
7438
6874
5791
5464
53123
56782
52241
52967
50068
51540
296
4995
2968
924
55363
55820
61240
61236
4041
1103
52973
350
4467
47465
4911
52281
41997
44199
1199
132046
1704
3809
1210
1079
153
1617
434
494
780
7347
2273
2329
2600
2989
3160
3175
3499
3916
4223
4638
8781
5602
2985
4023
2959
68954
79132
3679
45210
49824
49917
1172
1197
46723
45028
1211
3111
1957
1
5198
1273
41863
47423
4306
8128
3811
48516
48774
4103
48696
48738
4262
4326
5747
47629
318
48394
4011
778
1729
37733
3882
78499
27611
1089
46578
55247
1036
68157
70286
1732
3994
8928
135518
745
72998
44555
2529
109249
47099
5064
1291
109374
2542
48780
4973
3949
56367
62849
134853
4226
74458
1250
109487
293
3361
27773
47
111384
121231
1061
34405
122886
107999
6218
68319
3703
1997
1900
44191
106473
3676
5449
520
60072
1088
587
106918
40148
8369
78349
377
5608
529
300
337
45720
4322
2361
6016
107649
117533
8533
357
2942
77455
5481
88125
3785
4369
4351
1954
1956
2004
4016
3893
2012
2085
1639
2369
2396
2692
2700
3052
3113
236
3114
1801
4641
628
5377
661
8636
6953
6281
5812
3751
904
1059
5135
1635
4890
1242
4823
1259
4701
1358
1376
1517
246
247
215
7373
2082
80551
2359
2641
3257
3275
3300
3301
4069
5219
5507
8861
8972
27904
60684
66097
69526
69712
71057
47640
6985
7361
3030
5618
104841
7458
82461
111624
1955
7478
32892
34162
35957
37729
45950
100365
150
2174
8623
130682
52319
5909
4388
1131
64957
48711
4189
4612
6683
6986
27255
1258
5971
104283
186
2288
68358
93040
95441
97938
54290
40614
111
3707
1080
1219
1256
3546
26614
5662
6287
6713
8188
27592
30745
31658
52885
58559
67997
5
26662
8464
6754
5782
8865
36401
104
2502
8528
61024
76251
78209
741
1274
2997
6857
3948
8961
26554
26585
33794
4721
7376
31221
32025
50
232
1176
3176
599
5984
96811
98154
97923
97921
97752
97673
97304
96832
96728
94959
96610
96588
96417
95761
95558
95449
95135
98961
99114
99149
101285
106920
106916
106766
106100
105355
105197
103688
103624
103449
103372
103107
102469
102194
101895
101525
94969
94931
107636
81562
82459
82313
81932
81845
81786
81591
7155
80489
91077
80463
79242
78653
78574
78039
74545
74324
82463
83976
85394
86320
90866
90531
90439
90376
90057
89804
89759
89492
89470
89260
88810
88235
88129
87304
86833
107141
110871
72741
139385
143385
142488
141749
140725
140715
140174
139642
137337
132458
134881
134859
134130
133771
133645
132800
132549
144172
146656
148482
148626
111931
82152
66203
47044
138610
164979
164977
163949
163056
161582
161336
160954
158783
156387
155064
132547
131796
111249
112552
114662
114459
114342
114254
113064
112852
112556
112550
128606
112515
112290
112183
112070
111622
111505
111251
115139
115569
115713
116161
128512
128360
128235
127212
127206
127144
127114
127108
123695
123663
122882
118880
118700
117176
116797
73023
339
8154
25805
7926
8125
2202
2182
8195
2028
8236
8494
8584
8751
8765
8766
8767
25927
40819
26150
26151
1942
31770
34517
1935
37741
38304
39183
1572
1283
1281
40629
2330
7335
7243
7195
3089
3539
3629
3632
3634
3022
3742
3789
2936
4327
2927
2920
4763
2857
5169
5289
5795
5956
2747
2677
6433
6515
6643
6783
6830
6981
6983
3246
1260
41585
954
946
42217
67255
757
67429
67665
146501
69481
588
541
70293
364
71108
319
71464
71745
306
72011
72131
72176
72226
53318
72395
39421
72720
67087
914
60069
60766
46664
1245
52579
53953
55063
55946
1232
56015
57669
58191
58879
1153
1209
3415
61323
64614
66665
64839
64701
64622
64620
63876
63082
61357
115617
66934
94777
6863
4018
6350
64969
46970
7161
1265
1028
63131
35836
260
118997
8874
34321
106696
2068
105504
63992
6942
5299
2424
59725
65514
3793
31878
3265
7022
69640
2924
1200
3996
7090
7844
4121
1721
1120
1042
858
593
1610
2730
6539
5349
47274
3498
3671
3947
4437
4712
4928
2109
6229
7792
2178
8207
26366
1272
3384
