1942
3632
2927
6983
946
3089
1935
2202
2920
2936
25927
46664
1281
246
7844
7090
1256
1250
3996
2396
2924
44199
40819
40629
38304
37741
39183
541
8125
954
3022
1120
593
1200
4121
1610
1042
858
7243
3629
1283
44555
46723
41863
45028
47423
45210
49917
49824
48738
48696
48516
47629
48774
3265
7022
153
434
494
780
5602
4223
3160
7347
2600
2985
1617
8781
2273
3916
2989
4638
2329
3499
4023
3175
55363
101285
127206
4763
757
102469
7926
53953
52579
128512
114459
133771
161336
114254
113064
112550
111505
110871
111249
94969
132800
4890
3793
2028
1131
31770
8767
50
41585
8765
8766
7195
8751
8236
7335
6830
1153
5289
5169
56015
6016
1260
2182
26614
115139
6515
150
65514
52281
41997
81786
134859
122882
118880
118700
67665
112515
1079
47099
55069
55442
1036
3994
745
5464
5791
7438
50068
6874
8645
55280
318
6985
5064
1291
31878
293
1210
1061
61240
61236
77455
3114
46578
3030
109249
52967
51540
56805
53894
56788
54286
56607
56286
56152
54513
54272
55276
55269
55253
55118
55052
54881
52241
56782
53123
53000
48394
34405
6942
68954
2424
3809
6218
260
111384
121231
8928
55247
109374
117533
7155
8961
39421
36401
357
58559
186
104
337
2502
53318
63992
300
3948
146501
236
67997
3751
8528
40614
68358
2359
2641
95441
97938
3257
3275
3300
8464
134853
54290
3301
4069
31658
78209
5219
76251
5507
7373
8861
5662
6287
6713
3707
61024
30745
5984
1517
520
3113
3703
44191
3676
5449
106918
8369
78349
40148
1900
1
71057
69712
69526
68319
107649
47640
2747
8636
6953
6281
5377
5135
4823
4701
4641
4369
4351
6754
82461
4016
3893
3052
2700
3176
59725
1376
32025
31221
1059
7376
661
628
60072
4721
587
529
122886
1721
26585
3785
1635
1639
232
1801
1954
1956
2004
45720
2012
2085
2369
8533
8865
1088
4322
78499
2942
339
80551
103624
97923
98154
98961
99114
99149
101525
101895
102194
103107
103372
34162
32892
88235
105197
105355
106100
106766
106916
106920
107141
107636
111622
112070
112183
97921
97752
97673
97304
89260
89470
89492
89759
89804
90057
90376
90439
2082
90866
91077
94931
94959
95135
95449
95558
100365
45950
96588
37729
96728
96811
35957
112290
112552
112556
139642
140715
140725
141749
142488
143385
144172
146656
148482
148626
155064
156387
158783
160954
161582
163056
163949
164977
164979
138610
47044
66203
82152
111931
140174
139385
112852
137337
114342
114662
115569
115713
116161
116797
117176
123663
123695
127108
127114
127144
127212
128235
128360
128606
131796
132458
1955
132549
133645
134130
134881
88810
90531
88129
69481
55063
55946
57669
58191
58879
60069
60766
61323
87304
63082
63876
64614
64620
64622
64701
64839
66665
67087
67255
34517
2174
8584
6683
104841
8972
7458
3539
5445
52319
27255
6986
4612
1199
4189
48711
4388
47465
5795
5909
4467
2968
67429
61357
4911
72395
72741
73023
74324
74545
78039
82313
86320
78574
85394
78653
83976
82463
79242
80463
82459
80489
81562
81591
81845
72720
81932
72131
72176
71745
71108
72011
71464
86833
72226
70293
2361
33794
6863
4018
64969
94777
46970
64957
26554
4306
1242
8188
1259
1358
904
1080
8623
5812
5
3546
7478
111
5782
109487
66097
1028
63131
2068
7361
2997
106696
105504
7161
1997
66934
2019
72998
3742
3415
26151
1572
1232
6433
6643
6783
6981
8195
25805
26150
42217
130682
70286
55820
135518
924
93040
60684
1176
608
115617
3978
5902
3260
106473
27611
3882
68157
1732
35836
27904
2692
26662
2288
88125
118997
107999
3949
34321
215
6350
1265
2730
132046
8874
1089
111251
96610
96832
111624
27592
5299
4041
52973
1103
350
69640
104283
741
6857
52885
1274
1258
103449
8494
96417
95761
103688
132547
5956
1245
319
3246
364
2677
588
2330
306
3361
2542
27773
5971
4973
4011
74458
2571
377
56367
37733
62849
6539
79132
5198
4103
4262
4326
3679
3111
3811
1211
1197
8128
1172
1273
1957
5747
296
4712
6229
4437
26366
4928
7792
8207
3947
47274
3498
2178
3671
1272
2109
3384
778
1729
1219
48780
247
5952
7153
2529
8795
4993
5618
47
4995
1704
5608
4226
5349
3634
2959
599
914
1209
2857
3789
4327
8154
5481
