296
593
1042
50
47
4121
1610
1200
1120
26614
858
318
3793
2959
1729
778
3361
2288
88125
1089
293
5608
377
300
150
27773
68157
27592
4226
26585
1258
111384
2542
121231
7022
3265
130682
5782
1079
48394
1219
2529
1061
1997
48780
3114
1036
62849
1704
66097
74458
3949
1732
4011
4995
2424
79132
1256
2692
2004
52885
2012
1080
2085
31658
2369
2396
3052
2700
3113
30745
58559
8188
6713
6287
5662
3546
1956
1639
1954
1059
357
520
529
587
337
246
236
628
661
904
186
67997
1242
1250
1259
1358
1376
1517
1635
5
350
1801
135518
4701
3260
2942
64969
63131
59725
45720
8533
6942
6863
1088
3707
1028
4322
78499
77455
60072
47099
40148
3176
5984
3751
1153
1272
1260
1232
1211
1209
1197
1172
954
7155
946
914
757
146501
541
53318
39421
6016
1
117533
4641
5481
5377
5349
5135
4890
4823
111
4369
2361
4351
4306
4041
4016
3978
3893
3785
5812
6281
6953
8636
1900
94777
78349
70286
8369
106918
55247
5449
3676
106473
44191
3703
107649
68954
65514
247
8464
40614
82461
8861
7373
5507
5219
4069
3882
3809
3301
3300
3275
3257
2641
2359
80551
2082
8928
27904
34405
46970
5618
3030
44555
7361
6985
47640
71057
37733
69712
69526
68319
66934
63992
60684
104841
69640
8972
100365
2968
1199
111624
107999
8623
2174
45950
4911
37729
35957
34162
32892
7478
1955
4467
5909
7458
6986
5445
608
52319
109487
260
27255
6683
47465
4612
4189
48711
64957
1131
4388
5971
104283
54290
132046
5299
4973
4018
3948
2068
1265
1210
1176
232
35836
32025
31221
7376
4721
122886
7161
1281
26662
97938
134853
118997
115617
109374
109249
106696
95441
27611
93040
72998
68358
56367
46578
34321
1721
33794
31878
52973
924
741
78209
76251
61024
55820
8528
2019
2502
1103
104
36401
8865
6754
1274
2571
26554
6857
8961
8874
8795
7844
7153
7090
6539
2924
6350
5952
5902
4993
3996
2997
1273
599
1283
97673
96832
96811
96728
96610
96588
96417
95761
95558
95449
95135
94969
94959
94931
91077
90866
90531
90439
97304
97752
90057
97921
105355
105197
103688
103624
103449
103372
103107
102469
102194
101895
101525
101285
99149
99114
98961
98154
97923
90376
89804
69481
80489
79242
78653
78574
78039
74545
74324
1572
72741
72720
72395
72226
72176
72131
72011
71745
71464
71108
80463
81562
89759
81591
89492
89470
89260
88810
88235
88129
87304
86833
86320
85394
83976
82463
82459
82313
81932
81845
81786
105504
106100
106766
143385
141749
140725
140715
140174
139642
139385
137337
134881
134859
134130
133771
133645
132800
132549
132547
132458
131796
142488
144172
106916
146656
111931
82152
66203
47044
138610
164979
164977
163949
163056
161582
161336
160954
158783
156387
155064
148626
148482
128606
128512
128360
128235
113064
112852
112556
112552
112550
112515
112290
112183
112070
111622
111505
111251
111249
110871
107636
107141
106920
114254
114342
114459
122882
127212
127206
127144
127114
127108
123695
123663
118880
114662
118700
117176
116797
116161
115713
115569
115139
70293
73023
67665
8494
8207
8195
8154
8128
8125
7926
7792
7438
7335
7243
7195
6983
6981
6874
6830
6783
6643
6515
6433
8236
8584
5956
8645
41997
41863
67429
40819
40629
39183
38304
37741
34517
31770
26366
26151
26150
25927
25805
8767
8766
8765
8751
6229
5795
45028
3629
3498
3415
3384
3111
3089
3022
2936
2927
2920
2857
2747
2730
2202
2182
2178
2109
1957
1942
1935
3539
3632
5791
3634
5747
5464
5289
5198
5169
4928
4763
4712
4437
4327
4326
4262
4103
3947
3811
3789
3742
3679
3671
42217
41585
45210
56782
56286
56152
56015
55946
55442
55363
55280
55276
55269
55253
55118
55069
55063
55052
54881
46664
54286
54272
53953
56607
56788
53123
56805
67255
67087
66665
64839
64701
64622
64620
64614
63876
63082
61357
61323
61240
61236
60766
60069
58879
58191
57669
53894
54513
53000
47274
52967
48774
48738
48696
48516
47629
49824
47423
49917
50068
51540
46723
52241
52281
52579
6218
5064
1291
745
3994
44199
2273
780
494
434
153
1617
2329
3175
5602
4223
4023
2600
3916
3499
7347
4638
8781
3160
2989
2985
215
2028
1245
3246
2677
2330
588
364
319
306
339
