47
377
88125
2288
150
306
364
588
3246
1245
319
2677
2330
5608
27592
4226
1258
2959
2028
130682
27773
215
48394
1219
2529
1997
3114
48780
62849
1704
66097
74458
4995
2424
79132
2369
1956
1954
1801
1639
2004
2012
2085
4641
4351
2396
3751
4041
4016
4369
3978
3893
3785
3361
2692
3260
1517
4306
3113
3052
2700
1635
520
1376
1358
1256
3546
5662
6287
6713
8188
30745
31658
52885
58559
67997
5
186
236
246
300
337
350
357
4823
529
587
628
661
904
1059
1242
1250
1259
4701
135518
4890
5135
146501
541
53318
39421
7155
5984
3707
3176
64969
63131
59725
45720
8533
6942
6863
757
914
946
1272
1942
1935
1572
1283
1281
1273
1260
954
1232
1211
1209
1197
1172
1153
2942
1088
1028
65514
106473
44191
3703
107649
247
68954
8636
5449
6953
6281
5812
5481
5377
5349
3676
55247
4322
1
78499
77455
60072
47099
40148
6016
117533
106918
2361
1900
94777
78349
70286
8369
1080
109249
111
3882
27904
8928
8861
7373
5507
5219
4069
3809
2082
3301
3300
3275
3257
2641
2359
1061
34405
37733
60684
63992
104283
82461
5971
5618
3030
44555
7361
6985
47640
46970
71057
69712
69526
68319
66934
80551
104841
40614
2174
4911
4467
2968
1199
111624
107999
8623
100365
69640
45950
37729
35957
34162
32892
7478
1955
5909
47465
4388
1131
8972
7458
5445
608
52319
121231
109487
260
27255
6986
6683
4612
4189
48711
64957
132046
6754
8865
1176
5299
4973
4018
3948
2068
1265
1210
318
36401
232
50
35836
32025
31221
7376
4721
7161
8464
26614
26662
54290
134853
118997
115617
109374
106696
97938
95441
93040
72998
68358
56367
46578
34321
27611
122886
1721
33794
3265
2924
2571
2019
1274
924
741
78209
76251
61024
55820
52973
8528
2502
1103
104
2997
3996
31878
4993
26585
26554
8961
8874
8795
7844
7153
7090
7022
6857
6539
6350
5952
5902
5782
1957
599
2109
90866
97921
97752
97673
97304
96832
96811
96728
96610
96588
96417
95761
95558
95449
95135
94969
94959
94931
97923
98154
98961
103449
106766
106100
105504
105355
105197
103688
103624
103372
99114
103107
102469
102194
101895
101525
101285
99149
91077
90531
72011
90439
81786
81591
81562
80489
80463
79242
78653
78574
78039
74545
74324
73023
72741
72720
72395
72226
72176
81845
2178
82313
88810
90376
90057
89804
89759
89492
89470
89260
88235
82459
88129
87304
86833
86320
85394
83976
82463
106916
106920
107141
107636
143385
142488
141749
140725
140715
140174
139642
139385
137337
134881
134859
134130
133771
133645
132800
132549
132547
144172
146656
148482
164977
111931
111384
82152
66203
47044
138610
164979
163949
148626
163056
161582
161336
160954
158783
156387
155064
132458
131796
128606
112515
114342
114254
113064
112852
112556
112552
112550
112290
114662
112183
112070
111622
111505
111251
111249
110871
114459
115139
128512
123695
128360
128235
127212
127206
127144
127114
127108
123663
115569
122882
118880
118700
117176
116797
116161
115713
72131
81932
71745
6981
25927
25805
8767
8766
8765
8751
8645
8584
8494
8236
8207
8195
8154
8128
8125
7926
7792
7438
7335
7243
7195
26150
26151
26366
45028
48738
48696
48516
47629
47423
47274
46723
46664
45210
42217
31770
41997
41863
41585
40819
40629
39183
38304
37741
34517
6983
6874
49824
6830
3742
3679
3671
3634
3632
3629
3539
3498
3415
3384
3111
3089
3022
2936
2927
2920
2857
2747
2730
2202
2182
3789
3811
3947
5464
6783
6643
6515
6433
6229
5956
5795
5791
5747
5289
4103
5198
5169
4928
4763
4712
4437
4327
4326
4262
71464
48774
339
52281
56152
56015
55946
55442
55363
55280
55276
55269
49917
50068
51540
52241
52579
55063
52967
53000
53123
55253
55118
53894
53953
55069
54272
54286
54513
54881
56286
56607
56782
56788
71108
70293
69481
67665
67429
67255
67087
66665
64839
64701
64622
64620
64614
63876
63082
61357
61323
61240
61236
60766
60069
58879
58191
57669
56805
55052
1732
293
1079
2542
3949
68157
1089
4011
1729
778
6218
3793
1291
5064
745
3994
1036
44199
1042
1200
1120
296
593
1610
4121
858
434
494
780
153
1617
2273
2329
2600
2985
3160
3175
3499
3916
4023
4223
4638
5602
7347
8781
2989
