7153
5952
8795
4993
2019
3260
5902
3978
745
4121
593
858
1042
1120
1200
1610
50
26614
8961
4223
2273
153
434
494
780
8781
7347
4638
1617
2329
2600
2985
2989
3160
3175
5602
3916
4023
3499
3114
300
3793
44199
924
293
8125
3022
954
541
1036
3994
3949
296
2692
3751
150
1291
5064
106473
2959
2936
4226
4011
5608
6218
2396
48780
4018
3703
1729
778
1219
2529
94777
47
4890
2424
1704
68157
74458
4995
1079
109487
79132
27773
946
2004
1956
1954
1801
914
1517
1376
1259
1639
1153
1635
1358
1172
587
1250
8188
58559
1211
52885
31658
30745
27592
6713
5
6287
5662
3546
2288
1256
1080
67997
186
1197
529
1242
1059
904
661
628
757
520
236
377
357
350
337
1209
246
2012
47099
2085
146501
4351
4369
4641
4701
4823
5135
5377
5481
5812
6281
6953
8636
65514
68954
88125
107649
44191
3676
5449
55247
106918
8369
70286
78349
1900
117533
1
4041
4016
60072
6863
53318
39421
7155
5984
3707
3176
64969
6016
59725
45720
8533
6942
2942
3893
1997
1088
1028
247
4322
2369
2700
3052
3113
78499
77455
3785
63131
135518
40614
5507
69640
104841
2082
80551
2359
2641
3257
3275
3300
3301
3809
3882
4069
5219
7373
7458
8861
8928
27904
34405
37733
60684
63992
66097
66934
68319
69526
69712
71057
46970
8972
5445
6985
2968
1955
7478
32892
34162
35957
37729
45950
100365
2174
8623
107999
111624
130682
1199
4467
608
4911
5909
47465
4388
1131
64957
48711
4189
4612
6683
6986
27255
260
52319
47640
44555
54290
8464
4721
7376
31221
32025
35836
1260
232
1176
1210
1265
2068
4973
5299
7161
26662
1721
27611
34321
46578
56367
68358
72998
95441
97938
106696
109249
109374
115617
118997
134853
122886
31878
3030
61024
5618
5971
82461
104283
132046
6754
8865
36401
104
1103
2502
8528
52973
55820
76251
26585
78209
741
1274
2571
2924
3265
3996
6350
6539
6857
7022
7090
7844
8874
1232
599
339
90376
89804
89759
89492
89470
89260
88810
88235
88129
87304
86833
86320
85394
83976
82463
82459
148482
82313
90057
90439
97921
90531
97673
97304
96832
96811
96728
96610
96588
96417
95761
95558
95449
95135
94969
94959
94931
91077
90866
81932
81845
148626
81786
71745
71464
71108
70293
69481
1272
67665
67429
67255
67087
66665
158783
64839
64701
64622
146656
64614
72011
72131
72176
78039
81591
81562
80489
80463
79242
78653
78574
74545
72226
74324
73023
155064
72741
72720
156387
72395
97752
97923
63082
128606
128360
128235
127212
127206
127144
127114
127108
123695
123663
122882
118880
118700
117176
116797
116161
115713
115569
128512
131796
98154
132458
143385
142488
141749
140725
140715
140174
139642
139385
137337
134881
134859
134130
133771
133645
132800
132549
132547
115139
114662
114459
114342
106100
105504
105355
105197
103688
103624
103449
103372
103107
102469
102194
101895
101525
101285
99149
99114
98961
106766
106916
106920
112290
114254
113064
112852
112556
112552
112550
112515
112183
107141
112070
111622
111505
111251
111249
110871
107636
63876
64620
61357
5289
6433
6229
5956
5795
5791
5747
5464
5198
163949
5169
4928
4763
4712
4437
4327
4326
6515
6643
6783
6830
8494
8236
8207
8195
61323
8154
8128
7926
7792
7438
7335
7195
6983
6981
6874
4262
4103
8645
111931
2730
138610
47044
2202
66203
82152
2182
2178
3947
2109
1957
1942
1935
1572
1281
1273
2747
2857
2920
2927
3811
164977
3789
3742
3679
3671
3634
3632
3539
3498
3415
3384
164979
3111
3089
8584
163056
53000
54513
55269
55253
55118
55069
55063
55052
54881
54286
55280
54272
53953
53894
53123
8751
52967
52579
55276
55363
52241
56805
61240
61236
60766
60069
58879
58191
57669
56788
55442
56782
56607
56286
56152
56015
160954
55946
161336
144172
42217
39183
25805
161582
41863
8766
41585
40819
40629
38304
45210
37741
34517
31770
26366
26151
26150
25927
45028
8767
48774
46664
46723
8765
47274
47423
47629
51540
48516
50068
49917
49824
48696
48738
1732
1283
7243
3629
1258
7361
1061
5349
121231
1089
111384
62849
3361
2361
48394
215
2028
93040
318
111
40148
26554
2542
5782
52281
41997
2330
588
364
319
306
1245
2677
3246
2997
33794
4306
3948
