50
26614
318
150
293
3114
47
296
377
337
3361
2424
111384
60072
121231
2959
27773
1061
778
1729
2288
88125
1089
5608
68157
27592
4226
1258
2542
130682
1079
48394
1219
2529
1997
48780
62849
1704
66097
74458
1732
4995
79132
1801
1639
1954
4369
1956
2004
2012
2396
4351
2085
2369
3751
2692
2700
4306
4701
4016
3978
3893
3052
3113
3785
3260
4641
135518
1635
1517
247
1080
1256
3546
5662
6287
6713
8188
30745
31658
52885
58559
67997
236
246
300
529
587
628
661
4823
1059
1242
1250
1259
1358
1376
904
107649
4890
5135
914
757
146501
541
53318
39421
7155
5984
3707
3176
64969
63131
59725
45720
8533
946
954
1153
1281
2109
1957
1942
1935
1572
1283
1273
1172
1272
1260
1232
1211
1209
1197
6942
6863
2942
65514
3676
106473
44191
3703
40614
68954
8636
55247
6953
6281
5812
5481
5377
5349
5449
106918
1088
6016
1028
4322
78499
77455
47099
40148
1
8369
117533
2361
1900
94777
78349
70286
111
68358
54290
66934
60684
34405
27904
8928
8861
7373
5507
5219
4069
3809
3301
3300
3275
3257
2641
63992
68319
134853
69526
8865
6754
132046
104283
82461
5971
5618
3030
44555
7361
6985
47640
46970
71057
69712
2359
80551
2082
104841
4911
4467
2968
1199
111624
107999
2174
100365
45950
37729
35957
34162
32892
7478
1955
5909
47465
4388
260
69640
8972
7458
5445
52319
109487
27255
1131
6986
6683
4612
4189
48711
64957
36401
104
2502
26585
4018
3948
2068
1265
1210
1176
232
35836
32025
31221
7376
4721
122886
1721
33794
4973
5299
8464
95441
118997
115617
109374
109249
106696
97938
93040
26662
72998
2182
56367
46578
34321
27611
31878
26554
8528
8961
2019
1274
924
741
4121
3793
1610
1200
1120
1042
858
593
78209
76251
61024
2571
2924
2997
6857
8874
8795
7844
7153
7090
7022
6539
3265
6350
5952
5902
5782
4993
3996
2178
599
2202
97673
96832
96811
96728
96610
96588
96417
95761
95558
95449
95135
94969
94959
94931
91077
90866
90531
90439
97304
97752
106100
97921
105355
105197
103688
103624
103449
103372
103107
102469
102194
101895
101525
101285
99149
99114
98961
98154
97923
90376
90057
89804
89759
80463
78653
78574
78039
74545
74324
73023
72741
72720
72395
72226
72176
72131
72011
71745
71464
71108
80489
81562
81591
86833
89492
89470
89260
88810
88235
88129
87304
86320
81786
85394
83976
82463
82459
82313
81932
81845
105504
106766
69481
143385
141749
140725
140715
140174
139642
139385
137337
134881
134859
134130
133771
133645
132800
132549
132547
132458
131796
142488
144172
106916
146656
111931
82152
66203
47044
138610
164979
164977
163949
163056
161582
161336
160954
158783
156387
155064
148626
148482
128606
128512
128360
128235
113064
112852
112556
112552
112550
112515
112290
112183
112070
111622
111505
111251
111249
110871
107636
107141
106920
114254
114342
114459
122882
127212
127206
127144
127114
127108
123695
123663
118880
114662
118700
117176
116797
116161
115713
115569
115139
70293
79242
67665
8767
8765
8751
8645
8584
8494
8236
8207
8195
8154
8128
8125
7926
7792
7438
7335
7243
7195
6983
6981
8766
25805
47629
25927
47274
46723
46664
67429
45028
42217
41997
41863
41585
40819
40629
39183
38304
37741
34517
31770
26366
26151
26150
6874
6830
6783
6643
3742
3679
3671
3634
3632
3629
3539
3498
3415
3384
3111
3089
3022
2936
2927
2920
2857
2747
2730
3789
3811
3947
5289
6515
6433
6229
5956
5795
5791
5747
5464
5198
4103
5169
4928
4763
4712
4437
4327
4326
4262
47423
45210
55052
53894
56607
56286
56152
49917
50068
51540
52241
56015
52281
52579
52967
53000
53123
53953
55363
54272
55946
54286
54513
54881
48516
55063
55069
55118
55253
55269
55276
55442
56782
55280
56788
61323
67255
48696
67087
66665
64839
48738
64701
64622
64620
64614
63876
63082
56805
61357
61240
61236
60766
60069
58879
48774
58191
57669
49824
3949
4011
6218
1291
5064
745
3994
1036
44199
3882
37733
55820
3916
2329
2985
2989
3160
3175
2273
3499
1617
153
434
4223
4023
4638
5602
7347
8781
494
780
2600
7161
608
215
2028
52973
350
4041
8623
339
1103
357
5
186
520
1245
3246
588
364
319
306
2677
2330
