5299
7161
2502
115617
34321
8874
2068
118997
35836
31878
63131
1265
1250
46578
6539
4973
46970
94777
6218
56367
64969
6350
4018
6863
66934
1210
236
337
30745
300
246
31658
215
58559
186
5
52885
67997
350
135518
904
357
377
520
529
587
628
661
27592
1059
1242
1259
1358
1376
1517
27773
1080
8188
68358
109249
106696
97938
95441
93040
72998
27611
6713
26662
26614
8464
3948
2424
1176
109374
134853
54290
40614
111
247
1079
1639
1089
1219
1256
1729
2288
2529
3546
5662
6287
1635
1956
1801
778
62849
60072
47099
40148
6016
5608
2959
2542
1
1954
117533
2361
1900
78349
70286
8369
106918
55247
77455
78499
4322
1028
541
364
319
306
53318
39421
7155
5984
3707
3176
59725
45720
8533
6942
2942
1997
1088
5449
3676
106473
4306
4016
3978
3893
3785
3751
3361
3260
3114
3113
2700
2692
2396
2369
2085
2012
2004
232
4041
4351
44191
4369
3703
107649
88125
68954
65514
8636
6953
6281
5812
5481
5377
5349
5135
4890
4823
4701
4641
318
31221
50
5219
3882
3809
3301
3300
3275
3257
2641
2359
1732
1061
80551
2082
104841
69640
8972
7458
5445
4069
5507
52319
7373
7361
6985
47640
71057
69712
69526
68319
68157
66097
63992
60684
48394
37733
34405
27904
8928
8861
608
121231
3030
5909
4467
2968
1199
130682
111624
107999
8623
2174
150
100365
45950
37729
35957
34162
32892
7478
1955
4911
47465
109487
296
79132
48780
4995
4226
1704
1258
260
27255
6986
6683
4612
4189
48711
74458
64957
1131
4388
44555
5618
47
4993
3265
2997
2924
2571
2019
1274
924
741
44199
8781
7347
5602
5064
4638
4223
4121
4023
3996
5782
3994
5902
32025
146501
7376
4721
122886
1721
33794
26585
26554
8961
8795
7844
7153
7090
7022
6857
5952
4011
3949
5971
593
434
293
153
78209
76251
61024
55820
52973
8528
1103
104
36401
8865
6754
132046
104283
82461
494
745
3916
780
3793
3499
3175
3160
2989
2985
2600
2329
2273
1617
1610
1291
1200
1120
1042
1036
858
588
599
757
94959
96610
96588
96417
95761
95558
95449
95135
94969
94931
96811
91077
90866
90531
90439
90376
90057
89804
89759
96728
96832
914
101525
103688
103624
103449
103372
103107
102469
102194
101895
101285
97304
99149
99114
98961
98154
97923
97921
97752
97673
89492
89470
89260
72131
74545
74324
73023
72741
72720
72395
72226
72176
72011
88810
71745
71464
71108
70293
69481
67665
67429
67255
78039
78574
78653
79242
88235
88129
87304
86833
86320
85394
83976
82463
82459
82313
81932
81845
81786
81591
81562
80489
80463
105197
105355
105504
134881
142488
141749
140725
140715
140174
139642
139385
137337
134859
128512
134130
133771
133645
132800
132549
132547
132458
131796
143385
144172
146656
148482
111931
111384
82152
66203
47044
138610
164979
164977
163949
163056
161582
161336
160954
158783
156387
155064
148626
128606
128360
106100
111622
112852
112556
112552
112550
112515
112290
112183
112070
111505
128235
111251
111249
110871
107636
107141
106920
106916
106766
113064
114254
114342
114459
127212
127206
127144
127114
127108
123695
123663
122882
118880
118700
117176
116797
116161
115713
115569
115139
114662
67087
66665
64839
4437
5747
5464
5289
5198
5169
4928
4763
4712
4327
3634
4326
4262
4103
3947
3811
3789
3742
3679
5791
5795
5956
6229
8154
8128
8125
7926
7792
7438
7335
7243
7195
6983
6981
6874
6830
6783
6643
6515
6433
3671
3632
64701
1260
1957
1942
1935
1572
1283
1281
1273
1272
1245
3629
1232
1211
1209
1197
1172
1153
954
946
2028
2109
2178
2182
3539
3498
3415
3384
3246
3111
3089
3022
2936
2927
2920
2857
2747
2730
2677
2330
2202
8195
8207
8236
55069
55946
55442
55363
55280
55276
55269
55253
55118
55063
52967
55052
54881
54513
54286
54272
53953
53894
53123
56015
56152
56286
56607
64622
64620
64614
63876
63082
61357
61323
61240
61236
60766
60069
58879
58191
57669
56805
56788
56782
53000
52579
8494
52281
40629
39183
38304
37741
34517
31770
26366
26151
26150
25927
25805
8767
8766
8765
8751
8645
8584
40819
41585
41863
41997
52241
51540
50068
49917
49824
48774
48738
48696
48516
47629
47423
47274
46723
46664
45210
45028
42217
339
3052
