4023
8781
3160
3175
3499
2600
3916
2329
4223
4638
2985
7347
5602
2989
2273
780
1617
153
494
434
1036
44199
3994
4011
745
1291
3949
5064
1210
260
2571
6218
1120
1042
1200
593
4369
858
4121
5449
3948
6287
104
1610
2959
26585
132046
3265
7022
778
1729
5782
5608
3793
79132
4226
293
27611
70286
72998
135518
1219
2529
1250
2542
48780
47
122886
109487
1079
62849
1704
107999
74458
296
4995
68319
27773
3703
1732
34405
94777
1258
2019
1211
1957
4103
1273
3679
4262
1197
4326
8128
1376
1517
1954
1172
3811
5747
3111
5198
150
2068
3629
1283
7243
954
8125
541
3022
41997
52281
134853
3114
2936
109249
115617
48394
2424
3546
628
59725
520
529
88125
1997
587
2288
1242
1358
661
1259
68954
904
8636
27592
2942
5662
377
30745
8533
31658
52885
58559
67997
8188
6942
5
186
236
246
6713
300
337
1639
6863
45720
350
65514
357
1635
2692
1801
1900
8369
106918
1256
55247
3676
106473
3260
3361
3751
3785
3893
3978
4016
4041
4306
44191
4351
4641
4701
4823
4890
5135
5349
78349
2361
1956
117533
2004
2012
2085
2369
2396
1088
1028
2700
3052
3113
6953
4322
107649
77455
60072
6281
47099
40148
6016
5812
5481
5377
1
78499
232
1089
3300
5507
5219
4069
3882
3809
3301
3275
69640
3257
2641
2359
1061
80551
2082
7373
8861
8928
27904
37733
60684
63992
66097
66934
68157
69526
69712
71057
46970
47640
6985
7361
104841
8972
3030
100365
2968
1199
130682
111624
8623
2174
45950
7458
37729
35957
34162
32892
7478
1955
4467
4911
5909
47465
4388
1131
64957
48711
4189
4612
6683
6986
27255
121231
52319
608
5445
44555
5618
1080
318
7161
5299
4973
4018
1265
1176
64969
33794
50
35836
32025
31221
7376
4721
8464
26614
26662
34321
46578
56367
68358
93040
95441
97938
106696
109374
118997
54290
40614
111
247
1721
31878
5971
8528
741
78209
76251
61024
55820
52973
2502
26554
1103
36401
8865
6754
104283
82461
924
1274
2924
2997
3996
4993
5902
5952
6350
6539
6857
7090
7153
7844
8795
8874
8961
63131
599
3176
97752
97304
96832
96811
96728
96610
96588
96417
95761
95558
95449
95135
94969
94959
94931
91077
90866
90531
97673
97921
90376
97923
105504
105355
105197
103688
103624
103449
103372
103107
102469
102194
101895
101525
101285
99149
99114
98961
98154
90439
90057
70293
81562
80463
79242
78653
78574
78039
74545
74324
73023
72741
72720
72395
72226
72176
72131
72011
71745
71464
80489
81591
89804
81786
89759
89492
89470
89260
88810
88235
88129
87304
86833
86320
85394
83976
82463
82459
82313
81932
81845
106100
106766
106916
144172
142488
141749
140725
140715
140174
139642
139385
137337
134881
134859
134130
133771
133645
132800
132549
132547
132458
143385
146656
106920
148482
111931
111384
82152
66203
47044
138610
164979
164977
163949
163056
161582
161336
160954
158783
156387
155064
148626
131796
128606
128512
128360
114254
113064
112852
112556
112552
112550
112515
112290
112183
112070
111622
111505
111251
111249
110871
107636
107141
114342
114459
114662
123663
128235
127212
127206
127144
127114
127108
123695
122882
115139
118880
118700
117176
116797
116161
115713
115569
71108
69481
3707
5956
6874
6830
6783
6643
6515
6433
6229
5795
6983
5791
5464
5289
5169
4928
4763
4712
6981
7195
26151
8584
25927
25805
67665
8766
8765
8751
8645
8494
7335
8236
8207
8195
8154
7926
7792
7438
4437
4327
3947
1153
1935
1572
1281
1272
1260
1232
1209
946
3789
914
757
146501
53318
39421
7155
5984
1942
2109
2178
2182
3742
3671
3634
3632
3539
3498
3415
3384
3089
2927
2920
2857
2747
2730
2202
26150
8767
26366
56015
57669
56805
56788
56782
56607
56286
56152
55946
55052
55442
55363
55280
55276
55269
55118
55069
58191
58879
60069
60766
67429
67255
67087
66665
64839
64701
64622
64620
64614
63876
63082
61357
61323
61240
61236
55063
55253
54881
42217
47629
54513
47423
47274
46723
46664
45210
45028
41863
48696
41585
40819
40629
39183
38304
37741
34517
31770
48516
339
48738
52579
54286
54272
53953
53894
53123
53000
52967
52241
48774
51540
50068
49917
49824
2028
1059
215
306
2677
1245
319
364
2330
3246
588
