588
319
306
3246
364
2677
2330
1245
357
377
296
2028
215
293
778
1729
1089
68157
2959
2542
1079
3175
3160
2989
2985
2600
2329
2273
1617
434
8781
780
5602
4638
4223
4023
3916
153
494
7347
3499
1732
44199
1036
3994
858
246
1610
1200
1120
1042
587
593
4121
150
47
745
4011
3949
5064
1291
3793
6218
3114
88125
2288
5608
2424
27592
4226
1258
130682
27773
48394
1219
2529
1997
48780
62849
1704
66097
74458
4995
79132
109374
1080
1256
115617
118997
247
134853
54290
40614
111
8188
1639
3546
5662
6713
30745
31658
52885
58559
67997
5
186
236
300
6287
529
628
661
904
1059
1242
1250
1259
1358
1376
1517
1635
1801
1954
1956
2004
350
2369
2012
3676
77455
60072
47099
40148
6016
1
117533
2361
1900
94777
78349
70286
8369
106918
55247
78499
4322
1028
64969
53318
39421
7155
5984
3707
3176
63131
1088
59725
45720
8533
6942
6863
2942
5449
106473
2085
44191
4306
4041
4016
3978
3893
3785
3751
3361
3260
3113
3052
2700
2692
2396
106696
4351
4369
4641
6281
3703
107649
68954
65514
8636
6953
5812
4701
5481
5377
5349
5135
4890
4823
109249
135518
97938
5618
5507
5219
4069
3882
3809
3301
3300
3275
3257
2641
2359
1061
80551
2082
104841
7373
8861
8928
69712
44555
7361
6985
47640
46970
71057
69526
27904
68319
66934
63992
60684
37733
34405
69640
8972
7458
100365
2968
1199
111624
107999
8623
2174
45950
4911
37729
35957
34162
32892
7478
1955
4467
5909
5445
6986
608
52319
121231
109487
260
27255
6683
47465
4612
4189
48711
64957
1131
4388
3030
5971
95441
82461
1176
318
232
50
35836
31221
7376
4721
122886
1721
33794
31878
26585
26554
8961
1210
1265
2068
27611
93040
72998
68358
56367
46578
34321
26662
3948
26614
8464
7161
5299
4973
4018
8874
8795
7844
2502
78209
76251
61024
55820
52973
8528
1103
924
104
36401
8865
6754
132046
104283
741
1274
7153
5902
7090
7022
6857
6539
6350
5952
5782
2019
4993
3996
3265
2997
2924
2571
32025
599
541
94969
96728
96610
96588
96417
95761
95558
95449
95135
94959
89492
94931
91077
90866
90531
90439
90376
90057
89804
96811
96832
97304
97673
103688
103624
103449
103372
103107
102469
102194
101895
101525
101285
99149
99114
98961
98154
97923
97921
97752
89759
89470
105355
72176
78039
74545
74324
73023
72741
72720
72395
72226
72131
89260
72011
71745
71464
71108
70293
69481
67665
67429
78574
78653
79242
80463
88810
88235
88129
87304
86833
86320
85394
83976
82463
82459
82313
81932
81845
81786
81591
81562
80489
105197
105504
146501
134881
142488
141749
140725
140715
140174
139642
139385
137337
134859
128512
134130
133771
133645
132800
132549
132547
132458
131796
143385
144172
146656
148482
111931
111384
82152
66203
47044
138610
164979
164977
163949
163056
161582
161336
160954
158783
156387
155064
148626
128606
128360
106100
111622
112852
112556
112552
112550
112515
112290
112183
112070
111505
128235
111251
111249
110871
107636
107141
106920
106916
106766
113064
114254
114342
114459
127212
127206
127144
127114
127108
123695
123663
122882
118880
118700
117176
116797
116161
115713
115569
115139
114662
67255
67087
66665
4928
5956
5795
5791
5747
5464
5289
5198
5169
4763
3742
4712
4437
4327
4326
4262
4103
3947
3811
6229
6433
6515
6643
8236
8207
8195
8154
8128
8125
7926
7792
7438
7335
7243
7195
6983
6981
6874
6830
6783
3789
3679
64839
1232
1942
1935
1572
1283
1281
1273
1272
1260
1211
3671
1209
1197
1172
1153
954
946
914
757
1957
2109
2178
2182
3634
3632
3629
3539
3498
3415
3384
3111
3089
3022
2936
2927
2920
2857
2747
2730
2202
8494
8584
8645
55118
56015
55946
55442
55363
55280
55276
55269
55253
55069
8751
55063
55052
54881
54513
54286
54272
53953
53894
56152
56286
56607
56782
64701
64622
64620
64614
63876
63082
61357
61323
61240
61236
60766
60069
58879
58191
57669
56805
56788
53123
53000
52967
31770
41585
40819
40629
39183
38304
37741
34517
26366
52579
26151
26150
25927
25805
8767
8766
8765
41863
41997
42217
48696
52281
52241
51540
50068
49917
49824
48774
48738
48516
45028
47629
47423
47274
46723
46664
45210
339
520
337
