1089
2989
7347
2329
2600
2985
3160
3175
3499
3916
780
4023
4223
1617
5602
4638
153
434
8781
1358
2273
494
608
260
4011
1103
350
4041
52973
44199
68157
40148
1036
3994
745
1291
5064
3809
55820
3949
62849
37733
3882
6218
4973
293
109249
8928
296
46578
109374
4226
2692
2019
2068
48780
122886
107999
68319
3703
134853
115617
8636
1259
1153
337
946
357
377
520
529
587
628
661
904
1059
1242
914
53318
1376
1517
1635
1639
1801
1954
1956
2004
2012
757
2085
2369
2396
300
236
186
5
1572
1281
54290
40614
111
247
1080
1272
1260
1219
1256
2288
2529
3546
5662
1232
6287
6713
8188
1209
27592
27773
30745
31658
52885
58559
67997
146501
39421
65514
4369
3113
3114
106473
3260
3361
3751
3785
3893
3978
4016
44191
4306
4351
4641
7155
4701
4823
4890
5135
5349
107649
88125
5377
5481
5812
6281
68954
6953
3676
5449
3052
2700
5984
3707
3176
64969
63131
59725
45720
8533
6942
6863
2942
1997
1088
1028
4322
77455
60072
47099
6016
5608
117533
2361
1900
78349
8369
106918
55247
599
50
118997
4069
5445
7458
8972
69640
104841
2082
80551
1061
2359
2641
3257
3275
3300
3301
5219
121231
5507
7373
8861
27904
60684
63992
66097
66934
69526
69712
71057
46970
47640
6985
52319
4995
106696
2968
1955
7478
32892
34162
35957
37729
45950
100365
150
2174
8623
111624
130682
1199
4467
1704
4911
5909
47465
4388
1131
64957
74458
48711
4189
4612
6683
6986
27255
1258
7361
44555
3030
1176
26554
26585
31878
33794
1721
4721
7376
31221
32025
35836
47
1942
232
318
1265
5618
2424
3948
4018
5299
7161
8464
26614
26662
34321
56367
68358
93040
95441
97938
8961
8874
8795
7844
5971
82461
104283
6754
8865
36401
104
2502
8528
61024
76251
78209
741
924
1274
2924
2997
3265
3996
4993
5782
5902
5952
6350
6539
6857
7022
7090
7153
1935
339
69481
96610
89260
140715
88810
88235
88129
87304
86833
86320
85394
83976
82463
82459
82313
81932
81845
81786
81591
89470
89492
89759
94959
96417
95761
139642
95558
95449
95135
94969
140174
89804
94931
91077
90866
90531
90439
90376
90057
81562
80489
80463
64620
67255
67087
66665
64839
64701
64622
141749
64614
67665
63876
63082
61357
61323
61240
61236
132547
67429
140725
79242
72720
78653
78574
78039
74545
74324
73023
72741
72395
70293
72226
72176
72131
72011
71745
71464
71108
96588
96728
58879
96811
115713
115569
115139
114662
114459
114342
114254
113064
112852
112556
112552
112550
112515
112290
112183
112070
111622
116161
116797
117176
127206
132458
131796
128606
128512
128360
128235
127212
127144
118700
127114
127108
132800
123695
123663
122882
118880
111505
111251
111249
97921
99149
99114
98961
133771
98154
97923
134130
134859
101525
134881
137337
97752
139385
97673
97304
96832
101285
101895
110871
105504
107636
107141
106920
106916
106766
106100
133645
105355
102194
105197
103688
103624
103449
103372
103107
102469
60069
60766
58191
4712
6515
6433
6229
5956
5795
5791
148482
5464
5289
148626
155064
156387
158783
5169
4928
6643
6783
6830
146656
8494
8236
8207
8195
8154
144172
57669
6874
7792
7438
7335
7195
6983
6981
4763
4437
8645
4327
138610
2927
2920
47044
2857
66203
82152
2747
111384
2730
111931
2202
2182
2178
2109
164979
3089
164977
3742
160954
161336
161582
3947
163056
3789
163949
3384
3671
3634
3632
3539
3498
3415
8584
7926
8751
49917
55063
55052
54881
54513
54286
54272
53953
53894
53123
8765
53000
52967
52579
52241
51540
55069
55118
55253
56152
56805
56788
56782
56607
142488
56286
56015
55269
55946
143385
55442
55363
55280
55276
50068
132549
49824
34517
41863
48774
40819
40629
39183
38304
37741
31770
45028
26366
26151
26150
25927
25805
8767
8766
42217
41585
45210
46723
47629
48738
47423
48696
47274
48516
46664
94777
34405
48394
215
1250
41997
52281
2330
2677
1245
306
319
3246
588
364
109487
78499
1210
1
246
2936
72998
70286
1283
3629
7243
2028
954
3022
541
8125
135518
3793
2542
27611
79132
1610
1042
858
4121
593
1120
1200
132046
1732
1079
2571
1211
1197
3679
1172
1273
3111
4326
3811
4103
4262
5198
8128
1957
5747
2959
778
1729
