296
1089
1729
778
2692
2542
745
3114
2396
111
780
4638
4223
1617
2273
2329
3175
3160
2600
494
3499
2985
2989
7347
1028
434
153
5602
8781
4023
608
1
904
1059
3916
1079
78499
2959
350
4041
52973
1103
44199
68157
1732
1036
4890
3994
150
2361
3809
5064
1291
4226
4011
134853
55820
3949
106473
3882
37733
6218
94777
106696
4973
2424
115617
48780
1258
8928
109249
109374
46578
109487
118997
6539
66934
3789
2857
1209
914
4327
1358
661
357
1265
8154
318
2571
3634
599
79132
132046
3361
27611
5299
5971
135518
111384
121231
70286
111624
60684
72998
1061
55247
34321
8874
2068
35836
31878
63131
1210
7161
27773
6942
46970
56367
64969
6350
6863
260
114342
114254
113064
54290
40614
114459
1256
247
112556
1080
112552
1219
112852
50
114662
2288
2529
3546
26554
5662
6287
6713
8188
27592
8961
30745
31658
112550
97938
115139
4721
118880
47
1176
32025
118700
31221
117176
3948
7376
116797
116161
122886
232
8464
26614
26662
52885
1721
33794
115569
68358
26585
93040
95441
115713
246
58559
107141
4823
4701
4641
4369
4351
4306
4016
67997
3978
3893
3785
107636
3260
110871
106920
5135
5349
5377
5481
5812
6281
6953
8636
65514
68954
88125
107649
99114
44191
106916
3676
3113
3052
111249
112070
5
186
236
7844
300
337
112515
112290
377
520
529
587
628
112183
111622
111251
1242
1250
1259
111505
1376
1517
1635
1639
1801
1954
1956
2004
2012
2369
8795
99149
7153
104841
3257
2641
2359
163949
80551
2082
69640
3300
8972
7458
5445
164977
52319
164979
3275
3301
69526
27904
156387
158783
66097
63992
160954
34405
161336
163056
8861
7373
5507
5219
4069
161582
138610
47044
4995
100365
1199
130682
107999
8623
2174
111931
45950
66203
37729
35957
34162
32892
7478
1955
2968
4467
4911
5909
47465
4388
1131
64957
74458
48711
4189
4612
6683
6986
27255
82152
1704
68319
69712
7090
128512
127114
127144
127206
127212
128235
128360
128606
123695
131796
132458
132547
132549
132800
133645
127108
741
71057
4993
7022
6857
5449
5952
5902
5782
3996
924
3265
2997
2924
123663
2019
1274
133771
134130
134859
82461
104
36401
8865
6754
148626
104283
155064
134881
5618
3030
44555
7361
6985
47640
148482
2502
8528
146656
144172
61024
76251
78209
143385
142488
141749
140725
140715
140174
139642
139385
137337
122882
339
106918
55946
56788
56782
56607
56286
56152
56015
55442
57669
55363
55280
55276
55269
55253
55118
56805
58191
55063
63876
66665
64839
64701
64622
64620
64614
63082
58879
61357
61323
61240
61236
60766
60069
55069
55052
67255
45028
47629
47423
47274
46723
46664
45210
42217
48696
41863
41585
8369
40629
39183
38304
48516
48738
54881
53000
54513
54286
54272
53953
53894
53123
52967
48774
52579
52241
51540
50068
49917
49824
67087
67429
34517
90376
94959
94931
91077
90866
90531
90439
90057
95135
89804
89759
89492
89470
89260
88810
94969
95449
88129
97304
98961
98154
97923
97921
97752
97673
96832
95558
96811
96728
96610
96588
96417
95761
88235
87304
67665
72176
74324
73023
72741
72720
72395
72226
72131
78039
72011
71745
71464
71108
70293
69481
74545
78574
86833
81932
86320
85394
83976
82463
82459
82313
81845
78653
81786
81591
81562
80489
80463
79242
37741
40819
31770
1957
946
1153
1172
1197
103107
1211
1232
1260
1272
1273
1281
1572
1935
1942
2109
757
2178
2182
2202
2730
2747
102469
2920
2927
26366
3111
3384
3415
3498
3539
103372
146501
102194
62849
78349
106766
1900
106100
117533
105504
105355
105197
103688
5608
6016
40148
47099
60072
77455
53318
103624
4322
103449
1088
1997
2942
8533
45720
59725
3176
3707
5984
7155
39421
3632
3089
3671
8128
6229
6433
3679
6643
6783
6830
6874
6981
6983
7195
7335
7438
7792
7926
101285
5795
8195
8207
8236
8494
8584
8645
8751
8765
8766
8767
25805
25927
26150
26151
5956
6515
5169
5289
4763
4712
4437
101525
5198
5464
4326
5747
4262
4103
5791
3947
3811
101895
3742
4928
293
3703
4018
215
48394
4121
1042
1120
1200
858
1610
593
3751
2085
2936
364
3246
1245
588
319
2677
2330
306
41997
52281
541
8125
3022
954
3793
1283
7243
3629
2028
2700
