2959
4226
5608
1729
778
1273
1197
1211
1957
3111
3679
3811
4103
4262
4326
5198
5747
8128
1172
1219
296
1732
1704
5464
7438
6874
50068
5791
55280
8645
2542
55069
55442
3949
47
4973
1258
111
55363
44555
61236
61240
1079
48394
41997
52281
8154
6016
1209
3789
914
4327
2857
4995
318
4011
48780
7361
2361
62849
3634
79132
49917
49824
48696
48774
48738
41863
47629
46723
45028
45210
48516
47423
2529
6539
1089
6985
1042
1120
1200
4121
858
593
1610
599
5782
1265
4351
50
3176
26614
904
2571
2692
68954
6942
38304
40819
40629
39183
37741
2997
44199
46578
27773
26585
5299
47099
93040
3809
88125
40148
6218
69640
55247
111624
3793
8874
3361
26554
52241
51540
55276
56805
55052
55253
55118
56152
55269
56286
56607
56782
56788
52967
54272
54881
54513
54286
53894
53123
53000
68157
7792
47274
26366
8207
3275
377
3384
3947
1080
1272
2109
2178
8464
3498
3671
8961
628
4928
4437
6229
4712
1036
247
34321
293
109249
56367
608
118997
5971
2730
53318
132046
35836
6350
27592
8928
121231
109374
94777
3265
7022
111384
1176
1061
66097
3629
7243
1283
1721
63131
31878
2288
27611
7161
2068
46970
2028
135518
105504
106696
64969
27904
115617
100365
541
954
3022
8125
70286
4018
5618
106918
109487
1028
78349
60684
59725
117533
63992
64957
130682
1635
1059
1242
80551
1358
1376
2082
140174
1639
1801
1956
104841
161336
2085
2369
2396
1954
160954
103624
156387
58559
67997
5
186
3300
78209
246
3257
661
2641
2359
105355
520
529
158783
56015
139385
161582
2700
102469
5812
134130
27255
6986
8636
6683
103107
107649
5377
106473
3676
5449
102194
133645
8369
133771
66203
47044
3052
134881
31658
3751
137337
52319
3893
163056
4016
163949
5135
103372
138610
4641
134859
4701
4823
4890
52885
30745
104283
132800
8865
148626
122882
118880
118700
4721
7376
31221
32025
117176
116797
116161
232
115713
115569
115139
114662
146656
127114
6857
128512
82461
6754
128606
741
3030
1274
141749
142488
144172
128360
47640
143385
71057
69712
69526
127206
7373
5219
36401
106920
155064
111505
111249
110871
3301
107141
1256
101895
111622
106766
3546
5662
6287
6713
8188
106100
54290
76251
104
112556
114459
114342
114254
113064
112852
2502
26662
112550
112183
112515
68358
4069
112290
95441
97938
61024
106916
105197
1900
8236
7335
80489
80463
7926
79242
78653
8195
78574
45950
7195
37729
78039
8751
8765
8766
8767
25805
35957
81562
6981
26151
8623
86320
85394
83976
4763
101525
5169
82459
5289
81932
81591
81845
5795
81786
6433
6515
6643
6783
6830
26150
74545
87304
63082
66665
64839
64701
64622
64620
52579
64614
63876
61357
67255
53953
61323
60766
60069
58879
58191
55063
57669
67087
67429
31770
7478
34162
74324
73023
32892
72720
72395
41585
72226
42217
67665
72131
72011
1955
71745
71464
71108
70293
69481
86833
82463
88129
1232
4189
1153
97923
96588
88235
48711
1260
94959
95558
95449
1131
95135
82152
47465
97921
96728
757
60072
97752
146501
96811
39421
7155
5984
3707
77455
97304
45720
8533
97673
2942
94969
1572
94931
101285
3415
99114
90057
111931
99149
89804
89759
98961
4612
89492
89470
3742
89260
88810
90439
90376
4322
4911
91077
2182
98154
5909
90866
90531
1088
34405
215
112552
2174
6863
2330
2677
306
1245
319
364
588
3246
1250
8861
68319
55820
44191
2968
33794
107999
1997
122886
3703
134853
4467
111251
96832
96610
78499
5064
1291
37733
3882
1199
8972
7458
5445
339
103449
3948
95761
96417
1
6953
132547
6281
5481
5349
5956
4369
1259
587
2012
2004
1517
103688
8494
357
337
300
1210
745
65514
3114
74458
236
2936
2273
1617
4023
4223
434
153
3175
780
3499
3916
3160
8781
2989
494
2985
2600
2329
4638
5602
7347
127108
350
1103
52973
4041
150
25927
46664
3996
2924
7844
7090
2920
72741
164977
164979
72176
34517
2747
8584
82313
3539
107636
55946
140725
127212
127144
128235
148482
123695
123663
140715
112070
131796
132458
132549
139642
924
6983
1942
3632
3089
2927
2202
1935
946
2424
260
1281
8528
4306
3978
3260
5902
2019
72998
8795
4993
3785
3113
7153
5952
66934
3994
5507
40614
4388
