3175
3499
494
5602
4223
4023
780
3916
1617
434
3160
2989
2985
2600
2273
2329
7347
4638
8781
153
745
2936
2028
1245
2677
364
306
3246
2330
319
588
2202
6983
2927
1935
946
1942
3632
3089
3022
541
954
8125
2396
3111
4103
904
3811
5747
4262
3679
1199
4326
1358
8128
1197
1211
1273
5198
1
1957
1172
1265
44199
2571
260
78499
1036
2920
3994
1281
293
46664
25927
4467
7243
3629
1283
5064
1291
4011
6218
3114
3949
215
4890
2968
60684
44191
79132
134853
115617
132046
3809
2068
5299
4973
5971
27611
111624
55247
34321
135518
8874
118997
2019
35836
31878
63131
109374
7161
6539
6942
46970
56367
64969
4018
6863
109249
66934
109487
1079
1732
2529
4121
1721
1042
858
1610
1200
1120
593
924
2959
778
1729
72741
164977
140725
55946
72176
164979
148482
132549
140715
123695
34517
8584
107636
112070
3539
82313
123663
2747
127144
128235
131796
132458
139642
127212
5902
3978
3260
3793
33794
60072
50
26614
41997
52281
7153
5952
127108
59725
8861
2424
2542
48780
48394
62849
46578
4226
2361
63992
70286
74458
72998
296
8928
4995
53318
111
2082
3257
3275
7458
5481
8972
5812
69640
2641
80551
2359
104841
6281
6953
8636
1061
5377
7478
5349
3300
3361
3751
3785
3893
27904
4016
4306
7373
4351
4369
4641
4701
4823
5507
5219
4069
3301
5135
5445
65514
88125
68954
52319
1900
5909
4911
130682
8623
2174
47099
117533
150
100365
40148
45950
37729
35957
34162
5608
6016
78349
47465
4388
3676
121231
1955
32892
107649
1704
27255
6986
6683
1131
4612
4189
5449
48711
106918
64957
8369
32025
3052
3113
1089
2924
78209
76251
61024
54290
40614
247
8528
1080
1219
106696
1256
2502
104
36401
3546
5662
6287
6713
8188
2997
97938
31221
8795
7376
232
318
1176
4721
26585
26554
3948
8961
7844
95441
7090
8464
7022
5782
4993
3996
3265
68358
93040
27592
30745
31658
71057
6985
1376
1517
47640
1635
1639
1801
1954
1956
69712
58559
2004
2012
2085
2369
69526
68157
66097
2692
2700
1259
1242
1059
7361
67997
5
8865
186
6754
236
82461
246
300
337
357
377
520
529
3030
587
628
661
44555
77455
599
4322
90866
95558
95449
95135
94969
94959
94931
91077
90531
66665
90439
90376
90057
89804
89759
89492
89470
95761
96417
96588
96610
101895
101525
101285
99149
99114
98961
98154
97923
97921
97752
97673
97304
96832
96811
96728
89260
88810
88235
78039
74324
73023
72720
72395
72226
72131
72011
71745
1028
71108
70293
69481
67665
67429
67255
74545
78574
88129
78653
87304
86833
86320
85394
83976
82463
82459
81932
81845
81786
81591
81562
80489
80463
79242
102194
102469
103107
143385
141749
140174
139385
137337
134881
134859
134130
133771
133645
132800
132547
128606
128512
128360
127206
142488
144172
122882
146656
111931
111384
82152
66203
47044
138610
163949
163056
161582
161336
160954
158783
156387
155064
148626
127114
118880
103372
112183
111505
111251
111249
110871
107141
106920
106916
106766
106100
105504
105355
105197
103688
103624
103449
111622
112290
118700
112515
117176
116797
116161
115713
115569
115139
114662
114459
114342
114254
113064
112852
112556
112552
112550
67087
71464
31770
6643
7438
7335
7195
6981
6874
6830
6783
6515
40629
6433
6229
5956
5795
5791
5464
5289
7792
7926
8154
8195
38304
37741
64839
26366
26151
26150
25805
8767
8766
8765
8751
8645
8494
8236
8207
5169
4928
4763
1260
1209
1153
914
757
146501
39421
7155
5984
3707
3176
45720
8533
2942
1997
1088
1232
1272
4712
1572
4437
4327
3947
3789
3742
3671
3634
3498
3415
3384
2857
2730
2182
2178
2109
39183
339
55063
58879
52967
53000
53123
53894
53953
54272
54286
54513
54881
60766
55052
60069
55069
55118
56788
55253
55269
55276
55280
55363
55442
56015
58191
56152
56286
56607
57669
56805
52579
52241
61236
47423
40819
41585
64701
41863
64622
42217
45028
64620
64614
45210
63876
46723
61240
47274
63082
47629
48516
61357
61323
48696
48738
48774
49824
49917
50068
51540
56782
3703
94777
68319
122886
34405
1258
47
27773
1250
106473
37733
3882
55820
6350
5618
608
1210
26662
2288
4041
1103
52973
350
107999
52885
6857
104283
741
1274
