3175
4638
780
2329
494
434
2600
153
2985
2989
3160
3499
3916
4023
2273
4223
1617
5602
7347
8781
4011
2959
5952
7153
4993
8795
44199
293
778
1729
296
1291
5064
3949
1036
1210
260
318
2542
2019
6287
1172
4262
4103
3811
3679
4326
104
1211
1242
8128
50
5198
5449
26614
5747
1957
3111
1273
1197
3994
6539
745
306
319
364
588
2330
1245
2677
3246
1079
4226
1704
4995
2028
5608
8207
2109
6229
7792
4928
47274
1272
26366
4712
3498
3947
2178
4437
3671
3384
5902
3978
3260
1
5377
1732
3361
924
62849
69640
2730
78499
2529
2571
132046
215
48780
1089
40148
1028
79132
1219
41997
52281
47
2692
132549
72741
140715
139642
50068
132458
131796
2747
2174
127212
5791
128235
2502
2857
140725
72176
55946
3539
148482
3789
55280
34517
164977
4327
164979
127144
123663
123695
7090
1259
1517
6874
2700
3052
3751
4306
5481
7438
3948
8154
7844
5464
8584
107636
1209
82313
2924
914
2997
3996
112070
8645
4322
134853
1250
27773
7243
3629
1283
3634
70286
55363
55442
55069
31878
27611
3703
599
61236
61240
5782
122886
109487
127108
3265
7022
115617
48394
1281
106696
68157
107999
1258
2396
74458
26554
7361
135518
541
8125
954
3022
93040
232
94777
33794
109249
72998
111384
121231
65514
608
2936
68319
3809
1061
68954
34405
105504
8874
107649
4018
46578
2361
112552
1176
4973
118997
8928
1088
53318
56367
109374
66934
5299
5445
111
6863
2068
34321
35836
103688
31221
32025
112556
106916
1274
112515
112852
103624
741
113064
114254
114342
112550
111622
112290
112183
106100
106920
8961
107141
26585
105355
103449
6857
110871
111249
1721
105197
4721
111251
111505
7376
106766
55052
102469
103372
186
8188
27592
97752
30745
31658
52885
58559
67997
5
97673
97921
236
246
300
337
350
357
377
520
54881
6713
5662
103107
101285
8464
114662
26662
102194
68358
95441
97938
101895
101525
54290
3546
247
99149
1080
99114
98961
1256
98154
2288
97923
114459
118700
115139
115569
47044
138610
163949
163056
161582
161336
160954
158783
52319
7458
8972
156387
104841
2082
80551
155064
2359
2641
3257
3275
3300
3301
3882
4069
5507
27255
6986
6683
1199
1955
7478
32892
34162
35957
37729
45950
100365
111931
8623
130682
2968
4612
4467
4911
5909
47465
82152
4388
1131
64957
66203
48711
4189
7373
8861
27904
132547
76251
78209
140174
139385
137337
134881
134859
134130
133771
133645
132800
128606
55820
128512
128360
127206
127114
122882
118880
628
117176
116797
116161
115713
61024
52973
37733
44555
148626
60684
63992
66097
146656
69526
69712
71057
47640
6985
144172
3030
8528
5618
5971
82461
104283
143385
6754
8865
36401
142488
1103
141749
587
529
661
60766
64839
64701
64622
64620
64614
4763
63876
5169
63082
5289
61357
61323
5795
1942
5956
60069
6433
6515
6643
6783
6830
58879
6981
6983
7195
58191
66665
67087
67255
67429
78653
78574
904
2182
2202
74545
74324
73023
72720
72395
2920
2927
3089
72226
72131
72011
3415
71745
71464
71108
3632
70293
69481
67665
3742
7335
57669
56805
42217
45210
46664
46723
55253
47423
47629
48516
48696
48738
48774
49824
49917
55118
51540
52241
55063
52579
52967
53000
53123
53894
53953
54272
54286
54513
45028
55269
7926
41863
56788
56782
8195
56607
8236
8494
56286
56152
8751
8765
8766
8767
25805
25927
26150
26151
56015
31770
55276
37741
38304
39183
40629
40819
41585
79242
78039
339
1954
5349
94931
91077
5812
6281
6953
8636
88125
90866
44191
1376
3676
90531
55247
106918
8369
90439
78349
1358
1935
1900
96811
117533
90376
90057
5135
96728
4823
95558
1956
2004
2012
2085
2369
96610
96588
96417
95761
3113
1639
95449
4701
95135
3785
3893
94969
4016
4041
94959
4351
4369
1635
4641
89804
89759
89492
39421
86833
6016
85394
146501
757
83976
946
1153
82463
82459
81932
81845
1232
1059
81786
1260
81591
81562
80489
80463
1572
87304
86320
7155
2942
89470
47099
60072
89260
77455
88810
88235
88129
1997
1801
45720
96832
5984
8533
3707
97304
59725
593
4121
1610
1200
1120
1042
858
6350
64969
46970
7161
63131
2424
4890
106473
1265
150
6218
3793
111624
40614
3114
3176
6942
5219
