82463
67255
74324
74545
78039
81932
78574
82459
79242
80463
80489
81562
81591
81845
78499
88125
66203
260
1
77455
48394
97304
95558
96588
96728
96811
97752
99149
97921
97923
98154
98961
101525
99114
78209
94959
95135
95449
94931
134853
96610
96832
66097
47
97938
2019
1210
122886
107999
68319
2068
3703
4993
8795
5952
7153
8533
76251
88810
83976
85394
86320
86833
78653
87304
88129
88235
90057
91077
89804
89470
90866
89492
89759
90531
90439
90376
89260
71464
73023
71108
72720
72395
72226
72131
72011
66665
67087
69481
71745
70293
45720
5377
67665
81786
5902
3978
3260
4388
924
67997
232
82461
2641
69526
7373
68157
70286
1376
2004
52885
58559
1954
5
186
215
236
246
300
337
350
357
377
520
529
587
1639
628
661
904
1635
2012
1517
1059
1242
1250
1801
1259
1358
1956
2369
2085
4322
319
306
53318
5984
3176
1997
60072
541
47099
40148
6016
5608
2542
778
364
588
30745
1209
1273
1272
1260
1245
1232
1211
1197
146501
1172
1153
954
946
914
757
117533
2361
1900
3785
4369
4351
4306
4041
4016
3893
3751
8369
3361
3113
3052
2700
2692
2396
4641
4701
4823
4890
5135
5481
5812
6281
6953
8636
65514
68954
107649
44191
3676
5449
106918
31658
599
27592
5507
8972
104841
2082
80551
1061
2359
3257
3275
3300
3301
3882
5219
8861
8188
27904
34405
37733
63992
69712
71057
47640
6985
7361
44555
3030
5618
7458
5445
52319
121231
1955
7478
32892
34162
35957
37729
45950
100365
2174
8623
130682
1199
2968
4467
4911
5909
47465
296
1131
48711
4189
4612
6683
6986
27255
104283
6754
8865
26585
1721
4721
7376
31221
32025
50
318
3948
8464
26614
26662
68358
95441
54290
111
247
1080
1089
1219
1256
1729
2288
5662
6287
6713
33794
26554
36401
8961
104
1103
2502
8528
52973
593
858
1042
1120
1200
1610
3793
4121
741
1274
2924
2997
3265
3996
5782
6857
7022
7090
1283
7844
1281
339
1572
139642
53953
137337
134881
134859
134130
133771
133645
132800
132549
132547
132458
131796
128606
128512
128360
55280
128235
55363
127212
127206
127144
127114
127108
139385
140174
55946
140715
41585
41863
41997
42217
45028
45210
46664
46723
47274
47423
47629
48516
48696
48738
48774
49824
49917
50068
142488
141749
52281
52579
140725
123695
56015
103107
111251
110871
107636
107141
106920
106916
106766
106100
105355
105197
103688
103624
72176
72741
82313
94969
103449
103372
95761
96417
97673
101285
101895
102194
111249
111505
123663
111622
122882
118880
118700
117176
116797
116161
115713
115569
115139
114662
114459
114342
114254
113064
112852
112556
112552
1935
112550
112515
112290
112183
112070
40819
40629
39183
138610
164977
3539
3629
163949
163056
161582
3632
161336
160954
3634
3671
3679
158783
3742
3789
3811
3947
4103
156387
4262
4326
4327
4437
164979
3498
38304
47044
1942
1957
2028
2109
2178
2182
2202
2330
2677
2730
2747
2857
2920
2927
2936
3022
3089
3111
3246
3384
111931
111384
3415
4712
4763
155064
148626
7926
8125
8128
8154
8195
8207
8236
8494
8584
8645
143385
8751
8765
8766
8767
25805
25927
26150
26151
26366
31770
34517
37741
7792
7438
7335
5956
4928
5169
5198
148482
5289
5464
146656
5747
5791
5795
6229
7243
6433
6515
6643
6783
6830
6874
6981
144172
6983
7195
102469
135518
27611
132046
109487
6863
4018
55247
64969
94777
46970
7161
63131
55820
1176
105504
59725
1704
55069
55442
115617
3707
2571
39421
55118
55052
56805
54881
54513
54286
56788
55276
55269
56607
56152
55253
53894
53123
53000
52967
52241
56782
54272
56286
51540
27773
7155
60684
4995
61024
78349
1088
72998
106696
79132
62849
1258
64957
66934
2959
6942
1732
69640
2529
4226
61236
61240
109374
293
46578
3546
74458
8928
6350
48780
93040
3949
35836
40614
55063
57669
61323
64622
64620
64614
63876
64839
64701
63082
67429
58191
61357
58879
60069
60766
82152
5349
4069
2942
34321
118997
1291
5064
1028
1079
5971
2424
1036
31878
109249
6218
44199
4011
6539
3809
5299
8874
56367
1265
608
111624
106473
3994
3160
3175
153
434
494
8781
7347
5602
780
1617
4638
4223
2273
4023
2600
2985
3916
2989
3499
2329
150
745
3114
4973
