7153
5952
8795
4993
5902
3978
3260
2019
293
924
1259
1250
8874
60072
50
26614
8861
111
2692
7361
8636
3114
2174
2529
745
2677
319
306
1245
2330
3246
364
588
3175
494
2600
153
2985
3916
3499
5602
4023
4223
4638
7347
434
780
2273
8781
2989
1617
2329
3160
4011
2997
4226
5299
2361
48780
2028
150
215
5782
44199
26554
4973
1036
106473
3994
2959
3300
2502
93040
34321
107649
94777
56367
118997
1291
5064
62849
2424
31878
35836
1258
3949
112552
74458
1210
1265
115617
6539
4995
6863
6218
1088
1089
27773
66934
47
1732
58559
186
5
67997
5662
6713
52885
6287
8188
30745
27592
31658
904
1954
357
1517
1635
628
587
529
520
377
1376
236
350
337
1801
1059
1242
246
661
300
599
1956
77455
6942
2942
1997
1028
4322
78499
47099
45720
40148
6016
5608
2542
778
1
8533
59725
2004
541
1153
954
946
914
757
146501
53318
63131
39421
7155
5984
3707
3176
64969
117533
1900
78349
3785
4369
4351
4306
4041
4016
3893
3361
8369
3113
2700
2396
2369
2085
2012
4701
4823
4890
5135
5349
5377
5481
5812
6281
6953
68954
88125
44191
3676
5449
55247
106918
3546
318
2288
608
7458
8972
69640
104841
2082
80551
1061
2359
2641
3257
3275
3301
3809
3882
4069
5219
5507
7373
8928
27904
34405
37733
48394
60684
63992
66097
68157
68319
69526
5445
52319
71057
121231
1955
7478
32892
34162
35957
37729
45950
100365
8623
107999
111624
130682
1199
2968
4467
4911
5909
47465
296
4388
1131
64957
48711
4189
4612
6683
6986
27255
1704
69712
46970
1729
26585
1721
122886
4721
7376
31221
32025
232
1197
1176
2068
3948
7161
8464
26662
46578
68358
95441
97938
106696
109249
109374
134853
54290
40614
247
1079
1080
1219
1256
33794
8961
47640
6857
6985
44555
3030
5618
5971
82461
104283
6754
8865
36401
104
1103
8528
52973
55820
61024
76251
78209
593
858
1042
1120
1200
1610
3793
4121
741
1274
6350
1172
339
1209
94969
96728
96610
96588
96417
95761
95558
95449
95135
94959
89492
94931
91077
90866
90531
90439
90376
90057
89804
96811
96832
97304
97673
103688
103624
103449
103372
103107
102469
102194
101895
101525
101285
99149
99114
98961
98154
97923
97921
97752
89759
89470
67087
72176
78039
74545
74324
73023
72741
72720
72395
72226
72131
89260
72011
71745
71464
71108
1211
69481
67665
67429
78574
78653
79242
80463
88810
88235
88129
87304
86833
86320
85394
83976
82463
82459
82313
81932
81845
81786
81591
81562
80489
105197
105355
105504
134881
142488
141749
140725
140715
140174
139642
139385
137337
134859
106100
134130
133771
133645
132800
132549
132547
132458
131796
143385
144172
146656
148482
111931
111384
82152
66203
47044
138610
164979
164977
163949
163056
161582
161336
160954
158783
156387
155064
148626
128606
128512
128360
114254
112852
112556
112550
112515
112290
112183
112070
111622
111505
111251
111249
110871
107636
107141
106920
106916
106766
113064
114342
128235
114459
127212
127206
127144
127114
127108
123695
123663
122882
118880
118700
117176
116797
116161
115713
115569
115139
114662
67255
70293
66665
6229
6983
6981
6874
6830
6783
6643
6515
6433
5956
4712
5795
5791
5747
5464
5289
5198
5169
4928
7195
7243
7335
7438
25927
25805
64839
8766
8765
8751
8645
8584
8494
8236
8207
8195
8154
8128
8125
7926
7792
4763
4437
26151
1957
2920
2857
2747
2730
2202
2182
2178
2109
1942
4327
1935
1572
1283
1281
1273
1272
1260
1232
2927
2936
3022
3089
4326
4262
4103
3947
3811
3789
3742
3679
3671
3634
3632
3629
3539
3498
3415
3384
3111
26150
8767
26366
53894
56152
56015
55946
55442
55363
55280
55276
55269
55253
55118
55069
55063
55052
31770
54513
54286
54272
56286
56607
56782
61323
64701
64622
64620
64614
63876
63082
61357
61240
56788
61236
60766
60069
58879
58191
57669
56805
53953
54881
53123
41997
47423
47274
53000
46664
45210
45028
42217
41863
48516
41585
40819
40629
39183
38304
37741
34517
47629
46723
49824
52967
48696
52579
52281
48738
52241
51540
50068
48774
49917
260
109487
65514
3265
7022
7844
7090
3996
2924
72998
70286
135518
3703
27611
79132
4018
132046
1639
1358
3751
4641
3052
2571
