1732
6350
593
4121
1610
541
1200
1120
954
858
1042
8125
3022
7361
5608
2936
1283
3629
7243
1219
3949
2959
2997
2028
3793
4973
111
1258
2361
5782
31658
1080
27773
4226
93040
26554
26662
1704
104283
52885
741
1274
6857
47
1729
778
5299
97938
111384
1079
2068
53318
46578
1265
63131
34321
3809
7161
2288
107999
118997
2542
46970
35836
94777
109249
111624
64969
115617
27592
6539
8874
296
4018
8928
31878
1061
2529
60684
109374
48780
62849
56367
74458
318
6863
4995
608
64957
6942
79132
66934
247
1211
2369
2396
2085
2004
1172
1197
3052
2692
2700
3113
1153
946
3361
757
3751
3785
146501
588
1232
6016
1245
1358
529
587
628
661
904
1059
1242
1250
1259
2109
1957
1942
1260
1935
1376
1517
1635
1639
1801
1572
1281
1273
1954
1272
1956
364
3893
68954
45720
3703
44191
8533
2942
1997
1028
4322
78499
377
77455
3676
5449
55247
106918
8369
70286
78349
60072
1900
47099
117533
1
88125
59725
4016
3176
40148
4306
4351
4369
4641
319
306
4701
4823
4890
5135
5349
5377
5481
5812
39421
6281
7155
6953
8636
65514
5984
3707
520
135518
357
5445
8972
69640
104841
2082
80551
2359
2641
3257
3275
3300
3301
4069
5219
5507
7373
8861
27904
34405
48394
63992
66097
68157
68319
69526
69712
71057
47640
7458
52319
44555
121231
1955
7478
32892
34162
35957
37729
45950
100365
150
8623
130682
1199
2968
4467
4911
5909
47465
4388
1131
48711
4189
4612
6683
6986
27255
260
109487
6985
82461
337
2424
8464
26614
27611
68358
72998
95441
106696
2182
134853
54290
40614
1089
1256
3546
5662
6287
6713
8188
30745
58559
67997
5
186
215
236
246
300
3948
1210
132046
1176
6754
8865
36401
104
2502
8528
61024
76251
78209
2571
2924
3265
3996
7022
7090
7844
8961
26585
33794
1721
122886
4721
7376
31221
32025
50
232
2178
339
2202
106766
97673
97304
96832
96811
96728
96610
96588
96417
95761
95558
95449
95135
94969
94959
94931
91077
90866
97752
97921
97923
103107
105504
105355
105197
103688
103624
103449
103372
102469
98154
102194
101895
101525
101285
99149
99114
98961
90531
90439
90376
74545
81562
80489
80463
79242
78653
78574
78039
74324
81786
73023
72741
72720
72395
72226
72176
72131
81591
81845
90057
88129
89804
89759
89492
89470
89260
88810
88235
87304
81932
86833
86320
85394
83976
82463
82459
2330
106100
106916
71745
106920
142488
141749
140725
140715
140174
139642
139385
137337
134881
134859
134130
133771
133645
132800
132549
132547
132458
143385
144172
146656
163949
111931
82152
66203
47044
138610
164979
164977
163056
148482
161582
161336
160954
158783
156387
155064
148626
131796
128606
128512
112183
114254
113064
112852
112556
112550
112515
112290
112070
114459
111622
111505
111251
111249
110871
107636
107141
114342
114662
128360
123663
128235
127212
127206
127144
127114
127108
123695
122882
115139
118880
118700
117176
116797
116161
115713
115569
72011
82313
71464
45028
48738
48696
5795
5956
48516
6229
6433
6515
6643
71108
47629
47423
47274
46723
46664
5791
48774
5747
49824
3742
3811
3947
4103
6874
4326
4437
5464
4712
4763
4928
5169
5198
5289
45210
42217
3671
41997
8751
8645
8584
8494
8236
8207
8195
6830
8128
7926
7792
7438
7335
7195
6983
8765
8766
8767
37741
41863
41585
40819
40629
39183
38304
34517
25805
31770
26366
26151
6783
26150
25927
3679
4262
3632
61236
60069
58879
58191
57669
56805
56788
56782
56607
56286
56152
56015
55946
55442
3539
55280
60766
61240
55269
61323
70293
69481
67665
67429
67255
67087
66665
64839
64701
64622
64620
64614
63876
63082
61357
55276
55363
53123
52281
55253
53000
2747
2920
2927
3089
52967
52579
52241
53953
51540
3111
50068
3246
49917
3384
3415
3498
53894
6981
54272
54286
55118
55069
55063
2677
54513
54881
55052
2730
5971
1088
112552
3030
107649
3882
37733
55820
5618
6218
350
4041
52973
1103
599
3634
2174
8154
4327
2857
2012
1209
3789
914
293
106473
4011
1291
5064
3994
1036
3114
44199
924
2019
5602
1617
7347
2273
8781
494
434
153
780
4638
4223
3175
2329
2600
2989
3160
2985
3499
3916
4023
3260
5902
3978
4993
8795
745
5952
7153
