88235
88129
89492
89470
89260
3246
88810
2677
1245
89759
87304
86833
86320
85394
68954
83976
588
2330
364
306
89804
90057
90376
90439
90531
319
91077
90866
79132
81786
81562
82463
81845
81932
80463
82459
80489
81591
79242
78574
78039
74545
74324
67255
2028
215
5618
78499
7438
6874
5791
8645
55280
50068
5464
293
77455
55363
60684
55069
55442
61240
61236
41997
52281
1265
5971
6857
1274
104283
741
52885
4226
48394
3030
247
1176
2571
107999
26662
48780
106473
6350
109487
2174
6863
1088
1954
1729
778
54290
111
1
1079
1080
2361
1900
1089
78349
1219
8369
1256
2288
118997
3546
5662
6287
6713
8188
27592
30745
106918
55247
5449
3676
31658
134853
2542
1801
115617
2068
2424
3948
4018
2942
4973
5299
1997
7161
1028
4322
8464
60072
26614
47099
34321
46578
56367
68358
93040
95441
97938
106696
109249
40148
6016
5608
44191
3703
107649
186
236
246
300
337
350
2692
357
377
520
2396
587
2369
628
661
904
1059
1242
2012
1250
1259
1358
2004
1376
1956
1517
1635
1639
2700
5
88125
67997
65514
8636
6953
6281
5812
5481
5377
5349
5135
4890
4823
4701
4641
4369
4351
4306
4041
4016
3978
3893
3785
3751
3361
3260
3114
3113
3052
529
599
318
27904
8861
7373
5507
5219
4069
3882
3809
3301
3300
3275
3257
2641
2359
1732
1061
8928
37733
2082
63992
8865
6754
82461
44555
7361
6985
47640
46970
71057
69712
69526
68319
68157
66934
66097
80551
69640
232
5909
4467
2968
1199
130682
111624
8623
150
100365
45950
37729
35957
34162
32892
7478
1955
4911
47465
8972
296
7458
5445
608
52319
121231
1258
27255
6986
6683
4612
4189
48711
64957
1131
4388
36401
104
1103
7090
6942
5952
5902
5782
4993
3996
3265
2997
2924
2019
924
44199
8781
7347
6218
7022
7153
2502
7844
50
35836
32025
31221
7376
4721
122886
1721
33794
31878
26585
26554
8961
8874
8795
5602
5064
4638
4223
1042
1036
858
780
745
593
494
434
153
78209
76251
61024
55820
52973
8528
1120
1200
1291
3175
4121
4023
3949
3916
3793
3499
3160
1610
2989
2985
2600
2329
2273
1617
6539
339
8533
96610
96417
95761
95558
95449
95135
94969
94959
94931
82313
78653
73023
72741
72720
72395
72226
96588
96728
72131
96811
102469
102194
101895
101525
101285
99149
99114
98961
98154
97923
97921
97752
97673
97304
96832
72176
72011
55052
60766
58879
58191
57669
56805
56788
45720
56607
56286
56152
56015
55946
55276
55269
55253
55118
60069
61323
71745
61357
71464
71108
70293
69481
67665
67429
67087
66665
64839
64701
64622
64620
64614
63876
63082
103107
103372
103449
148482
144172
143385
142488
141749
140725
140715
140174
139642
139385
137337
134881
134859
134130
133771
133645
146656
148626
103624
155064
111931
111384
82152
66203
47044
138610
164979
164977
163949
163056
161582
161336
160954
158783
156387
132800
132549
132547
132458
112550
112070
111505
111249
110871
107636
107141
106920
106916
106766
106100
105504
105355
105197
103688
113064
114254
114459
127206
131796
128606
128512
128360
128235
127212
127144
115139
127114
127108
123695
123663
122882
115713
55063
56782
54881
3742
4103
3947
3811
7155
3789
39421
53318
946
541
146501
3679
757
3671
3634
4262
4326
4327
4437
4712
4763
4928
5169
5198
5289
5747
5795
5956
6229
6433
1272
6643
914
3632
6830
1957
2747
2730
2202
2182
2178
2109
1942
3629
1935
1232
1572
1260
1283
1281
2857
1211
2920
2927
2936
3022
3089
3111
3384
3415
3498
1209
1197
1172
1153
3539
954
6783
6515
6981
38304
48516
64969
47629
47423
47274
46723
46664
45210
45028
42217
41863
3176
41585
40819
6983
48696
48738
48774
53123
54513
54286
59725
54272
53953
53894
53000
63131
52967
52579
52241
51540
49917
49824
39183
40629
37741
8154
8584
5984
8494
8236
8207
8195
8128
34517
8125
7926
7792
7335
7243
7195
8751
8765
1273
26150
8767
31770
25805
3707
26366
25927
26151
8766
47
27773
62849
260
2959
4011
2529
74458
112552
109374
117533
135518
27611
1210
111251
132046
118880
118700
112515
94777
34405
1704
70286
112556
111622
112183
112290
112852
114342
114662
115569
116161
116797
117176
104841
3994
40614
4995
58559
2085
72998
