48774
49917
41863
45028
45210
46723
47423
47629
48516
48696
48738
49824
44199
27773
44555
7361
48780
4226
47099
58559
6016
2959
2997
2529
111384
4011
46578
62849
26554
5782
47
93040
2288
79132
5608
2692
4995
61357
63876
68358
64839
67429
64614
55063
6953
57669
63082
58191
58879
60069
60766
64622
61323
64620
64701
74458
1258
27592
6942
61240
61236
1061
1089
1219
3949
247
1704
741
104283
6857
52885
1274
60684
68319
61024
318
78349
3030
107999
27611
26662
34405
106473
5618
6350
109487
60072
2542
778
40148
68954
1
5662
77455
117533
6287
2361
1900
8369
6713
8188
106918
3546
1079
78499
59725
39421
106696
7155
109249
109374
5984
115617
118997
3707
3176
64969
63131
45720
4322
8533
6863
2942
1997
134853
1088
54290
111
1028
1080
1256
1729
55247
5
5449
4016
2369
2396
2700
3052
3113
3114
3260
3703
107649
3361
3751
3785
3893
3978
4041
30745
4306
4351
4369
4641
4701
4823
4890
5135
5349
5377
5481
5812
6281
88125
2085
2012
2004
1956
31658
3676
8636
186
215
236
246
300
337
350
357
377
520
529
587
628
661
904
1059
1242
1250
1259
1358
1376
1517
1635
1639
97938
1954
1801
599
95441
104841
8861
7373
5507
5219
4069
3882
3809
3301
3300
3275
3257
2641
2359
1732
80551
8928
27904
37733
47640
36401
8865
6754
82461
5971
6985
46970
48394
71057
69712
69526
66934
66097
63992
2082
69640
1103
8972
4467
2968
130682
111624
8623
2174
150
100365
45950
37729
35957
34162
32892
7478
1955
4911
5909
47465
6986
7458
5445
608
52319
121231
27255
6683
296
4612
4189
48711
64957
1131
4388
104
2502
56367
7347
7376
4721
122886
1721
33794
8961
8874
8795
7153
6539
5952
5902
4993
2019
924
31221
32025
35836
4973
34321
26614
8464
7161
5299
306
4018
50
3948
2424
2068
1265
1176
232
8781
6218
8528
5602
1200
1120
1042
858
780
745
593
494
434
293
153
78209
76251
55820
52973
1291
1610
1617
3793
5064
4638
4223
4121
4023
3916
3499
2273
3175
3160
2989
2985
2600
2329
53318
339
319
96832
98961
98154
97923
97921
97752
97673
97304
96811
94969
96728
96610
96588
96417
95761
95558
95449
99114
99149
101285
101525
106920
106916
106766
106100
105504
105355
105197
103688
103624
103449
103372
103107
102469
102194
101895
95135
94959
107636
81562
82463
82459
82313
81932
81845
81786
81591
80489
94931
80463
79242
78574
78039
74545
74324
364
83976
85394
86320
86833
91077
90866
90531
90439
90376
90057
89804
89759
89492
89470
89260
88810
88235
88129
87304
107141
110871
67255
139385
143385
142488
141749
140725
140715
140174
139642
137337
132458
134881
134859
134130
133771
133645
132800
132549
144172
146656
148482
148626
111931
82152
66203
47044
138610
164979
164977
163949
163056
161582
161336
160954
158783
156387
155064
132547
131796
111249
112552
114662
114459
114342
114254
113064
112852
112556
112550
128606
112515
112290
112183
112070
111622
111505
111251
115139
115569
115713
116161
128512
128360
128235
127212
127206
127144
127114
127108
123695
123663
122882
118880
118700
117176
116797
72176
72741
7792
5747
2202
7335
7243
7195
6983
6981
6874
6830
6783
6643
6515
6433
6229
5956
5795
7438
7926
8125
8751
2730
25927
25805
8767
8766
8765
8645
8128
8584
8494
8236
8207
8195
8154
5791
5464
2182
5289
3629
3539
3498
3415
3384
3246
2330
3111
3089
3022
2936
2927
2920
2677
2857
3632
3634
3671
4327
5198
5169
4928
4763
4712
4437
4326
3679
4262
4103
3947
3811
3789
3742
26151
26150
26366
1260
56286
1272
56152
1273
56015
1281
1283
55946
55442
55363
1572
55280
55276
55269
1935
56607
1245
55253
56782
541
588
146501
757
914
946
954
1153
1172
1197
1209
1211
56805
1232
56788
31770
1942
1957
52281
34517
37741
38304
39183
40629
40819
41585
41997
42217
46664
47274
50068
51540
52241
2178
52579
54272
2028
55118
55069
55052
54881
54513
54286
2109
53953
53894
53123
53000
52967
2747
67997
260
68157
67665
65514
67087
72011
71745
72720
73023
66665
78653
72131
72226
72395
71464
71108
70293
69481
31878
1199
1036
2924
3996
7090
7844
2571
135518
26585
1210
44191
7022
3265
94777
132046
70286
3994
40614
72998
