778
1729
296
858
300
1042
1120
1200
1610
593
661
4121
26614
50
318
588
3246
364
306
319
2677
2330
1245
2959
215
2542
1079
3793
2028
1732
3361
587
608
357
246
47
1089
68157
1103
52973
350
4041
293
111384
121231
1061
27773
3809
55820
3882
37733
88125
2288
4973
5608
27592
8928
4226
109249
1258
46578
109374
130682
48394
1219
2529
1997
48780
62849
1704
66097
74458
4995
79132
31658
3978
2396
2692
2700
3052
3113
3893
30745
3785
6713
6287
5662
3751
2369
3260
3546
8188
1801
2085
2012
520
529
236
186
628
904
1059
5
1242
67997
58559
1250
1259
1358
1376
1517
1635
1639
377
1954
1956
52885
2004
4016
135518
4306
6942
3176
64969
63131
59725
45720
8533
6863
4351
2942
1088
1028
4322
78499
77455
3707
5984
7155
39421
53318
541
146501
757
914
946
954
1153
1172
1197
1209
1211
1232
60072
47099
40148
107649
4369
4641
4701
4823
4890
5135
5349
5377
5481
5812
6953
8636
65514
68954
3703
6016
44191
106473
3676
5449
55247
106918
8369
70286
78349
94777
1900
2361
117533
1
6281
56367
1256
3301
27904
8861
7373
5507
5219
4069
3300
60684
3275
3257
2641
2359
80551
2082
34405
63992
6754
7361
104283
82461
5971
5618
3030
44555
6985
66934
47640
46970
71057
69712
69526
68319
104841
69640
8972
100365
2968
1199
111624
107999
8623
2174
45950
7458
37729
35957
34162
32892
7478
1955
4467
4911
5909
47465
4388
1131
64957
48711
4189
4612
6683
6986
27255
260
109487
52319
5445
132046
8865
1080
1210
7161
5299
4018
3948
2068
1265
1176
26662
232
35836
32025
31221
7376
4721
8464
27611
36401
115617
247
111
40614
54290
134853
118997
106696
34321
97938
95441
93040
72998
68358
1272
122886
1721
33794
924
3265
2997
2924
2571
2019
1274
741
31878
78209
76251
61024
8528
2502
104
3996
4993
5782
5902
5952
6350
6539
6857
7022
7090
7153
7844
8795
8874
8961
26554
26585
1260
599
1273
90439
97673
97304
96832
96811
96728
96610
96588
96417
95761
95558
95449
95135
94969
94959
94931
91077
90866
97752
97921
97923
103107
105504
105355
105197
103688
103624
103449
103372
102469
98154
102194
101895
101525
101285
99149
99114
98961
90531
90376
106766
90057
81562
80489
80463
79242
1281
78574
78039
74545
74324
73023
72741
72720
72395
72226
72176
72131
72011
81591
81786
81845
88129
89804
89759
89492
89470
89260
88810
88235
87304
81932
86833
86320
85394
83976
82463
82459
82313
106100
106916
71464
128606
142488
141749
140725
140715
140174
139642
139385
137337
134881
134859
134130
133771
133645
132800
132549
132547
132458
143385
144172
146656
163949
111931
82152
66203
47044
138610
164979
164977
163056
148482
161582
161336
160954
158783
156387
155064
148626
131796
128512
106920
128360
114254
113064
112852
112556
112552
112550
112515
112290
112183
112070
111622
111505
111251
111249
110871
107636
107141
114342
114459
114662
123663
128235
127212
127206
127144
127114
127108
123695
122882
115139
118880
118700
117176
116797
116161
115713
115569
71745
78653
71108
46723
8494
8236
8207
8195
8154
8128
8125
7926
7792
7438
7335
7243
7195
6983
6981
6874
6830
6783
6643
6515
6433
8584
8645
8751
38304
45210
45028
42217
41997
41863
41585
40819
40629
39183
37741
8765
34517
31770
26366
26151
26150
25927
25805
8767
8766
6229
5956
5795
2747
3415
3384
3111
3089
3022
2936
2927
2920
2857
2730
3539
2202
2182
2178
2109
1957
1942
1935
1572
1283
3498
3629
5791
4327
5747
5464
5289
5198
5169
4928
4763
4712
4437
4326
3632
4262
4103
3947
3811
3789
3742
3679
3671
3634
70293
46664
47274
55276
56782
56607
56286
56152
56015
55946
55442
55363
55280
55269
56805
55253
55118
55069
55063
55052
54881
54513
54286
54272
56788
57669
53894
64620
69481
67665
67429
67255
67087
66665
64839
64701
64622
64614
58191
63876
63082
61357
61323
61240
61236
60766
60069
58879
47423
53953
53123
52281
47629
48516
48696
48738
48774
49824
49917
50068
51540
53000
52241
339
52967
52579
2424
3114
150
337
6218
3949
4011
1291
5064
745
3994
1036
44199
780
4023
8781
434
153
494
5602
7347
1617
2273
2329
2600
4638
2989
3160
3175
3499
4223
3916
2985
