1245
588
306
319
364
2677
2330
3246
260
1210
2028
215
1197
296
1517
8128
608
5747
1172
5198
1273
4326
1957
4103
3811
3679
1242
3111
1211
4262
293
350
52973
1103
4041
1079
55820
1729
778
132046
1250
37733
3882
1089
122886
3809
109249
70286
68157
107999
72998
1732
8928
2959
27611
46578
2542
109487
1291
153
434
494
780
2329
1617
2273
2985
2600
2989
3175
3499
3916
4023
4223
4638
5602
7347
8781
3160
68319
2571
135518
3703
34405
5449
6287
104
1
150
2019
44199
4973
109374
134853
78499
1036
3994
745
5064
4011
94777
3949
3114
2424
2068
4890
5135
4823
4701
82461
5349
5377
5481
5812
6281
6953
8636
6683
65514
68954
88125
107649
44191
106473
4641
4016
4369
4351
1258
1259
1358
1376
27255
1635
1639
1801
1954
1956
2004
2012
2085
2369
2396
2692
2700
3052
3113
3260
3361
3751
3785
3893
3978
6986
4306
3676
2361
106918
45950
3707
2968
1199
5984
7155
39421
53318
130682
8623
2174
541
100365
146501
59725
757
914
37729
35957
946
954
1153
34162
32892
7478
1209
1955
3176
45720
8369
40148
4612
78349
1900
1059
117533
4189
48711
74458
64957
1131
5608
6016
47099
8533
60072
62849
4388
47465
5909
77455
4911
4322
4467
1088
1997
2942
1704
4226
904
4993
3257
2641
2359
1061
741
924
1274
80551
2924
2997
3265
3996
5782
2082
5902
5952
6857
7022
7090
7153
7844
8795
8961
26554
26585
33794
3275
3300
3301
4069
5618
6754
8865
36401
3030
2502
8528
44555
7361
61024
76251
78209
6985
47640
71057
69712
69526
66097
63992
48394
27904
8861
7373
5507
5219
1721
4721
628
58559
48780
2288
2529
3546
5662
6713
8188
27592
27773
30745
31658
52885
67997
7376
5
186
4995
236
246
337
104283
357
377
520
529
587
1256
1219
121231
1080
31221
32025
47
50
232
318
1176
104841
3948
8464
26614
1232
69640
8972
68358
7458
93040
95441
97938
5445
54290
40614
111
247
52319
26662
599
1260
97752
97304
96832
96811
96728
96610
96588
96417
95761
95558
95449
95135
94969
94959
94931
91077
90866
90531
97673
97921
106766
97923
105504
105355
105197
103688
103624
103449
103372
103107
102469
102194
101895
101525
101285
99149
99114
98961
98154
90439
90376
90057
89804
80489
80463
79242
78653
78574
78039
74545
74324
73023
72741
1272
72395
72226
72176
72131
72011
71745
81562
81591
81786
87304
89759
89492
89470
89260
88810
88235
88129
86833
81845
86320
85394
83976
82463
82459
82313
81932
106100
106916
71108
144172
142488
141749
140725
140715
140174
139642
139385
137337
134881
134859
134130
133771
133645
132800
132549
132547
132458
143385
146656
106920
148482
111931
111384
82152
66203
47044
138610
164979
164977
163949
163056
161582
161336
160954
158783
156387
155064
148626
131796
128606
128512
128360
114254
113064
112852
112556
112552
112550
112515
112290
112183
112070
111622
111505
111251
111249
110871
107636
107141
114342
114459
114662
123663
128235
127212
127206
127144
127114
127108
123695
122882
115139
118880
118700
117176
116797
116161
115713
115569
71464
72720
41997
7926
8645
8584
8494
8236
8207
8195
8154
8125
7792
8765
7438
7335
7243
7195
6983
6981
6874
6830
8751
8766
6643
39183
46664
45210
45028
42217
41863
41585
40819
40629
38304
8767
37741
34517
31770
26366
26151
26150
25927
25805
6783
6515
47274
2730
3384
3089
3022
2936
2927
2920
2857
2747
2202
3498
2182
2178
2109
1942
1935
1572
1283
1281
3415
3539
6433
4763
6229
5956
5795
5791
5464
5289
5169
4928
4712
3629
4437
4327
3947
3789
3742
3671
3634
3632
46723
339
47423
56286
58879
58191
57669
56805
56788
56782
56607
56152
60766
47629
55946
55442
55363
55280
55276
55269
60069
61236
55118
64839
70293
69481
67665
67429
67255
67087
66665
64701
61240
64622
64620
64614
63876
63082
61357
61323
55253
56015
55069
53123
48516
48696
48738
48774
49824
49917
50068
52241
52281
52579
52967
53000
51540
53953
55063
53894
55052
54272
54286
54881
54513
115617
6863
4018
6350
64969
56367
46970
79132
6942
7161
66934
63131
31878
35836
8874
6218
34321
55247
60684
111624
6539
5971
5299
118997
106696
3793
1028
1265
661
4121
1120
593
300
858
1042
1200
1610
