7792
3947
4928
2109
2178
1272
6229
4712
4437
47274
26366
3671
3384
8207
3498
2730
31658
52885
186
30745
58559
27773
27592
8188
67997
5
236
215
661
1635
1517
1376
1358
1259
1250
1242
1059
904
628
6287
587
529
520
377
357
350
337
300
246
6713
2529
5662
5299
56367
46578
34321
27611
26662
26614
8464
7161
4973
72998
4018
3948
2424
2068
1265
1210
1176
318
68358
93040
3546
111
2288
1729
1256
1219
1089
1080
1079
247
40614
95441
54290
134853
118997
115617
109374
109249
106696
97938
1639
135518
1801
3703
5608
2959
2542
778
1
117533
2361
1900
94777
78349
70286
8369
106918
55247
5449
3676
106473
6016
40148
47099
6863
3176
64969
63131
59725
45720
8533
6942
2942
60072
1997
1088
1028
4322
78499
77455
62849
44191
107649
1954
88125
3893
3785
3751
3361
3260
3114
3113
3052
2700
2692
2396
2369
2085
5984
2012
2004
1956
3978
4016
4041
5377
68954
65514
8636
6953
6281
5812
5481
5349
4306
5135
4890
4823
4701
4641
4369
4351
232
50
47
3257
5507
5219
4069
3882
3809
3301
3300
3275
2641
8861
2359
1732
1061
80551
2082
104841
69640
8972
7373
8928
5445
69526
3030
44555
7361
6985
47640
46970
71057
69712
68319
27904
68157
66934
66097
63992
60684
48394
37733
34405
7458
608
5971
2174
4911
4467
2968
1199
130682
111624
107999
8623
150
47465
100365
45950
37729
35957
34162
32892
7478
1955
5909
296
52319
260
121231
109487
79132
48780
4995
4226
1704
1258
27255
4388
6986
6683
4612
4189
48711
74458
64957
1131
5618
82461
35836
1274
5782
4993
3996
3265
2997
2924
2571
2019
924
5952
741
44199
8781
7347
6218
5602
5064
4638
5902
6350
4121
26585
32025
31221
7376
4721
122886
1721
33794
31878
26554
6539
8961
8874
8795
7844
7153
7090
7022
6857
4223
4023
104283
55820
593
494
434
293
153
78209
76251
61024
52973
780
8528
2502
1103
104
36401
8865
6754
132046
745
858
4011
2985
3994
3949
3916
3793
3499
3175
3160
2989
2600
1036
2329
2273
1617
1610
1291
1200
1120
1042
3707
599
7155
95449
96832
96811
96728
96610
96588
96417
95761
95558
95135
39421
94969
94959
94931
91077
90866
90531
90439
90376
97304
97673
97752
97921
105355
105197
103688
103624
103449
103372
103107
102469
102194
101895
101525
101285
99149
99114
98961
98154
97923
90057
89804
89759
80463
78653
78574
78039
74545
74324
73023
72741
72720
72395
72226
72176
72131
72011
71745
71464
71108
70293
79242
80489
89492
81562
89470
89260
88810
88235
88129
87304
86833
86320
85394
83976
82463
82459
82313
81932
81845
81786
81591
105504
106100
106766
144172
142488
141749
140725
140715
140174
139642
139385
137337
134881
134859
134130
133771
133645
132800
132549
132547
132458
143385
146656
128606
148482
111931
111384
82152
66203
47044
138610
164979
164977
163949
163056
161582
161336
160954
158783
156387
155064
148626
131796
128512
106916
114342
113064
112852
112556
112552
112550
112515
112290
112183
112070
111622
111505
111251
111249
110871
107636
107141
106920
114254
114459
128360
114662
128235
127212
127206
127144
127114
127108
123695
123663
122882
118880
118700
117176
116797
116161
115713
115569
115139
69481
67665
67429
5795
5747
5464
5289
5198
5169
4763
4327
4326
4262
4103
3811
3789
3742
3679
3634
3632
3629
5791
5956
3415
6433
8236
8195
8154
8128
8125
7926
7438
7335
7243
7195
6983
6981
6874
6830
6783
6643
6515
3539
3246
8584
1260
1232
1211
1209
1197
1172
1153
954
946
914
757
146501
588
541
364
319
306
53318
1245
1273
3111
1281
3089
3022
2936
2927
2920
2857
2747
2677
2330
2202
2182
2028
1957
1942
1935
1572
1283
8494
8645
67255
56788
56607
56286
56152
56015
55946
55442
55363
55280
55276
55269
55253
55118
55069
55063
55052
54881
54513
56782
56805
54272
57669
67087
66665
64839
64701
64622
64620
64614
63876
63082
61357
61323
61240
61236
60766
60069
58879
58191
54286
53953
8751
45028
41997
41863
41585
40819
40629
39183
38304
37741
34517
31770
26151
26150
25927
25805
8767
8766
8765
42217
45210
53894
46664
53123
53000
52967
52579
52281
52241
51540
50068
49917
49824
48774
48738
48696
48516
47629
47423
46723
339
