2600
3175
2989
2985
4023
2329
3499
2273
1617
8781
7347
3916
5602
780
4638
494
434
4223
153
3160
3751
745
44199
1042
1610
1200
1120
858
593
4121
1036
3994
3949
3114
5064
4011
5747
5198
8128
4326
104
2997
6287
904
1957
1256
1273
1517
2085
3111
4262
1211
5449
1197
3679
1704
4103
3811
1172
150
1997
1079
293
1291
319
1245
364
306
588
2677
2330
3246
26366
2178
47274
2109
4928
4437
1272
4712
3384
8207
3498
6229
3671
7792
3947
4018
3703
2730
5782
6218
7361
26554
93040
215
2959
4995
2028
778
1729
5608
106473
109249
2424
47
1219
3809
130682
2542
608
1176
4226
1732
296
79132
4973
8928
46578
109374
1258
3793
2396
1900
2004
70286
2692
3893
8369
2700
78349
1232
4016
1358
1956
117533
236
300
337
377
520
529
628
1059
1954
1250
1259
1572
1376
2361
1260
1801
4306
62849
4351
44191
1153
914
757
6016
40148
146501
47099
53318
5984
60072
3176
45720
8533
1028
4322
78499
77455
3676
107649
4369
1209
4641
4701
4823
186
5135
5349
106918
5377
5481
5812
6281
6953
8636
1
65514
68954
88125
4890
135518
5
4069
7458
8972
69640
104841
2082
80551
1061
2359
2641
3257
3275
3300
3301
5219
67997
5507
7373
8861
34405
63992
66097
68157
68319
69526
69712
71057
47640
6985
5445
52319
121231
109487
7478
32892
34162
35957
37729
45950
100365
8623
107999
1199
2968
4467
4911
5909
47465
4388
1131
64957
74458
48711
4189
4612
6683
6986
27255
260
48780
44555
3030
82461
32025
232
1210
3948
8464
26662
27611
68358
72998
95441
97938
106696
134853
54290
40614
111
1080
1089
2288
2529
3546
5662
6713
8188
30745
31658
52885
58559
50
31221
104283
7376
132046
6754
8865
36401
2502
8528
61024
76251
78209
741
1274
2019
2571
2924
3265
3996
4993
6857
7022
7090
7844
8795
8961
26585
1721
122886
4721
26614
599
2182
97304
96811
96728
96610
96588
96417
95761
95558
95449
95135
94969
94959
94931
91077
90866
90531
90439
90376
96832
97673
89804
97752
105197
103688
103624
103449
103372
103107
102469
102194
101895
101525
101285
99149
99114
98961
98154
97923
97921
90057
89759
105504
80463
78653
78574
78039
74545
74324
73023
72720
72395
72226
72176
72131
72011
71745
71464
71108
70293
69481
79242
80489
89492
81562
89470
89260
88810
88235
88129
87304
86833
86320
85394
83976
82463
82459
82313
81932
81845
81786
81591
105355
106100
67429
144172
142488
141749
140725
140715
140174
139642
139385
137337
134881
134859
134130
133771
133645
132800
132549
132547
132458
143385
146656
128606
148482
111931
111384
82152
66203
47044
138610
164979
164977
163949
163056
161582
161336
160954
158783
156387
155064
148626
131796
128512
106766
114342
113064
112852
112556
112550
112515
112290
112183
112070
111622
111505
111251
111249
110871
107636
107141
106920
106916
114254
114459
128360
114662
128235
127212
127206
127144
127114
127108
123695
123663
122882
118880
118700
117176
116797
116161
115713
115569
115139
67665
72741
67255
39183
45028
42217
41863
41585
40819
40629
38304
67087
37741
34517
31770
26151
26150
25805
45210
46723
8766
50068
53123
53000
52967
52579
52241
51540
49917
47423
49824
48774
48738
48696
48516
47629
8767
8765
53953
4327
5795
5791
5464
5289
5169
4763
3789
6433
3742
3634
3539
3415
2857
2747
5956
6515
8751
7926
8645
8584
8494
8236
8195
8154
7438
6643
7335
7195
6981
6874
6830
6783
53894
339
56788
60069
55442
55946
56015
56152
56286
56607
56782
56805
57669
58191
58879
60766
55280
61236
61240
61323
61357
63082
63876
64614
64620
64622
64701
64839
55363
66665
55063
55253
55118
54272
55276
55052
54286
55069
55269
54513
54881
66934
6350
64969
56367
94777
46970
6539
115617
7161
63131
31878
118997
2068
8874
34321
55247
27773
59725
111624
3707
6942
5971
35836
5618
5299
39421
7155
27904
48394
27592
318
60684
41997
52281
37733
3882
46664
25927
1281
2920
55820
247
1265
2202
3632
357
946
246
1955
2927
587
6983
1242
1942
1935
3089
661
3361
7243
1283
3629
3022
954
541
8125
1103
350
52973
4041
2936
6863
112552
2174
2942
1639
1635
2369
2012
33794
1088
7153
5952
3785
3113
3052
5902
3978
3260
924
