778
1729
50068
55280
5791
6874
5464
7438
8645
296
55442
55069
2542
55363
2959
61236
61240
41997
52281
1089
71108
72131
67087
72226
70293
69481
71745
66665
72395
52973
1103
78653
73023
71464
72720
1942
2927
2202
6983
4041
72011
350
3632
904
1935
3089
946
1079
2571
1219
2920
68157
1281
67665
68954
25927
46664
48394
608
2936
55820
1732
70286
3882
37733
5608
56788
94931
94959
95135
101525
95449
99149
99114
98961
98154
97923
97921
95558
97304
96811
96728
97752
55253
54513
52241
53000
53123
53894
54272
54286
56805
54881
55052
55118
96588
55269
55276
51540
56152
56286
56607
56782
52967
132046
67997
96832
96610
4226
3949
27611
135518
2692
858
4121
1610
593
1200
1120
1042
1704
72998
97938
56367
1258
55247
1210
3793
47
109487
260
79132
52885
58559
47465
5909
5
186
236
246
31658
300
337
30745
78349
357
377
8188
520
529
4911
587
628
4467
1059
1242
1250
1259
2968
27592
5662
4388
6713
95441
106696
109249
109374
115617
118997
134853
54290
40614
27255
111
247
6986
6683
1080
4612
4189
48711
1256
64957
2288
3546
1199
6287
1131
1358
111624
130682
65514
4641
4701
4823
4890
5135
5349
5377
5481
5812
6281
7478
6953
8636
37729
4351
88125
107649
3703
44191
106473
3676
5449
106918
32892
8369
34162
1900
94777
4369
4306
35957
2396
1376
1517
1635
1639
107999
1954
1956
2004
2012
2085
8623
2174
2369
150
45950
1955
2700
3052
3113
3114
3260
3361
3751
3785
3893
3978
100365
4016
1801
434
93040
46970
924
36401
1274
8865
6754
104283
2019
82461
3030
44555
7361
6985
47640
71057
44199
69712
2924
69526
68319
2997
3265
3996
4993
5782
5902
5952
6350
6539
741
8781
68358
2985
153
78209
76251
61024
8528
745
780
1036
1291
1617
2273
2329
2600
2989
104
3160
3175
3499
3916
2502
3994
4023
4223
4638
5064
5602
6218
7347
66934
66097
6857
50
7458
5445
52319
121231
31878
33794
1721
122886
4721
7376
31221
32025
35836
232
7022
318
2068
2424
3948
4018
5299
7161
8464
26614
26662
494
34321
46578
26585
8972
69640
104841
7090
7153
7844
63992
117533
34405
27904
8928
8861
8795
8874
7373
5507
5219
4069
3809
3301
3300
3275
8961
3257
2641
2359
1061
80551
26554
2082
2361
599
1
96417
103107
102469
102194
101895
101285
97673
95761
103449
94969
91077
90866
90531
90439
90376
103372
103624
89804
107141
111622
111505
111251
111249
110871
107636
106920
103688
106916
106766
106100
105504
105355
105197
90057
89759
112183
60766
64620
64614
63876
63082
6016
61323
60069
64701
58879
58191
57669
56015
55946
55063
64622
64839
89492
86833
89470
89260
88810
88235
88129
87304
86320
67429
85394
83976
82313
81786
72741
72176
112070
112290
52579
140715
146656
144172
143385
142488
141749
140725
140174
148626
139642
139385
137337
134881
134859
134130
148482
155064
133645
164979
111931
111384
82152
66203
47044
138610
164977
156387
163949
163056
161582
161336
160954
158783
133771
132800
112515
114459
116797
116161
115713
115569
115139
114662
114342
118700
114254
113064
112852
112556
112552
112550
117176
118880
132549
128235
132547
132458
131796
128606
128512
128360
127212
122882
127206
127144
127114
127108
123695
123663
53953
61357
49917
2857
3539
3498
3415
3384
3111
3022
2747
3634
2730
2182
2178
2109
1957
1572
3629
3671
1273
4327
5198
5169
4928
4763
4712
49824
4326
3679
4262
4103
3947
3811
3789
3742
1283
1272
5747
2942
63131
59725
45720
8533
6942
6863
1997
3176
1088
1028
4322
60072
47099
40148
64969
3707
1260
954
1232
1211
1209
1197
1172
1153
914
5984
757
146501
541
53318
39421
7155
5289
4437
5795
40819
8766
8767
25805
26150
26151
26366
31770
34517
5956
38304
39183
40629
41585
8751
41863
42217
45028
45210
46723
47274
47423
47629
48516
48696
48738
48774
8765
37741
339
8125
6515
6643
6783
6830
6981
7195
7243
7335
8584
7792
7926
6433
8494
8236
6229
8207
8128
8195
8154
48780
77455
78499
1176
4973
27773
82459
67255
74324
74545
82463
78039
81562
81932
81845
78574
81591
80489
80463
79242
4995
60684
5618
62849
74458
1265
4011
2529
5971
293
215
2028
3246
306
319
364
1245
2330
2677
588
661
