7153
5952
4993
8795
8645
5791
50068
55280
7438
6874
5464
2959
2019
2542
296
55363
55069
55442
61236
61240
4226
1089
1042
1610
4121
1200
1120
593
858
1729
778
2924
3996
7844
7090
1704
41997
52281
3793
34405
6539
924
4011
3265
7022
33794
318
5608
50
26614
1210
62849
3260
3978
5902
31878
79132
260
4995
40148
48394
2571
293
68954
1265
1079
4262
2502
4103
8961
5747
3811
5198
1197
4306
1957
1273
3111
1211
7373
5349
8636
1
1172
8128
4326
3679
2529
69640
47
65514
48780
1219
78499
5299
132046
70286
68157
94777
72998
3949
1291
3030
60072
27773
8874
2692
27611
3301
1080
1358
1376
1954
2012
2700
5445
115617
68319
34321
4973
7161
26585
2068
135518
118997
1250
1176
3361
134853
35836
111384
121231
122886
109487
2641
5782
74458
56367
107999
1061
5971
105504
63131
106696
3703
46970
60684
1028
55247
106473
5064
64969
150
66934
88125
3751
6350
111624
109249
3114
130682
3809
1997
46578
66097
1036
109374
745
1732
64957
48711
6683
1900
4612
117533
4189
3676
6986
27255
8369
106918
6016
44191
52319
7458
6953
6281
5812
5481
5377
8972
5135
1131
2968
4388
757
914
946
954
1153
37729
35957
1209
32892
1232
7478
1260
1281
1283
1572
1935
1942
1955
45950
146501
47099
100365
47465
5909
4911
77455
4467
4322
8533
45720
104841
1199
3176
3707
5984
7155
39421
8623
541
4823
6857
4701
26662
68358
2202
93040
95441
97938
44555
54290
247
7361
6985
47640
1256
71057
69712
3546
5662
6713
5618
82461
4641
8464
2997
1274
741
26554
4721
7376
31221
32025
78209
76251
232
61024
8528
36401
8865
6754
104283
8188
69526
30745
31658
1639
1801
3300
1956
2004
3275
2085
3257
2369
2359
3113
3785
3893
80551
2082
4351
4369
1635
4069
1259
337
52885
58559
67997
5
186
246
300
357
5219
529
27904
8861
628
904
1059
1242
2182
599
71108
90531
95449
95135
94969
94959
94931
91077
90866
90439
95761
90376
90057
89804
89759
89492
89470
89260
95558
96417
88235
160954
97923
155064
97921
97752
156387
97673
158783
97304
96588
161336
161582
163056
96832
96811
96728
96610
88810
88129
148482
72176
74545
74324
73023
72741
72720
72395
72226
72131
78574
72011
71745
71464
134130
70293
69481
67665
78039
78653
163949
82313
87304
86833
86320
85394
83976
82463
82459
81932
79242
81845
81786
81591
81562
80489
164977
80463
148626
146656
67255
114662
117176
116797
116161
115713
134859
115569
115139
114459
118880
114342
114254
113064
112852
112556
112550
112515
118700
122882
112183
128512
133645
132800
132549
132547
132458
131796
128606
128360
123663
128235
127212
127206
127144
127114
127108
123695
112290
112070
144172
99149
139642
102469
102194
140174
101895
101525
101285
99114
103107
98961
98154
140715
140725
141749
142488
143385
139385
137337
111622
106916
111505
111251
111249
110871
107636
107141
106920
106766
103372
106100
105355
134881
105197
103688
103624
103449
67429
133771
67087
47629
7926
8125
8154
8195
66203
8236
8494
8584
8751
8765
8766
8767
25805
25927
26150
26151
34517
37741
38304
39183
40629
40819
41585
41863
42217
45028
45210
46664
46723
7335
7243
7195
3789
2747
2857
2920
2927
2936
3022
3089
3415
3539
3629
3632
3634
3742
4327
6983
4763
5169
5289
5795
5956
111931
82152
6433
6515
6643
6783
6830
6981
47423
31770
48516
60766
56782
54881
61323
55052
55063
55118
55253
55269
55276
47044
55946
60069
54286
58879
58191
56015
57669
56805
56152
56286
56607
138610
48696
56788
61357
54513
164979
64622
64620
49917
51540
48774
48738
54272
52241
64614
52579
64701
64839
52967
66665
53000
53123
53894
63876
63082
53953
49824
215
2028
1245
3246
319
364
588
306
2330
2677
6218
8928
107649
3882
37733
55820
4890
1103
350
52973
4041
2730
40614
63992
27592
6942
608
3498
3384
6229
1272
3052
4016
47274
2109
2178
26366
34162
1517
661
4928
377
4712
4437
7792
3671
520
3948
8207
3947
2396
2288
53318
59725
78349
44199
6863
111
3994
112552
4018
4023
2985
8781
7347
5602
4638
4223
3916
3499
3160
2989
3175
2600
2329
2273
1617
780
494
434
153
2174
1721
2361
5449
104
6287
2942
236
1258
587
5507
2424
1088
339
