4121
1610
1200
1120
1042
858
593
1258
3793
47
2288
2959
5782
296
111
778
1729
7022
3265
608
6433
8195
3742
2997
1572
6783
904
42217
26151
6981
6643
25805
1635
1232
3415
26150
924
2019
599
2571
2361
7153
5952
26585
3789
2857
4327
1209
914
8154
1732
1079
350
4041
52973
1103
5608
8494
5956
95761
103688
103449
96417
132547
3996
2924
7090
7844
4226
4993
8795
3634
3260
3978
5902
7361
26554
26614
50
2542
6985
27773
48780
93040
74458
33794
96610
96832
111251
2529
3809
132046
1219
27592
55820
79132
62849
31878
1089
3882
37733
65514
88125
4973
68157
27611
117533
8928
109249
78349
135518
46578
109374
1997
53318
130682
260
70286
48394
72998
1210
66097
109487
2936
541
8125
3022
954
1283
3629
7243
2920
6857
52885
161336
102469
4763
1265
300
101285
104283
757
7926
132800
127206
53953
113064
114254
52579
128512
741
114459
1259
133771
1274
1721
111249
1
110871
94969
111505
2700
112550
247
1281
3114
78499
6983
1935
2202
946
1942
3632
2927
3089
106473
81786
134859
122882
67665
112515
118880
118700
148482
140715
140725
82313
139642
127212
112070
132549
132458
131796
34517
128235
8584
127144
2747
123695
123663
3539
72741
55946
107636
164979
164977
72176
2730
55363
2424
46664
25927
5618
134853
107999
52281
41997
150
26662
127108
59725
6350
77455
6942
115617
60684
27904
118997
63992
5299
5971
2692
111624
55247
34321
8874
2068
35836
63131
7161
6539
46970
94777
56367
64969
4018
6863
66934
3893
1376
112290
4016
54290
529
40614
1250
587
3361
1242
628
1059
3785
112556
661
3113
3751
67997
116161
115713
5
114342
3546
5662
6287
6713
1956
8188
1954
1801
30745
31658
1517
112552
58559
186
2004
236
357
520
377
3052
1080
115569
115139
1256
1358
2369
114662
112852
337
246
2085
2012
96588
116797
82152
47044
138610
121231
52319
5445
7458
8972
69640
104841
2082
80551
2359
2641
3257
3275
3300
3301
163949
163056
4069
5219
5507
7373
66203
27255
106696
6986
1955
7478
32892
34162
35957
37729
45950
100365
2174
8623
1199
2968
4467
4911
5909
47465
111931
4388
64957
48711
4189
4612
6683
8861
161582
34405
160954
140174
139385
137337
134881
134130
133645
128606
128360
8961
127114
4351
122886
4721
7376
31221
32025
232
3948
8464
68358
117176
95441
97938
141749
142488
143385
155064
68319
69526
69712
71057
47640
158783
156387
44555
3030
82461
6754
144172
8865
36401
104
148626
2502
8528
146656
61024
76251
78209
4306
6281
4369
54272
54513
54881
55052
55063
55069
55118
55253
55269
55276
55280
55442
56015
56152
56286
56607
56782
56788
56805
57669
58191
58879
60069
60766
61236
61240
61323
61357
54286
53894
97673
53123
31770
37741
38304
39183
40629
40819
41585
41863
97304
45028
45210
46723
47274
47423
4641
47629
48516
48696
48738
48774
49824
49917
50068
51540
52241
52967
53000
63082
63876
64614
64620
82459
82463
83976
85394
86320
86833
87304
88129
88235
88810
89260
89470
89492
89759
89804
90057
90376
90439
90531
90866
91077
94931
94959
95135
95449
95558
96811
81932
81845
81591
72011
64622
64701
64839
66665
67087
67255
67429
69481
70293
71108
71464
71745
72131
81562
72226
72395
72720
73023
74324
74545
78039
78574
78653
79242
80463
80489
26366
339
97752
1272
8533
45720
3176
3707
5984
7155
39421
146501
106766
1153
106100
105504
1260
105355
4928
2109
2178
2182
105197
3384
97921
3498
103372
3671
103107
3947
102194
4437
2942
1088
1028
4322
4701
4823
5135
5349
5377
5481
5812
96728
6953
8636
112183
68954
107649
3703
44191
3676
5449
106918
8369
111622
1900
107141
106920
6016
40148
47099
106916
4712
103624
5169
8766
8765
6830
6874
8751
8645
97923
8236
8207
98154
98961
99114
7792
7195
7438
7335
6515
99149
101895
101525
8767
6229
5464
5791
5795
5289
2028
215
318
1176
4995
364
588
2330
319
2677
306
1245
3246
111384
1704
60072
4890
4103
5747
8128
4262
4326
1639
3811
5198
3679
3111
1957
1172
1197
1211
1273
2396
3949
6218
4011
1061
1131
1036
293
1291
5064
745
3994
44199
7347
1617
5602
4638
153
434
494
780
2273
2329
2600
2985
2989
3160
3175
3499
3916
4023
4223
8781
