1120
1042
1610
593
4121
858
1200
3793
4467
2968
1199
5481
1256
1059
520
377
357
350
529
337
587
628
661
300
246
904
599
1517
1242
1956
2692
2396
2369
2085
2012
2004
1954
1259
1801
1639
1635
186
1376
1358
236
67997
5
3052
118997
115617
109374
109249
106696
97938
95441
93040
68358
56367
46578
34321
26662
26614
8464
7161
5299
134853
54290
40614
6713
58559
52885
31658
30745
27773
27592
8188
6287
111
5662
3546
2529
2288
1219
1080
247
2700
3260
3113
3707
64969
63131
59725
45720
8533
6942
6863
2942
1997
1088
1028
4322
78499
77455
62849
60072
47099
3176
5984
3114
7155
1273
1272
1260
1232
1211
1209
1197
1172
1153
954
946
914
757
146501
541
53318
39421
40148
6016
5608
1
5349
5135
4890
4823
4701
4641
4369
4351
4306
4041
4016
3978
3893
3785
3751
3361
4018
5377
5812
6281
5449
117533
2361
1900
78349
8369
106918
55247
3676
6953
106473
44191
107649
88125
68954
65514
8636
4973
318
3948
3301
8861
7373
5507
5219
4069
3882
3809
3300
27904
3275
3257
2641
2359
1061
80551
2082
8928
37733
36401
47640
6754
104283
82461
5971
44555
7361
6985
46970
48394
71057
69712
69526
66934
66097
63992
60684
104841
69640
8972
150
47465
5909
4911
130682
111624
8623
2174
100365
7458
45950
37729
35957
34162
32892
7478
1955
4388
1131
64957
74458
5445
608
52319
121231
48780
4995
4226
1704
1258
27255
6986
6683
4612
4189
48711
8865
104
2424
5952
7844
7153
7090
7022
6857
6539
6350
5902
8874
5782
4993
3996
3265
2997
2924
2019
8795
8961
1103
35836
2068
1265
1176
1283
232
50
47
32025
26554
31221
7376
4721
1721
33794
31878
26585
1274
924
741
434
2273
1617
1291
1036
780
745
494
153
44199
78209
76251
61024
55820
52973
8528
2502
2329
2600
2985
2989
8781
7347
6218
5602
5064
4638
4223
4023
4011
3994
3949
3916
3499
3175
3160
1281
339
1572
94959
96610
96588
96417
95761
95558
95449
95135
94969
94931
96811
91077
90866
90531
90439
90376
90057
89804
89759
96728
96832
66665
101525
103688
103624
103449
103372
103107
102469
102194
101895
101285
97304
99149
99114
98961
98154
97923
97921
97752
97673
89492
89470
89260
72131
74545
74324
73023
72741
72720
72395
72226
72176
72011
88810
71745
71464
1935
70293
69481
67665
67429
67255
78039
78574
78653
79242
88235
88129
87304
86833
86320
85394
83976
82463
82459
82313
81932
81845
81786
81591
81562
80489
80463
105197
105355
105504
134881
142488
141749
140725
140715
140174
139642
139385
137337
134859
128512
134130
133771
133645
132800
132549
132547
132458
131796
143385
144172
146656
148482
111931
111384
82152
66203
47044
138610
164979
164977
163949
163056
161582
161336
160954
158783
156387
155064
148626
128606
128360
106100
111622
112852
112556
112552
112550
112515
112290
112183
112070
111505
128235
111251
111249
110871
107636
107141
106920
106916
106766
113064
114254
114342
114459
127212
127206
127144
127114
127108
123695
123663
122882
118880
118700
117176
116797
116161
115713
115569
115139
114662
67087
71108
64839
34517
7438
7335
7243
7195
6983
6981
6874
6830
6783
6643
6515
6433
6229
5956
5795
5791
5747
7792
7926
8125
8765
26366
26151
26150
25927
25805
8767
8766
8751
8128
8645
8584
64701
8236
8207
8195
8154
5464
5289
5198
2857
3384
3111
3089
3022
2936
2927
2920
2747
3498
2730
2202
2182
2178
2109
1957
1942
3415
3539
5169
4103
4928
4763
4712
4437
4327
4326
4262
3947
3629
3811
3789
3742
3679
3671
3634
3632
31770
8494
37741
60766
55063
55052
54881
54513
58879
60069
54286
56607
54272
53953
61236
61240
53894
53123
58191
57669
38304
55069
55118
55253
55269
55276
55280
55363
55442
55946
56805
56015
56152
56788
56782
53000
56286
52967
42217
47423
47274
46723
46664
45210
45028
41997
64620
41863
41585
40819
40629
64622
39183
52579
47629
64614
48516
61323
61357
52281
52241
51540
50068
49917
49824
48774
48738
63082
63876
48696
79132
1732
3703
135518
2571
68319
109487
27611
94777
1079
260
107999
2542
122886
72998
293
70286
2959
68157
132046
5618
1089
2028
1250
1729
778
34405
319
1245
2677
2330
364
3246
306
588
3030
296
215
1210
