5952
7153
4993
8795
64839
60766
67429
55063
58191
58879
60069
57669
63876
61323
61357
64701
63082
64622
64620
64614
2019
924
5902
3978
3260
26662
61240
61236
6350
5971
33794
50
587
26614
1172
1957
3811
4103
1197
1211
1273
2502
8128
3111
3679
5747
5198
4326
4262
48780
44191
31658
46578
741
104283
6857
1274
52885
4041
350
5349
52973
1103
48394
608
61024
5618
56367
5449
6287
104
6863
1199
914
8961
2857
34162
8154
3789
4327
1209
45720
2571
41997
52281
293
46970
4226
107999
4973
88125
3634
74458
79132
599
3882
37733
60684
2529
2959
55820
8645
5464
7438
50068
5791
55280
6874
1283
3629
7243
62849
47423
48738
47629
48516
48696
45028
48774
49824
49917
45210
46723
41863
47
97938
55363
2028
1265
132046
4011
68319
67997
2692
3809
4995
1258
1732
4890
4306
78349
27773
109487
44555
66097
47099
1079
27611
68954
1089
111624
68157
59725
55247
135518
8928
2396
109249
70286
109374
72998
118997
1028
8874
5299
1210
34321
31878
35836
2068
55069
55442
63131
66934
260
115617
94777
64969
44199
134853
114254
5662
3546
114342
2288
114662
1080
54290
1729
1256
40614
111
1219
114459
247
115713
115139
95441
26585
123695
1721
122886
4721
7376
31221
32025
123663
122882
232
318
1176
118880
3948
118700
117176
116797
116161
8188
115569
68358
93040
6713
73023
27592
113064
2004
2012
2369
112290
2700
3052
72741
112183
3361
3785
3893
112070
111622
111505
4351
4369
4641
4823
111251
5135
111249
5377
5812
6281
6953
1956
1801
1639
357
30745
26554
112556
58559
186
215
236
246
300
337
112550
377
1635
520
529
112515
628
904
1242
1250
1259
1358
1376
1517
112852
7844
127108
2082
164979
164977
163949
163056
161582
121231
52319
161336
5445
7458
8972
104841
80551
7373
1061
160954
2359
2641
3257
3275
3300
3301
158783
156387
4069
5219
1704
138610
27255
6986
1955
7478
32892
111931
35957
37729
45950
111384
82152
130682
66203
2968
4467
4911
5909
47465
296
4388
1131
64957
47044
48711
4189
4612
6683
5507
8861
127114
2924
134859
134130
133771
76251
78209
133645
132800
132549
132547
132458
131796
128606
2997
27904
3265
3996
128512
5782
128360
128235
127212
127206
7022
7090
127144
65514
8528
134881
137337
139385
34405
155064
148626
148482
63992
146656
144172
143385
69526
69712
71057
142488
47640
6985
7361
141749
3030
140725
140715
82461
140174
139642
6754
8865
36401
8636
3113
110871
97673
95135
7792
107636
8125
94969
94959
8195
8207
8236
8494
8584
94931
8751
8765
8766
8767
25805
25927
26150
26151
26366
31770
34517
41585
91077
7335
95449
7195
96588
97304
96832
96811
96728
4437
4712
4763
4928
5169
96610
5289
96417
6983
95761
5795
5956
6229
6433
6515
6643
6783
6830
95558
6981
90866
42217
90531
74324
81562
80489
80463
79242
78653
78574
78039
74545
66665
67087
67255
67665
81786
69481
70293
71108
71464
71745
72011
72131
72176
72226
72395
72720
81591
81845
90439
88129
46664
90376
47274
90057
89804
89759
89492
89470
89260
88810
88235
87304
81932
52579
53953
86833
86320
85394
55946
56015
83976
82463
82459
82313
3947
7926
97752
757
3707
5984
7155
39421
53318
306
319
364
541
588
146501
103449
103624
946
3742
954
1153
103372
103107
102469
102194
1232
1245
1260
3176
103688
101895
2542
107141
3676
106920
106916
106918
8369
106766
1900
2361
1
778
106100
8533
5608
6016
40148
60072
105355
77455
78499
4322
1997
2942
105197
1272
339
2747
2178
99149
1281
3384
3246
98961
2182
3089
2109
3539
3022
2936
2927
101525
1572
1935
1942
3498
3415
101285
2330
99114
97921
3671
2730
3632
2202
2677
97923
2920
98154
117533
100365
1088
112552
3793
106696
3949
5064
1291
105504
6942
3994
1036
8464
1059
38304
40819
858
1610
1200
1120
1042
40629
593
4121
37741
39183
106473
107649
56805
55253
56782
56607
56286
56152
55276
55269
56788
53123
55118
54272
51540
52241
52967
55052
53894
53000
54286
54513
54881
2273
1617
2329
2600
780
494
434
3160
153
3175
3499
3916
4023
2989
4223
4638
5602
2985
7347
8781
7161
2424
4018
3703
6218
661
4701
2085
8623
5
150
69640
2174
1954
6539
745
4016
3751
5481
3114
