61357
63876
55063
57669
58879
60069
60766
61323
63082
58191
64614
64622
64701
64839
67429
64620
61240
61236
27773
55269
54272
54286
54513
54881
55052
55118
56607
55276
56152
56286
56782
56788
56805
53123
53894
55253
53000
52967
52241
51540
55442
55069
46578
4973
7361
56367
61024
4011
48780
8874
111384
41997
52281
5299
2997
62849
7438
6874
8645
55280
50068
5791
5464
2529
44555
2288
2959
55247
93040
4226
5782
55363
6016
74458
3809
44199
48394
26554
31878
41863
46723
48738
45028
45210
47423
47629
48516
48696
48774
49824
49917
47
27592
40148
6985
109249
4995
7243
3629
1283
1079
1061
115617
34321
1732
608
60684
118997
2028
247
8928
7161
2542
8861
1258
1265
2600
5602
2985
153
434
494
780
1617
8781
7347
4223
2329
2989
3499
4638
3160
3916
4023
3175
2273
47099
5971
109374
67997
6539
68954
318
66934
6350
111624
1036
3994
745
68319
5064
1291
2692
68157
64957
78349
293
1089
3949
55820
106918
8636
5812
1
5481
778
5377
5349
1080
5135
4890
60072
77455
78499
4823
4701
4369
4322
6281
65514
1729
117533
8369
4351
5449
94777
1900
1028
3676
1256
106473
44191
3703
3546
107649
2361
88125
1088
3113
4016
3893
58559
5
186
904
1376
215
236
1358
246
300
337
357
377
1259
520
1250
529
1242
587
628
661
1517
52885
31658
2085
3785
3751
3361
3114
3052
2700
2396
2369
5662
1059
30745
2004
1956
1954
1801
6287
6713
8188
1639
1635
2012
599
111
3030
121231
52319
5445
7458
8972
69640
104841
2082
80551
2641
3257
3275
3300
3301
4069
5219
5507
7373
27904
34405
66097
69526
69712
71057
46970
27255
6986
6683
107999
1955
7478
32892
34162
35957
37729
45950
100365
150
2174
8623
130682
4612
1199
2968
4467
4911
5909
47465
296
4388
1131
48711
4189
47640
5618
40614
82461
8795
8961
26585
33794
122886
4721
7376
31221
32025
50
232
1176
2068
3948
4018
8464
26614
26662
6863
68358
95441
97938
106696
134853
54290
7844
7090
7022
1042
104283
6754
8865
36401
104
2502
8528
76251
78209
593
858
1120
6857
1200
1610
3793
4121
741
1274
2019
2924
3265
3996
4993
1997
339
80463
98154
97921
97752
97673
97304
96832
96811
96728
96610
96588
96417
95761
95558
95449
95135
94969
97923
98961
72176
99114
106100
105504
105355
105197
103688
103624
103449
103372
103107
102469
102194
101895
101525
101285
99149
94959
94931
91077
90866
82463
82459
82313
81932
81845
81786
81591
81562
80489
79242
78574
164977
78039
74545
74324
83976
85394
86320
89492
90531
90439
90376
90057
89804
89759
89470
86833
89260
88810
88235
138610
88129
87304
106766
164979
106916
127212
139385
137337
134881
134859
134130
133771
133645
132800
132549
132547
132458
131796
128606
128512
128360
139642
140174
140715
155064
163056
161582
161336
160954
158783
156387
148626
140725
148482
146656
144172
143385
142488
141749
128235
127206
106920
127144
112852
112556
112552
112550
112515
112290
112183
112070
111622
111505
111251
111249
110871
107636
107141
113064
114254
114342
118700
127114
127108
123695
123663
122882
118880
117176
114459
116797
116161
115713
115569
115139
114662
72741
163949
4327
3539
3789
3742
3679
3671
3634
3632
3498
2927
3415
3384
3246
3111
3089
3022
3811
3947
4103
4262
4326
319
4437
4712
4763
4928
5169
5198
541
5747
5795
5956
6229
2936
2920
6515
1172
1260
1245
1232
1211
1209
1197
1153
2857
954
82152
946
914
757
146501
1272
1273
1281
1572
364
1935
1942
1957
2109
2178
2182
2202
2330
2677
2730
2747
66203
6433
5289
6643
26366
34517
37741
38304
39183
40629
40819
41585
42217
46664
47274
306
52579
53953
55946
56015
47044
53318
67255
111931
5984
3176
64969
63131
45720
8533
31770
588
26151
8765
8128
7926
8154
7792
8195
8207
8236
7335
7195
8494
8584
8751
6983
8766
6981
8767
6830
6783
25805
25927
26150
8125
1704
1219
5608
924
5952
7153
3978
4641
3260
5902
79132
63992
35836
3882
37733
260
2424
2942
3707
109487
39421
2359
1103
350
4041
52973
67665
1210
59725
6218
72131
72226
66665
67087
69481
70293
78653
71108
71464
71745
72011
73023
72720
72395
1721
72998
6953
135518
2571
70286
7155
4306
6942
132046
27611
