6539
1245
3246
2677
2330
306
319
364
588
47099
69640
2028
215
2571
105504
293
47423
49824
48738
49917
48696
48516
47629
48774
46723
45210
45028
41863
96588
95558
94931
94959
1721
96728
96811
97304
97752
97921
95135
97923
99149
98154
101525
95449
4369
98961
99114
44199
5299
44555
96832
96610
106696
97938
34321
8874
118997
132046
59725
35836
31878
63131
1028
2424
7161
101895
102194
103624
105197
105355
106100
106766
106916
106920
107141
103372
97673
103107
4973
6942
46578
46970
94777
1265
6218
63992
56367
64969
27611
6350
4018
6863
135518
70286
115617
72998
66934
79132
8865
661
1250
1242
1059
904
587
628
1358
529
520
377
357
350
1259
1517
1376
300
1635
1639
1801
1954
1956
2004
2012
2085
2369
2396
2692
2700
337
5909
246
2288
1131
40614
4388
296
111
247
47465
1079
1080
1089
1219
1256
1729
3546
236
5662
6287
6713
8188
27592
30745
31658
52885
58559
67997
5
186
3113
3052
3260
3114
40148
55247
106918
8369
78349
111624
8623
1900
2361
117533
1
778
2542
5608
6016
2174
64957
60072
150
4322
100365
45950
37729
35957
1088
1997
2942
34162
32892
7478
1955
5449
3676
106473
130682
3361
3751
3785
3893
3978
4016
4041
4306
4351
4911
4641
4701
4823
4467
4890
5135
5377
5481
5812
6281
6953
8636
65514
2968
1199
68954
88125
107649
44191
54290
4189
48711
5507
494
593
745
780
858
1036
1042
1120
1200
1291
1610
1617
2273
2329
2600
2985
2989
3160
3175
3499
3793
3916
3949
3994
4023
4121
4223
4638
5064
434
153
6754
78209
104283
82461
36401
5971
5618
3030
7361
6985
47640
71057
69712
69526
68157
66097
48394
37733
104
1103
34405
27904
8928
2502
8861
7373
8528
52973
55820
61024
76251
5602
5219
7347
8781
2641
50
232
318
2359
1732
3948
1061
80551
2082
104841
8464
26614
26662
8972
7458
5445
608
68358
93040
95441
52319
121231
109374
1258
27255
6986
6683
4612
32025
31221
7376
3809
4069
741
924
1274
3882
2924
2997
3265
3996
4993
5782
5902
5952
3301
4721
6857
7022
45720
7153
7844
8795
3300
8961
26554
26585
3275
33794
3257
7090
599
58879
89759
89470
89260
88810
88235
88129
87304
86833
86320
85394
83976
82313
81786
78653
73023
72741
89492
89804
72395
90057
111249
110871
107636
103688
103449
102469
101285
96417
95761
94969
91077
90866
90531
90439
90376
72720
72226
55442
63082
61323
61240
61236
60766
60069
3176
58191
57669
56805
56788
56782
56607
56286
56152
56015
61357
63876
72176
64614
72131
72011
71745
71464
71108
70293
69481
67665
67429
67087
66665
64839
64701
64622
64620
111251
111505
111622
148482
144172
143385
142488
141749
140725
140715
140174
139642
139385
137337
134881
134859
134130
133771
133645
146656
148626
112070
155064
111931
111384
82152
66203
47044
138610
164979
164977
163949
163056
161582
161336
160954
158783
156387
132800
132549
132547
132458
115713
115569
115139
114662
114459
114342
114254
113064
112852
112556
112552
112550
112515
112290
112183
116161
116797
117176
127206
131796
128606
128512
128360
128235
127212
127144
118700
127114
127108
123695
123663
122882
118880
55946
339
6643
5464
6433
6229
5956
5795
5791
5747
5289
1272
5198
5169
4928
1273
4763
4712
6515
6783
4327
7792
8207
8195
8154
8128
8125
7926
7438
6830
7335
7243
7195
6983
6981
6874
4437
1281
1957
2730
3022
2936
2927
2920
2857
2747
2202
3089
2182
2178
1572
1935
2109
1942
1283
3111
4326
3679
4262
4103
3947
3811
3789
3742
3671
3384
3634
3632
3629
3539
3498
3415
8236
8494
8584
52241
53123
53000
52967
52579
52281
7155
51540
8645
50068
39421
53318
47274
46664
42217
53894
53953
54272
54286
54513
54881
55052
55063
55069
55118
5984
55253
55269
55276
55280
3707
55363
541
41997
41585
40819
8751
8765
8766
8767
25805
1260
1232
25927
1211
1209
26150
1197
1172
1153
954
946
39183
914
757
146501
40629
26366
31770
26151
34517
37741
38304
47
27773
4995
77455
62849
78499
1176
2959
4011
2068
2529
1704
74458
81591
67255
74324
74545
78039
78574
79242
80463
81562
80489
81845
81932
82459
82463
48780
109487
4226
60684
109249
3703
134853
68319
107999
122886
1210
8533
2019
5349
260
