94959
97304
94931
99149
99114
98961
98154
97923
97921
97752
101525
96728
96588
95558
95449
95135
96811
8795
4993
7153
5952
96832
96610
2019
81845
81932
82459
82463
81591
81562
80489
80463
79242
78574
78039
74545
74324
67255
4369
3246
2330
1245
588
364
319
306
2677
2571
64839
60069
61323
67429
58879
58191
60766
57669
55063
64622
64620
64614
63876
63082
61357
64701
61240
61236
78499
97938
2028
215
79132
77455
132046
74458
293
27611
135518
70286
72998
1210
109487
44199
46578
47099
260
494
45720
2329
434
780
153
1617
2273
3916
2600
3499
66665
67087
4023
69481
70293
71108
71464
71745
72011
72131
72226
2985
72395
72720
3175
73023
4638
5602
7347
8781
3160
2989
78653
4223
3994
67665
47423
45210
47629
41863
49917
48738
45028
48774
46723
48696
48516
49824
4011
1036
67997
745
40614
1291
5064
44555
3949
3546
48780
6218
68157
1258
2529
59725
5299
2959
78349
7161
608
62849
3809
4226
1732
55247
4995
1079
4973
27773
47
115617
8928
109249
109374
236
246
300
337
350
357
130682
111624
377
520
78209
31658
1199
1729
4467
106696
118997
134853
54290
111
247
1080
1089
1219
1256
2288
186
5662
6287
6713
8188
27592
30745
587
52885
58559
2968
5
529
1358
107999
628
3785
37729
3893
3978
4016
4041
4306
4351
35957
4641
34162
32892
4701
7478
4823
4890
5135
5349
5377
5481
5812
6281
6953
8636
1955
65514
68954
88125
107649
3751
3361
3260
1954
661
904
1059
1242
1250
1259
93040
1376
8623
1517
1635
1639
1801
1956
3114
2004
2012
2085
2369
2396
2174
2692
150
100365
45950
2700
3052
3113
95441
296
4911
3300
60684
48394
37733
34405
27904
8861
7373
5507
5219
4069
3882
3301
3275
66097
3257
2641
2359
1061
80551
2082
104841
69640
8972
7458
5445
52319
63992
66934
68358
8865
55820
52973
593
8528
858
1042
1120
1200
1610
1103
104
36401
6754
68319
104283
82461
5971
5618
3030
7361
6985
47640
46970
71057
69712
69526
121231
3793
4121
1176
31878
33794
1721
122886
4721
7376
31221
32025
35836
50
232
318
76251
44191
1265
2068
2424
3948
4018
8464
26614
26662
47465
34321
5909
56367
26585
26554
8961
8874
1704
27255
6986
741
6683
924
1274
4612
4189
2924
2997
3265
3996
48711
5782
5902
64957
6350
6539
6857
7022
7090
1131
7844
4388
3703
599
106473
89470
102194
101895
101285
97673
96417
95761
94969
91077
90866
90531
90439
90376
90057
89804
89759
102469
103107
103372
106916
111251
111249
110871
107636
107141
106920
106766
103449
106100
105504
105355
105197
103688
103624
89492
89260
111622
88810
55946
55442
55363
55280
55276
55269
55253
55118
55069
55052
54881
54513
54286
54272
53953
56015
56152
56286
83976
88235
88129
87304
86833
86320
85394
82313
56607
81786
72741
72176
56805
56788
56782
111505
112070
53123
132800
146656
144172
143385
142488
141749
140725
140715
140174
139642
139385
137337
134881
134859
134130
133771
148482
148626
155064
164979
111931
111384
82152
66203
47044
138610
164977
156387
163949
163056
161582
161336
160954
158783
133645
132549
112183
132547
116161
115713
115569
115139
114662
114459
114342
114254
113064
112852
112556
112552
112550
112515
112290
116797
117176
118700
127212
132458
131796
128606
128512
128360
128235
127206
118880
127144
127114
127108
123695
123663
122882
3676
53894
53000
2182
2109
1957
1942
1935
1572
1283
1281
1273
1272
1260
1232
1211
1209
1197
1172
2178
2202
52967
2730
3634
3632
3629
3539
3498
3415
3384
3111
3089
3022
2936
2927
2920
2857
2747
1153
954
946
914
4322
60072
40148
6016
5608
2542
778
1
117533
2361
1900
94777
8369
106918
5449
1028
1088
1997
5984
757
146501
541
53318
39421
7155
3707
2942
3176
64969
63131
8533
6942
6863
3671
3679
3742
8125
26151
26150
25927
25805
8767
8766
8765
8751
8645
8584
8494
8236
8207
8195
8154
26366
31770
34517
46664
52579
52281
52241
51540
50068
47274
42217
37741
41997
41585
40819
40629
39183
38304
8128
7926
3789
7792
5747
5464
5289
5198
5169
4928
4763
4712
4437
4327
4326
4262
4103
3947
3811
5791
5795
5956
6874
7438
7335
7243
7195
6983
6981
6830
6229
6783
6643
6515
6433
339
2502
61024
