1200
858
4121
1610
593
1120
1042
5952
7153
3793
4993
8795
153
8781
7347
5602
4638
4223
4023
3916
3160
3499
3175
2989
2985
2600
2329
2273
1617
780
494
434
745
2019
260
50
8961
26614
293
3978
5902
3260
1036
3994
4011
3949
1291
5064
2959
924
3114
1729
778
8645
5464
7438
5791
50068
55280
6874
5608
44199
6218
55363
61240
61236
106473
2571
41997
52281
4226
1219
132046
2542
8128
3679
3811
4103
4262
4326
3111
1957
1273
1211
1197
5198
5747
1172
2968
318
1210
1079
1704
47
68954
48394
47465
4911
4467
296
2529
27611
55069
55442
79132
62849
1199
122886
135518
1732
107999
70286
27773
72998
4995
3361
109487
134853
3703
109249
74458
1258
111384
2068
121231
1061
68319
914
4306
4041
4322
4016
4351
1131
3893
4388
4369
757
4641
146501
7478
588
4701
4823
541
4890
364
946
3751
3785
1956
1250
1259
1358
1376
1517
1635
1639
48711
1801
1954
2004
5349
2012
2085
2369
2396
2700
3052
3113
1955
954
64957
5135
5377
319
1
8369
6942
1900
111624
2942
8623
2361
2174
117533
1997
150
78499
100365
45950
37729
35957
6016
40148
60072
1088
77455
34162
106918
5449
3676
130682
306
5481
5812
5909
6281
6953
32892
8636
53318
39421
7155
5984
88125
107649
1059
44191
3707
3176
59725
45720
8533
1242
8865
661
26554
8861
7373
5507
5219
4069
3882
3809
3301
3300
3275
3257
2641
2359
80551
741
2082
1274
104841
8972
2997
7458
5782
5445
608
6857
8928
27904
34405
5971
104
1103
2502
8528
52973
61024
76251
78209
6754
104283
82461
5618
37733
3030
7361
6985
47640
71057
69712
69526
68157
66097
63992
60684
52319
26585
628
33794
6713
6986
6683
8188
27592
30745
31658
52885
58559
67997
5
186
215
236
36401
300
337
350
4612
357
377
4189
520
529
587
6287
5662
3546
26662
1721
4721
7376
31221
32025
232
1176
2424
3948
8464
1153
68358
2288
93040
95441
97938
109374
54290
40614
111
247
1080
1256
27255
246
599
1209
97304
96811
96728
96610
96588
96417
95761
95558
95449
95135
94969
94959
94931
91077
90866
90531
90439
90376
96832
97673
106100
97752
105197
103688
103624
103449
103372
103107
102469
102194
101895
101525
101285
99149
99114
98961
98154
97923
97921
90057
89804
89759
89492
79242
78653
78574
78039
74545
74324
73023
72741
72720
72395
1232
72176
72131
72011
71745
71464
71108
80463
80489
81562
86320
89470
89260
88810
88235
88129
87304
86833
85394
81591
83976
82463
82459
82313
81932
81845
81786
105355
106766
69481
143385
141749
140725
140715
140174
139642
139385
137337
134881
134859
134130
133771
133645
132800
132549
132547
132458
131796
142488
144172
106916
146656
111931
82152
66203
47044
138610
164979
164977
163949
163056
161582
161336
160954
158783
156387
155064
148626
148482
128606
128512
128360
128235
113064
112852
112556
112552
112550
112515
112290
112183
112070
111622
111505
111251
111249
110871
107636
107141
106920
114254
114342
114459
122882
127212
127206
127144
127114
127108
123695
123663
118880
114662
118700
117176
116797
116161
115713
115569
115139
70293
72226
34517
8195
8125
7926
7792
7335
7243
7195
6983
6981
6830
6783
6643
6515
6433
6229
5956
5795
5289
8154
8207
42217
8236
40819
40629
39183
38304
37741
31770
26366
26151
26150
25927
25805
8767
8766
8765
8751
8584
8494
5169
4928
4763
4712
2747
2730
2677
2330
2202
2182
2178
2109
2028
1942
1935
1572
1283
1281
1272
1260
1245
2857
2920
2927
3632
4437
4327
3947
3789
3742
3671
3634
3629
2936
3539
3498
3415
3384
3246
3089
3022
41585
339
63876
64620
57669
55063
58191
58879
60069
53953
60766
61323
61357
63082
52579
55946
64614
56015
64622
47274
64701
67665
46664
64839
66665
67087
67429
67255
115617
66934
1089
6863
4018
78349
6350
64969
2692
94777
46970
4973
7161
55247
1265
1028
63131
35836
118997
8874
34321
106696
48780
105504
55820
56367
5299
46578
51540
53894
52241
52967
53000
904
53123
55276
55118
56152
54286
54513
54881
55269
55052
54272
55253
56805
56788
56782
56607
56286
65514
47099
44555
69640
31878
7022
3265
6539
48738
47629
2924
45028
45210
46723
47423
3996
48774
7090
7844
49917
48516
49824
48696
41863
