4226
1219
4121
1200
593
858
1120
1042
1610
2959
5608
608
296
31770
1260
41585
115139
1250
1256
56015
8767
8236
8766
8765
8751
7335
7195
6830
6515
5289
5169
2182
1153
236
52973
1103
350
4041
3793
25927
46664
3809
1079
1089
1704
48780
55820
1210
47
778
1729
37733
3882
79132
2692
4973
2529
260
2924
7090
3996
7844
68157
1732
8928
1258
109249
62849
46578
109374
2542
7022
3265
74458
4995
31878
65514
27773
2019
132046
2068
122886
107999
27611
109487
68319
134853
2571
135518
3703
70286
72998
4467
4351
4369
4641
1131
4701
4388
47465
5909
4911
4823
5135
5349
5377
4306
5481
5812
6281
6953
8636
2968
68954
1199
88125
130682
107649
64957
104283
44191
4016
1059
1242
6986
1259
1376
1517
1635
1639
1801
1954
1956
2004
2012
2085
2369
6683
2700
4612
3052
3113
3260
3361
3751
4189
3785
3893
3978
48711
111624
661
106473
6863
8533
45720
63131
64969
3176
3707
5984
7155
39421
53318
306
319
364
541
7478
588
146501
757
914
946
954
1955
1172
1197
1209
1211
2942
1997
1088
117533
3676
8623
5449
55247
106918
8369
78349
94777
2174
1900
100365
2361
1
1028
45950
37729
35957
34162
6016
40148
47099
60072
32892
77455
78499
4322
904
628
6754
1265
5902
5952
6350
6539
6857
34405
27904
7153
8861
8795
8874
8961
26554
26585
7373
33794
5507
4721
7376
31221
32025
35836
5219
50
232
318
1176
5782
4993
48394
44555
8865
36401
104
82461
2502
8528
5971
5618
61024
76251
78209
3030
7361
60684
6985
47640
46970
71057
69712
741
924
1274
69526
66934
66097
2997
4069
3301
587
3948
2288
7458
3546
5662
6287
6713
8188
27592
5445
30745
31658
52885
52319
58559
67997
5
186
215
121231
246
300
337
27255
357
377
520
529
8972
69640
104841
93040
4018
3300
5299
7161
8464
26614
26662
3275
34321
3257
56367
68358
1232
2082
97938
106696
2641
2359
118997
1061
54290
40614
111
247
80551
1080
95441
599
1245
72131
97921
97752
97673
97304
96832
96811
96728
96610
96588
96417
95761
95558
95449
95135
94969
94959
94931
97923
98154
98961
103449
106766
106100
105504
105355
105197
103688
103624
103372
99114
103107
102469
102194
101895
101525
101285
99149
91077
90866
90531
78574
81786
81591
1272
80489
80463
79242
78653
78039
81932
74545
74324
73023
72741
72720
72395
72226
81845
82313
90439
88810
90376
90057
89804
89759
89492
89470
89260
88235
82459
88129
87304
86833
86320
85394
83976
82463
106916
106920
107141
139385
143385
142488
141749
140725
140715
140174
139642
137337
146656
134881
134859
134130
133771
133645
132800
132549
144172
148482
132458
164977
111931
111384
82152
66203
47044
138610
164979
163949
148626
163056
161582
161336
160954
158783
156387
155064
132547
131796
107636
112515
114342
114254
113064
112852
112556
112552
112550
112290
114662
112183
112070
111622
111505
111251
111249
110871
114459
115569
128606
127108
128512
128360
128235
127212
127206
127144
127114
123695
115713
123663
122882
118880
118700
117176
116797
116161
72176
81562
72011
7243
8494
8207
8195
8154
8128
8125
7926
7792
7438
6983
5464
6981
6874
6783
6643
6433
6229
5956
5795
5791
8584
8645
25805
26150
48696
71745
47629
47423
47274
46723
45210
45028
42217
41997
41863
40819
40629
39183
38304
37741
34517
26366
26151
5747
5198
48774
2202
3022
2936
2927
2920
2857
2747
2730
2677
2330
2178
4928
2109
2028
1957
1942
1935
1572
1283
1281
1273
3089
3111
3246
3384
4763
4712
4437
4327
4326
4262
4103
3947
3811
3789
3742
3679
3671
3634
3632
3629
3539
3498
3415
48738
48516
49824
55363
57669
56805
56788
56782
56607
56286
56152
55946
55442
55280
58879
55276
55269
55253
55118
55069
55063
55052
49917
54513
58191
60069
54272
64839
71464
71108
70293
69481
67665
67429
67255
67087
66665
64701
60766
64622
64620
64614
63876
63082
61357
61323
61240
61236
54286
54881
53953
53000
50068
51540
52241
52281
52579
53894
52967
339
53123
63992
6942
115617
59725
2424
150
3114
1721
3949
4890
2396
293
6218
4011
5064
1291
745
3994
1036
1358
44199
434
153
780
494
4223
1617
8781
7347
4638
2273
2329
2600
5602
2989
3160
3175
3499
3916
4023
2985
