128606
128360
133645
146656
143385
142488
141749
115713
127114
140174
139385
137337
134881
134130
148626
122882
134859
61240
61236
127108
57669
58879
60069
60766
61323
61357
63082
63876
55063
64614
64620
64622
64701
64839
67429
58191
134853
112556
112852
114342
112290
114662
112183
115569
116161
116797
117176
111622
118700
118880
112515
2959
48780
48394
4011
78499
111251
41997
52281
55363
109374
8645
5464
5791
7438
6874
50068
55280
2028
44199
97304
101525
98961
98154
97923
97921
94931
94959
97752
99114
96728
96588
95558
95449
96811
95135
99149
4226
296
47
67665
79132
71745
71464
72131
71108
69481
70293
72395
67087
72226
72720
78653
73023
72011
66665
68157
293
55442
55069
1
1245
3246
588
364
2677
319
306
2330
1732
96610
96832
68954
78574
81932
82463
82459
79242
81845
81591
81562
74545
80463
78039
67255
74324
80489
8781
7347
5602
2985
153
434
780
1617
2273
2329
4638
2600
2989
3160
3175
3499
3916
4023
4223
494
1258
46578
70286
1283
7243
3629
1200
1042
1610
858
593
1120
4121
1080
48696
48774
48516
49824
49917
48738
47629
47423
46723
45210
45028
41863
74458
8874
27773
62849
112552
2529
1079
1089
1729
778
2542
117533
3949
2571
61024
5608
1036
3793
3809
745
4995
6016
1291
88125
67997
77455
541
3022
8125
954
58559
122886
215
7926
94969
128512
161336
757
101285
102469
133771
114254
114459
113064
127206
4763
111249
111505
112550
132800
53953
110871
52579
109249
44555
132046
4973
1704
115617
47099
3994
2936
2361
97938
5064
7153
5952
72998
40148
1219
56367
2288
111384
27592
34405
6942
8861
924
2920
8795
4993
1210
66934
60072
3634
3260
3978
5902
109487
26614
50
2730
27611
608
4306
1517
520
8961
5445
33794
2692
8928
60684
81786
31878
7361
26585
5782
111
95761
103449
103688
96417
132547
8494
5956
6218
66097
53318
2019
5299
52319
93040
135518
1176
3265
7022
78349
3114
118997
599
1061
55276
56152
53000
52967
53894
56286
56607
52241
51540
54272
56782
54286
56788
53123
55052
54513
55269
55253
55118
56805
54881
4388
68319
1265
130682
2997
247
2359
3030
106473
69712
260
1997
318
2174
26554
1088
111624
34321
4018
1721
2068
94777
2424
63992
112070
107636
82313
2924
72741
72176
7090
56015
3996
55946
2857
31221
7844
4721
6713
6287
5662
8766
8767
25805
1256
25927
26150
26151
31770
54290
34517
41585
42217
46664
8464
2747
32025
123663
7376
115139
6754
78209
82152
121231
163056
163949
164977
164979
138610
47044
66203
27255
6986
6683
4612
4189
48711
1131
160954
47465
5909
4911
4467
2968
8623
150
100365
45950
37729
35957
32892
7478
1955
161582
158783
123695
140715
8528
104
36401
8865
8765
127144
127212
128235
6985
47640
131796
132458
132549
139642
140725
8972
27904
144172
148482
5507
5219
4069
155064
3301
3300
3257
156387
80551
2082
104841
8188
339
8751
4641
3789
3742
5812
3679
5481
146501
5377
3632
5135
4890
4823
4701
4369
3113
4351
6983
914
946
3539
1153
4016
7195
3785
1172
3361
7335
3811
5984
3176
45720
3676
6830
5449
6981
65514
6953
6281
8369
6783
6643
1900
30745
6515
6433
5795
5747
5289
5198
5169
4327
4326
4262
4322
4103
8533
1197
3893
3052
587
529
8195
1273
1281
3415
1572
1935
1942
377
357
1957
2182
337
2202
300
246
236
3111
186
5
8236
3089
8584
2927
31658
2700
1260
8154
1956
1376
1232
1635
1639
1801
1954
2004
1358
1209
2012
2085
2369
2396
8128
1211
107649
628
1250
1242
1059
904
1259
661
55820
59725
5971
2942
2641
3707
69526
5618
39421
7458
3703
232
26662
107999
69640
105504
6539
7155
82461
7373
3751
5349
47274
7792
2502
6857
4712
4928
3498
4437
1274
3671
741
3947
6229
68358
1272
40819
40629
39183
38304
37741
3384
2109
104283
2178
26366
8207
52885
3275
6863
40614
7161
1199
1028
86320
85394
83976
86833
87304
88129
88235
88810
89260
91077
90531
89470
89492
89759
89804
90057
90376
90866
90439
3546
6350
46970
3882
37733
64957
63131
35836
44191
55247
106696
71057
34162
3948
76251
1103
350
52973
4041
106918
107141
106916
106920
103372
106766
106100
105355
105197
103624
103107
102194
101895
97673
95441
111931
64969
8636
