260
608
1042
1
4121
1610
1120
1200
593
858
78499
1103
350
52973
4041
134853
1210
3793
2019
132046
3809
2068
115617
109249
55820
122886
37733
3882
107999
4973
27611
109487
8928
68319
135518
2571
46578
3703
109374
70286
72998
79132
3114
2692
2396
2700
2369
2085
3052
3113
30745
3260
3361
3751
3785
3893
27773
27592
8188
6713
6287
5662
3546
2529
2288
2012
215
2004
1956
236
246
300
186
5
337
67997
58559
357
377
520
529
587
628
661
904
52885
1059
3978
1242
1250
1259
1358
1376
1517
31658
1635
1639
1801
1954
4701
4016
4306
319
306
53318
39421
7155
5984
3707
3176
64969
63131
59725
45720
8533
6942
6863
2942
1997
364
541
588
1211
1283
1281
1273
1272
1260
1245
1232
1209
146501
1197
1172
1153
954
946
914
757
1088
1028
4322
5377
68954
65514
8636
6953
6281
5812
5481
5349
107649
5135
4890
4823
1219
4641
4369
4351
88125
44191
77455
2361
62849
60072
47099
40148
6016
5608
117533
1900
106473
94777
78349
8369
106918
55247
5449
3676
1256
56367
1089
44555
4069
3301
3300
3275
3257
2641
2359
1061
80551
2082
104841
69640
8972
7458
5445
5219
5507
7373
68157
6985
47640
46970
71057
69712
69526
66934
8861
66097
63992
60684
48394
34405
27904
52319
121231
48780
100365
1199
130682
111624
8623
2174
150
45950
4467
37729
35957
34162
32892
7478
1955
2968
4911
4995
4612
4226
1704
1258
27255
6986
6683
4189
5909
48711
74458
64957
1131
4388
47465
7361
3030
1080
5618
3948
2424
1265
1176
318
232
50
47
35836
32025
31221
7376
4721
1721
33794
4018
5299
7161
97938
247
111
40614
54290
118997
106696
95441
8464
93040
68358
1935
34321
26662
26614
31878
26585
26554
2502
924
741
78209
76251
61024
8528
104
2924
36401
8865
6754
104283
82461
5971
1274
2997
8961
6857
8874
8795
7844
7153
7090
7022
6539
3265
6350
5952
5902
5782
4993
3996
1572
599
1942
97752
97304
96832
96811
96728
96610
96588
96417
95761
95558
95449
95135
94969
94959
94931
91077
90866
90531
97673
97921
106766
97923
105504
105355
105197
103688
103624
103449
103372
103107
102469
102194
101895
101525
101285
99149
99114
98961
98154
90439
90376
90057
89804
80489
80463
1957
78653
78574
78039
74545
74324
73023
72741
72720
72395
72226
72176
72131
72011
71745
81562
81591
81786
87304
89759
89492
89470
89260
88810
88235
88129
86833
81845
86320
85394
83976
82463
82459
82313
81932
106100
106916
71108
144172
142488
141749
140725
140715
140174
139642
139385
137337
134881
134859
134130
133771
133645
132800
132549
132547
132458
143385
146656
106920
148482
111931
111384
82152
66203
47044
138610
164979
164977
163949
163056
161582
161336
160954
158783
156387
155064
148626
131796
128606
128512
128360
114254
113064
112852
112556
112552
112550
112515
112290
112183
112070
111622
111505
111251
111249
110871
107636
107141
114342
114459
114662
123663
128235
127212
127206
127144
127114
127108
123695
122882
115139
118880
118700
117176
116797
116161
115713
115569
71464
79242
70293
7438
8494
8236
8207
8195
8154
8128
8125
7926
7792
7335
8645
7243
7195
6983
6981
6874
6830
6783
6643
6515
8584
8751
6229
38304
69481
45028
42217
41997
41863
41585
40819
40629
39183
37741
8765
34517
31770
26366
26151
26150
25927
25805
8767
8766
6433
5956
46723
2920
3498
3415
3384
3246
3111
3089
3022
2936
2927
2857
3629
2747
2730
2677
2330
2202
2182
2178
2109
2028
3539
3632
5795
4437
5791
5747
5464
5289
5198
5169
4928
4763
4712
4327
3634
4326
4262
4103
3947
3811
3789
3742
3679
3671
46664
45210
47274
55269
56607
56286
56152
56015
55946
55442
55363
55280
55276
55253
56788
55118
55069
55063
55052
54881
54513
54286
54272
53953
56782
56805
47423
64614
67665
67429
67255
67087
66665
64839
64701
64622
64620
63876
57669
63082
61357
61323
61240
61236
60766
60069
58879
58191
53894
339
49824
50068
48516
49917
48696
48738
51540
52241
52281
52579
52967
53000
53123
48774
47629
293
6218
1732
3949
4011
5064
1291
745
3994
1036
1079
44199
296
2542
1617
780
494
434
153
3175
3916
8781
2329
2600
2985
2989
3160
3499
2273
4023
4223
4638
5602
7347
2959
778
1729
