2396
1610
1200
1120
1042
858
593
4121
1258
1997
3793
4890
2361
306
364
1245
588
319
2677
3246
2330
47
2288
111
74458
2028
130682
215
5608
78349
27592
1732
53318
48780
293
1219
2959
4226
3949
1704
27773
1954
6281
4823
1059
5135
904
661
5349
5377
628
5481
529
5812
8636
6953
4641
65514
68954
88125
520
377
350
337
300
246
236
4701
4369
1956
4351
2004
2012
2085
2369
1801
1639
2692
1635
2700
1517
1376
1358
3113
1259
3114
3260
3361
3751
3785
3893
3978
1242
4016
4041
4306
599
8369
107649
946
1153
1172
1197
1209
1211
1232
1260
1272
1273
1281
1283
1572
1935
1942
1957
2109
2178
2182
2202
2730
2747
2857
2920
2927
2936
3022
3089
3111
3384
954
914
44191
757
106473
3676
5449
106918
5
1900
117533
1
6016
40148
47099
60072
62849
77455
78499
4322
1028
1088
2942
8533
45720
59725
3176
3707
5984
7155
39421
541
146501
186
3546
67997
3300
7373
5507
5219
4069
3882
3301
3275
8928
3257
2641
2359
1061
80551
2082
8861
27904
58559
6985
104283
82461
5618
3030
44555
7361
47640
37733
71057
69712
69526
66097
63992
48394
104841
69640
8972
100365
4467
2968
1199
8623
2174
150
45950
7458
37729
35957
34162
32892
7478
1955
4911
5909
47465
4388
1131
64957
48711
4189
4612
6683
6986
27255
4995
121231
52319
608
5445
6754
8865
36401
26614
97938
95441
93040
68358
46578
26662
8464
31221
3948
2424
1176
318
232
50
106696
109249
134853
54290
40614
247
1080
1256
2529
3498
5662
6287
6713
8188
30745
31658
52885
32025
7376
104
78209
2997
2924
2019
1274
924
741
76251
4721
61024
55820
52973
8528
2502
1103
3265
3996
4993
5782
5902
5952
6857
7022
7090
7153
7844
8795
8961
26554
26585
33794
1721
3415
339
3539
94931
96417
95761
95558
95449
95135
94969
94959
91077
96610
163056
90866
90531
90439
90376
90057
89804
96588
96728
72176
98961
102469
102194
101895
101525
101285
99149
99114
98154
96811
161582
97923
97921
97752
97673
97304
96832
89759
89492
89470
78653
81845
81786
81591
81562
80489
80463
79242
78574
163949
78039
74545
74324
73023
72741
72720
72395
81932
146656
82313
82459
164977
89260
88810
164979
138610
88235
88129
87304
3629
86833
86320
47044
85394
83976
82463
103107
103372
103449
127206
132458
131796
128606
128512
128360
128235
127212
127144
117176
127114
127108
123695
123663
122882
155064
118880
132547
132549
132800
133645
143385
142488
141749
140725
140715
140174
139642
139385
137337
134881
134859
134130
133771
148482
148626
118700
116797
103624
107141
111622
111505
161336
111251
111249
110871
107636
106920
116161
106916
106766
106100
105504
105355
105197
103688
160954
112070
112183
112290
115713
115569
115139
156387
114662
114459
114342
114254
158783
113064
112852
112556
112552
112550
112515
72226
144172
72131
6433
47274
72011
5747
5791
5795
5956
6229
6515
52241
6643
46723
111384
46664
111931
45210
6783
5464
5289
5198
47423
50068
49917
49824
48774
48738
7243
48696
48516
47629
4327
4437
4712
4763
4928
5169
45028
6830
6874
8766
6983
8751
8645
8584
8494
7195
8236
8207
8195
8154
8128
8125
7926
7792
7438
8765
8767
42217
25805
6981
41997
41863
41585
40819
40629
39183
38304
37741
34517
31770
26366
26151
26150
25927
51540
4326
52281
3634
3671
63082
82152
61357
61323
61240
61236
60766
60069
3679
58879
58191
52579
56805
3742
63876
64614
56782
64620
71745
71464
71108
70293
69481
67665
67429
67255
67087
66203
66665
64839
64701
3632
64622
56788
57669
55052
55276
55253
55118
55069
55063
4103
54881
54513
54286
4262
54272
53953
53894
53123
53000
52967
55269
7335
3947
55280
56607
56286
3789
56152
56015
3811
55946
55442
55363
1079
2542
68157
1089
66934
778
1729
4011
5064
1291
745
6863
4018
3994
1036
6350
64969
56367
44199
46970
6942
6539
115617
7161
109374
63131
31878
4638
3916
587
3052
296
8781
7347
5602
4223
4023
3499
2273
780
3160
2989
2985
153
2600
2329
434
494
3175
1617
35836
118997
2068
8874
34321
55247
60684
111624
3703
135518
2571
68319
5971
109487
4973
6218
5299
27611
3809
34405
260
79132
107999
94777
122886
72998
70286
132046
1250
357
1265
1210
