111
2924
5747
8125
3811
3947
4103
4262
4326
50
4437
4712
4928
5198
8207
4121
3679
6229
1610
7844
1200
1120
1042
858
593
26614
8128
7792
26366
3676
3671
3022
1273
1272
1957
2109
2178
7090
1211
47274
1197
1172
954
3111
541
3996
3498
3384
1219
2730
2936
1283
7243
3629
3265
7022
3793
5608
2361
31878
65514
2028
1258
2959
4226
1704
47
1732
3893
3785
135518
3978
4016
4041
4351
4369
4641
3361
4701
4823
4890
5135
3751
1639
3260
587
1250
1242
1059
904
661
628
529
3114
520
377
357
350
337
300
1259
1358
1376
1517
1635
1801
1954
1956
2004
2012
2085
2369
2396
2692
2700
3052
3113
5349
55247
5377
77455
4322
1028
1088
1997
2942
6863
8533
45720
59725
63131
64969
3176
3707
5984
7155
39421
53318
146501
757
914
946
1153
1209
1232
1260
78499
62849
5481
60072
5812
6281
6953
8636
68954
88125
107649
3703
44191
106473
5449
236
106918
8369
70286
78349
94777
1900
117533
1
778
2542
6016
40148
47099
246
5662
186
27904
5507
5219
4069
3882
3301
3300
3275
3257
2359
1061
80551
2082
104841
69640
8972
8861
34405
5445
37733
5618
3030
44555
7361
6985
47640
46970
71057
69712
69526
68157
66097
63992
60684
48394
7458
52319
104283
4911
2968
1199
130682
107999
8623
2174
150
100365
45950
37729
35957
34162
32892
7478
1955
4467
5909
121231
47465
109487
79132
48780
4995
260
27255
6986
6683
4612
4189
48711
74458
1131
4388
296
82461
132046
5
247
54290
134853
106696
97938
95441
72998
68358
27611
26662
8464
7161
4018
3948
2424
2068
40614
1080
1176
1089
67997
58559
52885
31658
30745
27773
27592
8188
6713
6287
3546
2529
2288
1729
1256
1210
318
6754
2997
2019
1274
924
741
78209
76251
61024
55820
52973
8528
2502
1103
104
36401
8865
2571
4993
232
5782
32025
31221
7376
4721
122886
1721
33794
26585
26554
8961
8795
7153
6857
5952
5902
1281
599
1572
97752
101285
99149
99114
98961
98154
97923
97921
97673
78039
97304
96832
96811
96728
96610
96588
96417
101525
101895
102194
102469
110871
107636
107141
106920
106916
106766
106100
105504
105355
105197
103688
103624
103449
103372
103107
95761
95558
95449
87304
1935
85394
83976
82463
82459
82313
81932
81845
81786
81591
81562
80489
80463
79242
78653
86833
88129
95135
88235
94969
94959
94931
91077
90866
90531
90439
90376
90057
89804
89759
89492
89470
89260
88810
111249
111251
111505
148482
144172
143385
142488
141749
140725
140715
140174
139642
139385
137337
134881
134859
134130
133771
133645
146656
148626
132549
155064
111931
111384
82152
66203
47044
138610
164979
164977
163949
163056
161582
161336
160954
158783
156387
132800
132547
111622
116161
115569
115139
114662
114459
114342
114254
113064
112852
112556
112552
112550
112515
112290
112183
112070
115713
116797
132458
117176
131796
128606
128512
128360
128235
127212
127206
127144
127114
127108
123695
123663
122882
118880
118700
78574
86320
74545
8767
47423
46723
46664
45210
45028
42217
41997
41863
41585
40819
40629
39183
38304
37741
34517
31770
26151
26150
25927
47629
48516
48696
53000
54881
54513
54286
54272
74324
53953
53894
53123
52967
48738
52579
52281
52241
51540
50068
49917
49824
48774
25805
8766
55063
8765
5464
5289
5169
4763
4327
3789
3742
3634
3632
3539
3415
3089
2927
2920
2857
2747
2202
2182
1942
5791
5795
5956
7438
8751
8645
8584
8494
8236
8195
8154
7926
7335
6433
7195
6983
6981
6874
6830
6783
6643
6515
55052
339
56152
55363
72226
60766
72176
60069
72131
72011
55253
55269
55276
55280
55442
57669
55946
56015
71745
71108
56286
56607
56782
56788
58879
58191
61236
61240
61323
71464
70293
69481
67665
67429
67255
67087
66665
73023
64839
72741
64701
64622
64620
72720
55069
72395
64614
63876
63082
61357
55118
56805
66934
6942
64957
6539
115617
35836
109374
46578
118997
56367
6350
34321
8928
93040
1079
5971
5299
8874
109249
1265
3809
111624
608
4306
4973
215
3246
588
364
2677
2330
319
1245
306
293
68319
7373
3949
6218
4011
1291
5064
745
3994
1036
44199
2641
3160
780
2985
2989
434
2600
2329
494
3916
3175
153
3499
2273
4023
4223
4638
5602
7347
8781
1617
