134881
128360
137337
139385
115713
140174
133645
141749
142488
143385
146656
148626
128606
127114
134130
134859
122882
134853
127108
79132
2959
58559
4226
127206
4763
111505
132800
7926
112550
133771
114459
128512
113064
114254
52579
94969
101285
111249
53953
757
102469
161336
110871
778
1729
109487
5608
48780
2028
2529
4011
81786
78499
55363
2730
7243
3629
1283
1
2920
1704
68157
3634
74458
62849
2571
1219
296
47
77455
2542
2068
132046
3949
60684
954
541
3022
8125
1176
2677
319
588
306
1245
364
3246
2330
109249
1079
4995
41997
52281
115617
2936
1265
4018
1089
27611
81591
78574
81562
81845
81932
80489
80463
79242
82459
78039
74545
74324
67255
82463
118997
52319
27773
215
7458
48394
135518
1732
1258
293
72998
69712
64957
122886
2692
1210
260
94777
67665
46578
27255
1358
1059
904
661
1242
628
1259
1639
1376
1517
1635
529
1801
1954
1956
2004
6986
2012
6683
2085
2369
2396
587
1103
520
27592
2359
1256
80551
2288
2082
3546
5662
6287
6713
8188
69640
8972
5445
377
30745
608
31658
52885
5
186
236
246
300
4612
350
357
337
4189
2700
2968
6953
1199
8636
130682
111624
8623
150
100365
65514
68954
88125
107649
44191
106473
3676
5449
106918
8369
78349
1900
45950
37729
35957
34162
32892
7478
1955
6281
5812
3052
5481
2641
48711
3113
3114
3260
1131
4388
47465
3751
3785
3893
3978
5909
4016
4041
4306
4351
4911
4369
4641
4701
4823
4467
4890
5135
5349
5377
1080
3257
247
66097
46970
71057
1617
2273
2329
2600
2985
2989
3160
3175
3499
3793
3916
3994
69526
66934
4023
4121
4223
4638
5064
5602
6218
7347
8781
741
924
47640
6985
1610
1036
8528
52973
61024
76251
78209
153
434
494
593
745
780
858
1042
7361
1120
1200
104
36401
1291
8865
6754
104283
82461
5971
5618
3030
1274
2924
40614
40148
8861
50
232
7373
5507
5219
2424
3948
4069
4973
5299
7161
8464
26614
26662
3882
34321
3809
68358
93040
95441
106696
3301
3300
3275
2502
54290
8928
27904
35836
63992
3265
3996
4993
5782
5902
5952
6350
6539
6857
7022
7090
7153
7844
32025
8795
8874
8961
26554
26585
31878
33794
1721
4721
7376
37733
31221
2997
599
339
46664
47274
161582
160954
158783
156387
155064
148482
144172
50068
140725
140715
139642
132549
132547
132458
131796
128235
127212
127144
123695
123663
163056
163949
8494
42217
8645
8751
86833
8766
8767
25805
25927
138610
26150
26151
26366
31770
34517
164979
37741
38304
39183
40629
40819
41585
164977
55063
115139
112070
107636
64701
64839
90531
90439
67429
90376
90057
89804
89759
89492
89470
72176
89260
88810
88235
72741
88129
87304
82313
83976
85394
64622
64620
64614
57669
103688
55280
60072
55946
56015
103449
96417
95761
91077
58191
63876
58879
60069
60766
61236
61240
61323
61357
90866
63082
8584
8765
8236
1957
1211
1232
1260
1272
1273
1281
1572
1935
1942
2109
1197
2178
2182
2202
66203
2747
8207
2927
3089
3111
1209
1172
3415
63131
111931
4322
1028
1997
2942
82152
8533
45720
59725
64969
1153
3176
3707
5984
7155
39421
53318
146501
914
946
3384
2857
3498
5289
5747
3539
5795
5956
6229
6433
6515
6643
6783
6830
6874
47044
6981
6983
7195
7335
7438
7792
8128
8154
8195
5464
5791
4262
4327
3632
3671
3679
3742
3789
3811
3947
4103
4326
86320
4712
5198
5169
4437
4928
70286
2019
3703
68319
1088
6863
107999
55247
2174
56367
97938
105504
1250
34405
6942
55820
2361
47099
44555
55442
55069
96832
96610
44199
105355
54513
103624
54881
55276
55052
105197
104841
55269
55118
54286
106920
106916
106766
106100
55253
54272
103372
48696
6016
41863
45028
45210
46723
47423
47629
48516
48738
53894
48774
49824
49917
51540
52241
52967
53000
53123
56152
107141
103107
97752
94959
95135
95449
95558
56788
56782
96588
96728
96811
97304
56286
97673
56805
94931
56607
102194
101895
101525
99149
97923
99114
97921
98961
98154
111
1061
121231
67997
111384
3361
72720
67087
66665
69481
70293
71108
71464
71745
72131
72226
72395
72011
78653
73023
318
109374
117533
112552
118700
112515
118880
111251
115569
114662
114342
112852
112556
116161
112290
112183
111622
116797
117176
