98961
94959
96811
97304
97752
95558
97921
95449
101525
96588
95135
96728
97923
94931
98154
99149
99114
61236
61240
4016
68954
55280
5791
6874
7438
8645
50068
5464
96610
96832
67087
66665
71108
71464
71745
72011
72131
72226
72395
72720
73023
78653
69481
70293
109374
1209
914
2857
7361
3789
4327
8154
55363
45720
1732
4973
67429
64620
61323
55063
57669
58191
58879
60069
64839
60766
64701
64622
61357
63082
63876
64614
111622
115569
116161
112290
112556
112183
112852
117176
114342
114662
116797
3634
67665
48394
52281
41997
599
40819
40629
39183
38304
37741
3809
80551
8961
50
26614
88125
1028
44191
112515
118700
118880
260
46578
608
2997
93040
111251
55442
55069
97938
1
6863
78499
109249
5782
1079
112552
26554
37729
33794
293
61024
67997
1199
134853
115617
8928
117533
66097
60684
106696
2361
5971
48774
49917
48696
45028
45210
46723
48516
48738
47629
49824
41863
47423
778
1729
2174
44199
53318
67255
78574
80463
81591
74324
74545
78039
82463
82459
79242
81932
81845
80489
81562
111624
1088
111
44555
2542
47099
89470
91077
89492
88810
88235
88129
87304
86833
86320
85394
83976
90057
89759
89804
89260
90376
90439
90531
90866
47
70286
81786
296
107999
77455
4069
68319
3703
30745
2288
8623
54290
247
1080
1089
1219
1256
350
150
337
300
27592
246
236
215
186
100365
5
5662
6287
58559
6713
52885
31658
8188
357
8528
377
520
3751
3893
35957
4041
4351
34162
4641
4701
4823
4890
32892
5135
5349
5377
5481
5812
6281
6953
8636
65514
7478
1955
107649
3361
3114
3052
1376
529
587
628
661
904
1059
1242
1250
1259
1358
45950
2396
1517
1635
1639
1801
1954
1956
2004
2012
2085
2369
2700
741
68358
3301
3275
3257
2641
1061
2082
104841
69640
8972
5445
494
593
745
780
858
1036
106473
1120
52319
121231
1200
1291
1610
1617
3300
3882
130682
5219
1103
52973
104
36401
8865
6754
104283
82461
76251
5618
3030
78209
6985
153
47640
71057
69526
434
37733
27904
8861
7373
5507
1704
2273
2329
2600
3265
3996
6857
4388
7022
7090
7844
47465
26585
4721
7376
5909
31221
32025
4911
232
4467
318
1176
3948
2968
8464
26662
2924
1274
2502
27255
2985
2989
3160
3175
3499
3793
3916
3949
4023
4121
4223
8781
4638
5064
6986
5602
6683
4612
4189
48711
1131
7347
1042
339
3676
6981
56015
72176
72741
82313
94969
95761
96417
97673
101285
101895
102194
102469
103107
103372
103449
103624
103688
105197
105355
105504
106100
106766
106916
106920
107141
107636
110871
55946
53953
52579
8751
7195
7243
7335
7792
7926
8125
8128
8195
8207
8236
8494
8584
8765
47274
5449
8767
25805
25927
26150
26151
26366
31770
34517
41585
42217
46664
111249
111505
112070
158783
140174
140715
140725
141749
142488
143385
144172
146656
148482
148626
155064
156387
160954
139385
161336
161582
163056
163949
164977
164979
138610
47044
66203
82152
111384
111931
139642
137337
112550
127212
113064
114254
114459
115139
115713
122882
123663
123695
127108
127114
127144
127206
128235
134881
128360
128512
128606
131796
132458
132547
132549
132800
133645
133771
134130
134859
6983
8766
6830
2747
2677
2330
2202
2182
2178
2109
2028
1957
1942
1935
4326
1572
1283
1281
1273
4437
1272
2730
2920
3498
4262
3415
3384
3629
3246
3632
3671
3679
3742
3811
3947
6783
3111
3089
3022
2936
2927
4103
4712
4763
1260
6515
6229
319
6433
306
5984
3176
1997
4322
4928
60072
40148
5608
6643
1900
8369
106918
5956
364
541
588
5169
5198
1245
1232
5289
1211
1197
1172
5747
1153
5795
954
946
757
146501
3539
66934
55247
2424
135518
2571
27611
6350
63992
1265
109487
132046
6539
68157
1210
2942
79132
27773
31878
3707
2692
4018
4995
8874
2068
118997
39421
64969
122886
55820
2959
1258
56367
4226
46970
34405
62849
59725
69712
2359
78349
34321
6016
63131
4011
2529
1721
924
6218
35836
64957
7155
48780
3546
56286
51540
55052
54881
56805
55253
54513
54286
55269
54272
53894
53123
53000
56788
52967
52241
56607
55276
56152
55118
56782
7161
3994
94777
6942
95441
4306
5299
40614
72998
3113
3785
7458
3260
5902
3978
74458
8533
4369
2019
5952
7153
4993
8795
