5952
7153
4993
8795
2019
3978
5902
3260
2571
4712
4437
4103
4326
1272
1273
4928
4262
3384
3947
1957
2109
2178
3811
3679
3671
3498
26366
3111
5198
3022
541
1211
5747
1197
8207
1172
954
8128
47274
8125
6229
7792
2730
2936
1283
7243
3629
924
2028
5
8623
3751
296
2502
132046
7161
79132
27611
3703
4018
135518
778
1729
70286
1210
72998
1089
2959
68157
109487
2542
1079
1704
4306
3052
260
1732
4995
5608
1250
107649
1219
3949
1176
4226
122886
107999
34405
94777
68319
47
1258
350
118997
236
628
587
246
134853
300
115617
106696
529
337
520
109374
109249
377
357
5662
247
215
30745
6287
2529
2288
6713
8188
27592
27773
1256
31658
186
52885
1080
58559
3546
67997
111
40614
54290
661
3893
904
1059
5377
5481
5812
6281
6953
8636
65514
68954
88125
44191
106473
3676
5449
55247
106918
8369
78349
1900
2361
117533
1
6016
40148
47099
60072
62849
77455
78499
4322
5349
5135
4890
2369
1242
1259
1358
1376
1517
1635
1639
1801
1954
1956
2004
2012
2085
2396
4823
2692
2700
3113
3114
3361
3785
95441
4016
4041
4351
4369
4641
4701
97938
2068
93040
2359
63992
60684
48394
37733
27904
8928
8861
7373
5507
5219
4069
3882
3809
3301
3300
3275
3257
66097
66934
69526
5971
1103
104
36401
8865
6754
104283
82461
5618
69712
3030
44555
7361
6985
47640
46970
71057
2641
1061
52973
80551
47465
5909
4911
4467
2968
1199
130682
111624
150
100365
45950
37729
35957
34162
32892
7478
1955
4388
1131
64957
52319
2082
104841
69640
8972
7458
5445
608
121231
74458
48780
27255
6986
6683
4612
4189
48711
8528
55820
68358
741
1721
33794
31878
26585
26554
8874
7844
7090
7022
6857
6539
6350
5782
3996
3265
2997
2924
4721
7376
31221
4973
56367
46578
34321
26662
26614
8464
5299
3948
32025
2424
1997
1265
318
232
50
35836
1274
44199
61024
8781
1617
1610
1291
1200
1120
1042
1036
858
780
745
593
494
434
293
153
78209
76251
2273
2329
2600
4023
7347
6218
5602
5064
4638
4223
4121
4011
2985
3994
3916
3793
3499
3175
3160
2989
1028
339
72011
94931
96417
95761
95558
95449
95135
94969
94959
91077
96610
90866
90531
90439
90376
90057
89804
89759
96588
96728
161582
99114
103107
102469
102194
101895
101525
101285
99149
98961
96811
98154
97923
97921
97752
97673
97304
96832
89492
89470
89260
72395
78574
78039
74545
74324
73023
72741
72720
72226
88810
72176
72131
163949
71745
71464
71108
70293
78653
79242
80463
80489
88235
88129
87304
86833
86320
85394
83976
82463
82459
82313
81932
81845
81786
81591
81562
103372
103449
103624
131796
134130
133771
133645
132800
132549
132547
132458
128606
123695
128512
128360
128235
127212
127206
127144
127114
134859
134881
137337
139385
160954
158783
156387
155064
148626
148482
146656
144172
143385
142488
141749
140725
140715
140174
139642
127108
123663
103688
107636
112183
112070
111622
111505
111251
111249
110871
107141
122882
106920
106916
106766
106100
105504
105355
105197
112290
112515
112550
163056
118880
118700
117176
116797
116161
115713
115569
115139
114662
114459
114342
114254
113064
112852
112556
69481
67665
67429
4763
6433
5956
5795
5791
5464
5289
5169
164979
6643
138610
3742
47044
3632
3539
3415
3246
6515
6783
25805
8195
8766
8765
8751
8645
8584
8494
8236
164977
6830
7926
7438
7335
7195
6983
6981
6874
3089
2927
2920
3707
364
319
306
53318
39421
7155
5984
3176
66203
64969
63131
59725
45720
8533
111931
6942
588
146501
757
111384
2747
2677
2330
2202
2182
1942
1935
1572
1281
1260
1245
1232
82152
1153
946
8767
25927
67255
55442
56788
56782
56607
56286
56152
56015
55946
55363
26150
55280
55276
55269
55253
55118
55069
55063
56805
57669
58191
58879
67087
66665
64839
64701
64622
64620
64614
63876
63082
61357
61323
61240
61236
60766
60069
55052
54881
54513
41585
46723
46664
45210
45028
42217
41997
41863
40819
54286
40629
39183
38304
37741
34517
31770
26151
47423
47629
48516
48696
54272
53953
53894
53123
53000
52967
52579
52281
52241
51540
50068
49917
49824
48774
48738
161336
2174
6863
112552
2942
599
3634
1088
8154
4327
3789
2857
1209
914
8961
