2959
8795
5952
4993
7153
4226
5608
1704
2019
109487
2571
260
33794
63082
64614
8961
64620
64622
64701
64839
116797
67429
117176
116161
115569
114662
114342
112852
112556
112290
112183
111622
61357
63876
61323
58191
60766
58559
55063
57669
8636
60069
58879
1291
318
44191
79132
924
3949
1219
4995
118700
112515
118880
132046
48780
4011
47
5902
3260
3978
111251
778
1729
2529
88125
1199
3916
4223
2273
2329
2600
2985
2989
3160
3175
3499
4023
4638
5602
7347
780
494
434
8781
153
1617
62849
2692
27611
74458
1210
61024
27773
1283
7243
3629
112552
135518
3361
60684
2542
1258
117533
44199
70286
2028
1079
72998
122886
1036
3994
745
109374
296
1176
5064
111384
121231
1089
66097
1061
1732
94777
6218
293
2068
107999
68319
134853
3703
109249
115617
1250
904
1954
1956
2700
1059
1242
8623
1259
1635
1639
2396
2369
2004
1358
1376
1517
2085
2012
1801
7361
661
628
5662
6287
6713
8188
27592
130682
30745
31658
52885
111624
67997
5
186
215
236
246
300
337
350
377
520
529
587
357
4016
3052
40148
5449
55247
106918
34162
8369
78349
1900
2361
1
32892
7478
6016
47099
106473
60072
1955
77455
78499
4322
1028
1088
1997
2942
6863
6942
8533
3676
35957
3113
4641
3114
2174
3751
3785
3893
150
2968
4041
4306
100365
4351
4369
4701
107649
4823
4890
5135
5349
5377
5481
5812
6281
6953
45950
65514
37729
3546
118997
2288
3257
8861
7373
5507
5219
4069
3882
3809
3301
3300
741
3275
1274
2641
4467
2924
2997
3265
3996
2359
5782
6350
6539
6857
7022
7090
80551
8928
27904
34405
37733
3030
5618
5971
82461
104283
6985
6754
8865
36401
104
1103
2502
8528
52973
55820
47640
76251
78209
46970
71057
69712
69526
68157
66934
63992
7844
2082
104841
1265
2424
3948
4018
4973
5299
7161
8464
26614
26662
5909
34321
46578
56367
68358
93040
95441
106696
44555
54290
40614
111
247
1080
4911
1256
47465
4388
8874
232
69640
8972
7458
5445
608
52319
59725
27255
26554
26585
6986
6683
4612
4189
48711
31878
64957
1721
4721
7376
31221
32025
35836
1131
50
45720
599
63131
89470
88810
88235
88129
87304
86833
86320
85394
83976
82463
82459
82313
81932
81845
81786
81591
89260
89492
55052
89759
102469
102194
101895
101285
97673
96417
95761
94969
91077
90866
90531
90439
90376
90057
89804
81562
80489
80463
79242
67665
67255
67087
66665
64969
56788
56782
56607
56286
56152
56015
55946
55276
55269
55253
69481
70293
71108
72741
78653
78574
78039
74545
74324
73023
72720
71464
72395
72226
72176
72131
72011
71745
103107
103372
103449
132549
144172
143385
142488
141749
140725
140715
140174
139642
139385
137337
134881
134859
134130
133771
133645
146656
148482
148626
164977
111931
82152
66203
47044
138610
164979
163949
155064
163056
161582
161336
160954
158783
156387
132800
132547
103624
132458
112550
112070
111505
111249
110871
107636
107141
106920
106916
106766
106100
105504
105355
105197
103688
113064
114254
114459
127206
131796
128606
128512
128360
128235
127212
127144
115139
127114
127108
123695
123663
122882
115713
55118
56805
54881
6830
3789
3742
3679
3671
3634
3632
3539
3498
3415
3384
3246
3111
3089
3022
2936
2927
2920
3811
3947
4103
5289
6643
6515
6433
6229
5956
5795
5747
5198
4262
5169
4928
4763
4712
4437
4327
4326
2857
2747
2730
364
954
946
914
757
146501
588
541
319
1172
306
53318
39421
7155
5984
3707
3176
1153
1197
2677
1935
2330
2202
2182
2178
2109
1957
1942
1572
1209
1281
1273
1272
1260
1245
1232
1211
6783
339
45210
39183
42217
7792
41863
7926
8125
8128
8154
8195
8207
8236
8494
8584
41585
40819
8751
8765
8766
8767
40629
25805
25927
26150
26151
26366
31770
34517
37741
45028
38304
46664
46723
54513
54286
54272
53953
53894
53123
53000
52967
52579
6981
52241
51540
49917
49824
48774
48738
6983
48696
48516
7195
7335
47629
47423
47274
97938
96610
96832
94959
95135
101525
95449
95558
94931
96588
96728
96811
97304
97752
97921
98154
98961
99114
99149
97923
3793
593
1042
1610
1200
1120
4121
858
48394
68954
41997
52281
61236
61240
55442
55069
55363
5791
8645
7438
55280
6874
5464
50068
