2542
7153
5952
1089
7844
7090
2924
3996
4993
8795
296
924
3978
3260
5902
2997
40148
46578
7361
6016
58559
33794
3265
7022
593
1610
858
1042
1120
1200
4121
62849
4973
2019
61323
57669
55063
64622
64839
64620
67429
61357
64614
63876
58191
58879
60069
60766
64701
63082
5782
1729
778
4011
2959
93040
31878
26554
46723
41863
47423
47629
48516
48696
45210
48738
48774
49824
49917
45028
68157
65514
2692
1079
61240
61236
4226
3793
4306
1
318
48780
608
6539
3114
1732
2571
78499
44555
6942
2529
47099
61024
109249
69640
5299
3809
115617
74458
8928
27773
134853
4995
7161
67997
106473
3361
150
47
79132
2424
6350
109374
111384
121231
8874
64957
1061
105504
132046
106696
1028
94777
5971
109487
27611
34321
118997
135518
55247
35836
66934
3893
53318
39421
7155
5984
3707
3176
59725
45720
8533
1358
2942
1997
1088
4322
77455
60072
5608
541
146501
2361
1259
628
661
904
1059
1242
1272
1260
1232
1211
1209
1197
1172
1153
954
946
914
757
117533
1376
1900
4016
2369
2396
5377
5135
4890
4823
4701
2700
4641
3052
3113
4369
4351
4041
529
3751
3785
2085
5481
5812
5449
78349
8369
1517
106918
1635
1639
1954
3676
6281
44191
107649
88125
1956
2004
6953
2012
587
40614
520
52319
7458
8972
104841
2082
80551
2359
2641
3257
3275
3300
3301
3882
4069
5219
5507
7373
8861
27904
37733
63992
66097
69526
69712
71057
47640
5445
1704
3030
1258
1955
7478
32892
34162
35957
37729
45950
100365
2174
8623
130682
1199
2968
4467
4911
5909
47465
4388
1131
48711
4189
4612
6683
6986
27255
6985
5618
357
68358
97938
54290
1281
111
247
1080
1219
1256
2288
3546
5662
6287
6713
8188
27592
30745
31658
52885
5
186
236
246
300
337
350
95441
26662
82461
26614
104283
6754
8865
36401
104
1103
2502
8528
52973
76251
78209
741
1274
6857
26585
1721
4721
7376
31221
32025
50
232
1176
3948
8464
1273
599
1283
96610
97921
97752
97673
97304
96832
96811
96728
96588
98154
96417
95761
95558
95449
95135
94969
94959
97923
98961
107141
103449
106916
106766
106100
105355
105197
103688
103624
103372
99114
103107
102469
102194
101895
101525
101285
99149
94931
91077
90866
80463
1572
81932
81845
81786
81591
81562
80489
79242
90531
78653
78574
78039
74545
74324
73023
72741
82313
82459
82463
83976
90439
90376
90057
89804
89759
89492
89470
89260
88810
88235
88129
87304
86833
86320
85394
106920
107636
72395
137337
142488
141749
140725
140715
140174
139642
139385
134881
144172
134859
134130
133771
133645
132800
132549
132547
143385
146656
110871
163949
111931
82152
66203
47044
138610
164979
164977
163056
148482
161582
161336
160954
158783
156387
155064
148626
132458
131796
128606
112550
114459
114342
114254
113064
112852
112556
112552
112515
128512
112290
112183
112070
111622
111505
111251
111249
114662
115139
115569
115713
128360
128235
127212
127206
127144
127114
127108
123695
123663
122882
118880
118700
117176
116797
116161
72720
339
72226
6783
7792
7335
7243
7195
6983
6981
6830
6643
5169
6515
6433
6229
5956
5795
5747
5289
7926
8125
8128
8154
31770
26366
26151
26150
25927
72176
8767
8766
8765
8751
8584
8494
8236
8207
8195
5198
4928
37741
2747
3111
3089
3022
2936
2927
2920
2857
2730
4763
2202
2182
2178
2109
1957
1942
1935
3384
3415
3498
3539
4712
4437
4327
4326
4262
4103
3947
3811
3789
3742
3679
3671
3634
3632
3629
34517
25805
66665
56015
47274
42217
41585
40819
67087
67665
52579
69481
70293
40629
39183
53953
55946
67255
71108
71464
72131
72011
71745
38304
46664
111624
6863
4018
64969
46970
63131
44199
2068
72998
70286
48394
68954
55820
3703
68319
260
8961
5349
377
215
2028
34405
60684
52281
41997
107999
122886
55363
55269
54513
55052
55118
55253
54881
54272
55276
56152
56286
56607
56782
56788
56805
54286
52241
51540
53894
53123
53000
52967
5464
2677
1245
50068
3246
319
6874
306
364
7438
55280
588
8645
5791
2330
745
1250
55442
55069
6218
293
3949
5064
1291
1265
3994
1036
56367
1210
8636
2989
2985
2600
2329
2273
1617
3175
3499
3916
780
494
434
153
4023
4223
4638
5602
7347
8781
3160
1801
