81562
74324
82463
82459
81932
81845
81591
80489
80463
79242
78574
78039
74545
67255
3499
494
5602
8781
3175
2985
2600
4638
780
153
434
1617
4023
2989
2329
3916
4223
3160
2273
7347
78499
44199
8154
1209
4327
3789
2857
914
745
4011
1036
599
4121
1610
1200
1120
1042
858
593
90376
91077
90866
90531
90439
88129
90057
89260
83976
85394
86320
89804
87304
88235
88810
86833
89470
89492
89759
103372
105355
103624
106766
106916
106920
107141
106100
103107
97673
102194
101895
105197
3634
94931
97923
95449
97921
95135
94959
97752
98961
97304
96811
96728
96588
98154
95558
99114
101525
99149
3949
2959
96832
96610
7153
5952
1291
81786
55069
55442
3994
74458
77455
111251
4993
8795
2019
117176
112290
112183
112852
111622
112556
114342
116797
116161
114662
115569
2542
3793
61236
61240
1
5064
55280
50068
5791
7438
5464
8645
6874
1729
778
296
1079
79132
118880
112515
118700
1089
4226
55363
105504
52281
41997
115617
112552
1210
128606
137337
139385
127114
115713
133645
128360
134130
140174
134881
141749
142488
148626
146656
143385
3114
56152
56782
56607
56286
54272
54513
54881
56805
55052
55276
55269
56788
55253
54286
55118
53894
53123
53000
52967
52241
51540
1250
3260
3978
5902
924
293
260
134853
5299
134859
122882
5608
6218
68157
127108
47
6229
1272
2109
2178
47274
8207
3671
3384
3498
4928
3947
4437
4712
7792
26366
117533
46578
132547
103449
5956
95761
96417
8494
103688
1028
3030
8636
1256
1080
2968
6016
1704
62849
109374
5782
2730
97938
48394
48780
8874
954
3022
1283
541
8125
3629
7243
1265
67429
57669
64620
64614
63876
63082
64839
61357
61323
60766
60069
58879
58191
64701
64622
55063
7161
26585
608
2529
3809
72226
78653
71745
73023
71464
66665
71108
70293
72720
67087
72011
69481
72131
72395
6539
1957
1172
1273
1211
3111
1197
3679
1639
4262
8128
5747
8961
5198
3811
4326
4103
68954
4973
6863
2028
67665
35836
4467
47465
4911
40148
1732
4995
7022
3265
1219
2936
47629
48738
45210
48696
41863
45028
48516
46723
48774
47423
49917
49824
55820
56367
33794
109249
122886
106473
70286
3301
76251
26614
1517
1954
4322
2012
3052
3361
50
377
5481
34162
5349
300
3948
2997
2700
95441
5445
104841
8528
1199
2068
150
34405
55247
31878
34321
1258
64969
67997
27773
118997
44555
2424
93040
5
104
8623
6287
5449
2174
47099
26554
7361
61024
8928
106696
8865
8464
58559
27904
68358
63131
6942
2692
5618
60684
8861
69640
7926
4763
113064
114254
114459
52579
112550
111249
110871
161336
111505
127206
132800
133771
101285
102469
757
53953
128512
94969
4041
52973
1103
350
94777
3546
107999
109487
318
88125
2288
6350
4018
3703
1176
3882
2920
7458
27592
5971
78349
8584
34517
107636
164979
140725
123663
123695
127144
127212
128235
131796
132458
132549
82313
72741
164977
140715
139642
112070
148482
2747
3539
72176
55946
37733
52319
130682
247
100365
1997
1281
72998
64957
1955
2924
7844
7090
2502
3996
36401
339
40629
357
2004
40819
6281
2369
587
520
106918
37741
3751
38304
39183
44191
69712
1088
7373
2641
65514
66097
107649
232
7155
8195
8751
8765
3300
3275
8236
4069
5219
54290
7335
5795
3089
3246
3415
3632
3742
6754
104283
5169
5289
6433
7195
6515
6985
71057
6643
63992
6783
6830
2359
6983
6981
25927
8766
138610
155064
5909
156387
158783
160954
161582
163056
163949
66203
1131
82152
45950
37729
35957
111384
32892
7478
111931
144172
115139
1061
121231
80551
2082
8767
25805
2677
26150
26151
31770
41585
56015
42217
46664
27255
6986
6683
4612
4189
48711
2927
2330
5812
4641
215
3893
4016
4306
186
52885
31658
4701
6953
2202
4823
1274
741
5135
30745
5377
6857
2085
1956
1801
628
661
904
32025
246
31221
7376
4721
1059
1721
1242
1259
1358
236
1635
337
529
3676
1245
364
588
146501
946
1153
1232
111
8369
1260
1572
1935
1942
78209
2182
319
5662
3176
8533
306
1900
53318
2361
8188
26662
5984
6713
45720
66934
111624
59725
40614
2396
27611
39421
46970
4890
47640
132046
68319
2571
4388
1376
3113
3785
4369
8972
60072
135518
3707
2942
47044
82461
4351
3257
5507
69526
