111622
112556
117176
116797
116161
115569
114662
114342
112183
112290
112852
79132
112552
111251
80463
79242
78574
80489
67255
78039
74545
81591
74324
81562
81845
82459
82463
81932
4995
109487
118880
112515
118700
87304
88129
89804
90057
90376
90439
90531
83976
89492
90866
85394
91077
89470
86320
86833
88810
88235
89260
89759
44191
74458
78499
81786
109374
1704
134853
48780
60684
134130
140174
139385
137337
134881
143385
133645
141749
142488
128606
128360
146656
115713
127114
148626
77455
117533
4226
115617
1199
97938
2529
66097
68358
122882
134859
127108
2959
132046
96610
96832
2571
62849
95761
96417
103449
5956
8494
132547
103688
1
2068
2174
1265
599
27611
47
97304
94959
99114
98961
98154
97923
97921
94931
97752
95135
95449
95558
99149
96588
96728
96811
101525
6863
1176
27773
135518
1088
122886
118997
3546
2692
1210
109249
94777
88125
5299
3809
40614
260
7161
70286
4018
1258
105504
232
78349
6350
93040
72998
63131
48394
64957
34321
46970
64969
35836
608
6539
1079
8874
8928
31878
1732
56367
66934
46578
132549
2288
1729
1256
1219
1089
5377
8636
5662
1080
6713
8188
27592
132458
30745
31658
58559
67997
6287
139642
111
65514
8369
106918
55247
5449
8464
26614
144172
3676
131796
140725
95441
140715
106696
3703
186
133771
107649
132800
54290
5
350
215
2012
2369
2396
6281
2700
3052
3114
3260
3361
3751
3893
3978
4016
4041
4306
5812
5481
4351
4369
97673
4701
4823
4890
5135
2085
2004
236
1956
246
300
5349
357
377
520
529
587
628
661
3948
1059
1242
1250
1259
1358
1376
1517
1635
1639
6953
1801
1954
904
94969
148482
1061
47044
138610
164979
164977
163949
52319
5445
7458
8972
69640
2082
80551
2359
155064
2641
3257
3275
3300
3301
3882
4069
5219
5507
7373
8861
27904
66203
27255
6986
6683
1955
7478
32892
34162
35957
37729
45950
100365
150
111931
8623
130682
111384
2968
4467
4911
5909
47465
296
4388
1131
82152
48711
4189
4612
37733
163056
161582
4121
2019
160954
2924
2997
3265
3996
4993
5782
5902
5952
7022
7090
7153
7844
8795
8961
26554
26585
33794
4721
31221
32025
158783
50
156387
924
3793
68157
1610
68319
69526
69712
71057
47640
6985
7361
82461
161336
6754
8865
36401
104
1103
2502
8528
52973
55820
76251
78209
593
858
1042
1120
1200
7376
4641
1900
26150
26366
31770
34517
37741
38304
39183
2361
40819
41585
42217
46664
47274
51540
52241
52579
52967
53000
53123
53894
53953
54272
54286
54513
26151
25927
55052
25805
6433
6515
6643
6783
6830
6981
6983
7195
7243
7335
7792
7926
8125
8154
8195
8207
8236
114459
8584
8751
8765
8766
8767
54881
55118
115139
72741
113064
112550
112070
111505
78653
111249
110871
107636
107141
106920
106916
106766
106100
82313
105355
105197
103624
103372
103107
102469
102194
101895
101285
73023
72720
55253
72395
55269
55276
55946
56015
56152
56286
56607
56782
56788
56805
66665
67087
114254
67665
69481
70293
71108
71464
71745
72011
72131
72176
72226
6229
40629
5795
1245
364
541
588
146501
757
914
946
954
1153
1209
1232
1260
2730
1272
1281
1283
1572
1935
1942
2028
2109
2178
2182
2202
319
306
53318
39421
128512
128235
778
2542
127212
5608
6016
40148
60072
127206
127144
123695
4322
1028
1997
2942
123663
8533
45720
3176
3707
5984
7155
2677
2330
339
3742
2857
2920
2927
2936
3022
3089
3246
3384
3415
3498
3539
3632
3634
3671
3629
3789
4712
5289
5169
4928
4763
3947
2747
4327
4437
4011
106473
26662
107999
34405
247
52281
41997
111624
3030
55069
55442
55363
104283
6857
52885
1274
741
61024
5791
5464
50068
6874
55280
8645
7438
47099
5971
44555
4973
61236
61240
5618
68954
61357
63082
63876
64614
64839
64622
104841
61323
64701
4103
67429
3679
47629
3811
60069
8128
4262
4326
47423
5198
5747
60766
64620
58879
1957
1273
58191
48738
49824
55063
49917
48696
46723
1211
3111
48516
41863
1197
1172
337
45028
45210
57669
48774
63992
2424
6942
293
6218
59725
318
3949
3994
5064
1291
745
1036
44199
1721
4638
7347
1617
2329
8781
2600
153
5602
2273
3499
4223
434
494
2985
780
2989
3160
3916
3175
4023
121231
3785
3113
