1610
4121
593
858
1042
1120
1200
3793
4223
7347
5602
153
434
494
780
1617
4638
2273
2329
2600
2985
2989
3160
3175
3499
3916
4023
8781
1036
377
44199
745
3994
4011
3949
1291
5064
293
5782
6218
2959
4262
3111
5198
4326
2396
1211
2700
1273
5747
2502
1172
3679
8128
3811
4103
1197
2997
3948
1957
247
2028
3114
1258
1210
26585
1283
7243
3629
5608
7022
3265
1729
778
26554
7361
4226
954
8125
541
3022
319
306
364
3246
1245
2677
588
2330
93040
4890
27592
2361
52281
41997
150
1219
74458
48780
2936
106473
2529
1704
1732
1250
2542
215
48394
2424
27904
1079
62849
111
5618
296
78349
47
60684
4995
53318
70286
79132
72998
34405
132046
94777
122886
107999
27611
109487
68319
2571
135518
27773
3703
40148
77455
60072
47099
529
587
628
661
904
78499
1059
1242
6016
1259
1358
1376
1
117533
520
357
1900
6863
45720
8533
52885
58559
67997
5
186
6942
2942
350
1997
236
246
1088
1028
4322
300
337
1517
31658
4823
6281
65514
3893
3978
4016
8636
4041
4306
6953
4351
1639
5812
4369
4641
4701
5481
5377
5349
5135
3751
68954
3361
3260
1801
1954
8369
1956
2004
2012
2085
2369
106918
55247
2692
5449
3676
44191
3052
107649
88125
1635
1265
30745
3275
5507
5219
4069
3882
3809
3301
3257
8188
2641
2359
1061
80551
2082
104841
7373
8861
8928
37733
63992
66097
66934
68157
69526
69712
71057
46970
47640
6985
44555
3030
5971
69640
8972
7458
4467
1955
7478
32892
34162
35957
37729
45950
100365
2174
8623
111624
130682
1199
2968
4911
5445
5909
47465
4388
1131
64957
48711
4189
4612
6683
6986
27255
121231
52319
608
82461
104283
6754
56367
50
232
318
1176
63131
4018
4973
5299
7161
8464
26614
26662
34321
46578
68358
32025
95441
97938
106696
109374
118997
54290
40614
1080
1089
1256
3546
5662
6287
6713
35836
31221
8865
4993
36401
104
1103
8528
52973
55820
61024
76251
78209
741
924
1274
2924
3996
5902
7376
5952
6350
6539
6857
7090
7153
7844
8795
8874
8961
31878
33794
1721
4721
59725
599
64969
97921
97673
97304
96832
96811
96728
96610
96588
96417
95761
95558
95449
95135
94969
94959
94931
91077
90866
97752
97923
71108
98154
106100
105504
105355
105197
103688
103624
103449
103372
103107
102469
102194
101895
101525
101285
99149
99114
98961
90531
90439
90376
90057
81562
80489
80463
79242
78653
78574
78039
74545
74324
73023
72741
72720
72395
72226
72176
72131
72011
81591
81786
81845
88129
89804
89759
89492
89470
89260
88810
88235
87304
81932
86833
86320
85394
83976
82463
82459
82313
106766
106916
106920
131796
143385
142488
141749
140725
140715
140174
139642
139385
137337
134881
134859
134130
133771
133645
132800
132549
132547
144172
146656
148482
164977
111931
111384
82152
66203
47044
138610
164979
163949
148626
163056
161582
161336
160954
158783
156387
155064
132458
128606
107141
128512
114342
114254
113064
112852
112556
112552
112550
112515
112290
112183
112070
111622
111505
111251
111249
110871
107636
114459
114662
115139
123695
128360
128235
127212
127206
127144
127114
127108
123663
115569
122882
118880
118700
117176
116797
116161
115713
71464
71745
70293
4712
7195
6983
6981
6874
6830
6783
6643
6515
6433
6229
5956
5795
5791
5464
5289
5169
4928
7335
7438
7792
8765
26366
26151
26150
25927
25805
8767
8766
8751
7926
8645
8584
8494
8236
8207
8195
8154
4763
4437
37741
4327
1942
1935
1572
1281
1272
1260
1232
1209
1153
946
914
757
146501
39421
7155
5984
3707
2109
2178
2182
3498
3947
3789
3742
3671
3634
3632
3539
3415
2202
3384
3089
2927
2920
2857
2747
2730
34517
31770
38304
56152
58191
57669
56805
56788
56782
56607
56286
56015
60069
55946
55442
55363
55280
55276
55269
55118
58879
60766
55063
64701
69481
67665
67429
67255
67087
66665
64839
64622
61236
64620
64614
63876
63082
61357
61323
61240
55069
55253
55052
46723
49824
48774
48738
48696
48516
47629
47423
47274
46664
54881
45210
45028
42217
41863
41585
40819
40629
39183
49917
339
50068
51540
52241
54513
52579
52967
54286
53000
53123
53894
53953
54272
115617
109249
134853
2068
2019
2288
260
3785
3113
3176
3300
