1200
593
4121
1610
1120
1042
858
2959
4226
2571
8795
4993
5608
54513
55118
53123
55052
54286
54881
53000
52967
55253
52241
54272
51540
53894
56788
55269
56782
55276
56607
56286
56152
56805
47
5952
7153
47423
48738
48696
49824
49917
46723
48516
48774
41863
45028
45210
47629
3793
2542
1704
778
1729
2924
3996
7090
7844
44191
318
2019
79132
3265
7022
62849
26614
50
48780
1219
1997
6942
260
132046
2529
4995
38304
40819
40629
39183
37741
33794
6953
44555
1258
296
6539
55820
47099
31878
924
4011
40148
1079
1089
55069
55442
65514
1199
1721
27773
69640
3260
3978
5902
27611
56367
1732
3361
60684
3949
46578
55247
135518
2692
7155
5782
4306
7361
7458
608
2288
70286
44199
130682
59725
1210
26585
6016
2359
27592
52973
1103
350
4041
111384
88125
121231
2997
4973
109487
1061
68157
60072
35836
2361
1176
64957
2424
3809
63992
67997
39421
111624
26554
93040
105504
37733
3882
109249
106696
3707
8874
2942
111
1265
8928
1028
66097
78349
122886
109374
107999
53318
68319
134853
115617
3703
66934
5299
34321
118997
2068
1080
5481
4823
4890
5135
5377
6281
5812
4641
2082
8636
104841
8972
107649
5445
106473
4701
80551
4369
3300
2085
2369
2396
3301
2700
3052
3113
3275
4351
3751
3785
3893
3257
4016
2641
5449
3676
8369
52319
5984
45950
37729
8533
45720
35957
3176
34162
32892
2968
7478
1955
146501
757
914
946
1153
8623
4322
106918
4189
2004
27255
6986
1900
6683
1
4612
48711
78499
1131
4388
47465
5909
4911
4467
77455
2012
1801
1956
78209
31221
7376
4721
8961
6857
1274
741
76251
8865
61024
5
8528
2502
104
36401
186
32025
58559
52885
232
1256
54290
1197
3546
5662
6287
6713
8188
97938
95441
68358
26662
3948
30745
31658
236
6754
1954
1242
5219
4069
529
628
661
904
1059
1250
246
1259
1358
1376
1517
1635
1639
247
5507
7373
8861
520
104283
82461
5971
5618
3030
6985
47640
71057
300
69712
337
69526
34405
377
27904
1172
599
1209
96610
97921
97752
97673
97304
96832
96811
96728
96588
98154
96417
95761
95558
95449
95135
94969
94959
97923
98961
72226
103449
106916
106766
106100
105355
105197
103688
103624
103372
99114
103107
102469
102194
101895
101525
101285
99149
94931
91077
90866
79242
81932
81845
1211
81591
81562
80489
80463
78653
90531
78574
78039
74545
74324
73023
72741
72720
82313
82459
82463
83976
90439
90376
90057
89804
89759
89492
89470
89260
88810
88235
88129
87304
86833
86320
85394
106920
107141
107636
139385
143385
142488
141749
140725
140715
140174
139642
137337
132458
134881
134859
134130
133771
133645
132800
132549
144172
146656
148482
148626
111931
82152
66203
47044
138610
164979
164977
163949
163056
161582
161336
160954
158783
156387
155064
132547
131796
110871
112550
114662
114459
114342
114254
113064
112852
112556
112515
128606
112290
112183
112070
111622
111505
111251
111249
115139
115569
115713
116161
128512
128360
128235
127212
127206
127144
127114
127108
123695
123663
122882
118880
118700
117176
116797
72395
81786
72176
5289
6515
6433
6229
5956
5795
5747
5198
6783
5169
4928
4763
4712
4437
4327
6643
6830
8767
8195
8765
8751
8584
8494
8236
8207
8154
6981
72131
7926
7792
7335
7195
6983
4326
4262
4103
1942
2730
2202
2182
2178
2109
1957
1935
3947
1572
1281
1273
1272
1260
1232
2747
2857
2920
2927
3089
3111
3384
3415
3498
3539
3632
3634
3671
3679
3742
3789
3811
8766
8128
64701
63876
64839
26366
64622
31770
34517
41585
64620
42217
46664
64614
47274
63082
67087
61357
52579
53953
55063
61323
55946
56015
57669
58191
58879
60069
66665
60766
71108
72011
25927
70293
71745
26150
26151
69481
67665
67429
67255
25805
71464
117533
4018
100365
6350
74458
64969
94777
46970
7161
63131
3114
1088
150
587
8464
357
6218
112552
293
2174
68954
72998
61240
61236
1036
55363
48394
1291
5064
339
8645
5791
55280
6874
7438
5349
50068
5464
745
2936
215
8125
3022
954
541
6863
52281
41997
2989
780
3916
2329
3499
3175
1617
2273
434
2600
2985
494
4023
153
4638
8781
7347
5602
3160
4223
1283
7243
3629
40614
306
319
364
2677
588
1245
3246
2330
3994
2028
