27773
5782
293
1036
26585
2997
5791
8645
5464
6874
7438
50068
55280
48394
52281
41997
55069
55442
55363
60072
7022
3265
111384
44555
50
26614
8874
7361
26554
93040
3246
306
319
364
588
1245
2330
2677
44199
6985
2028
2288
61236
61240
79132
48516
45028
49917
49824
48774
48738
48696
41863
47629
46723
45210
47423
68954
2989
434
494
780
2273
2329
2600
2985
3175
3160
3499
3916
4023
4223
153
5602
8781
7347
4638
1617
88125
4011
70286
47
27592
4226
2692
60684
48780
215
8861
2529
1061
3629
7243
1283
2959
5299
3994
247
47099
132046
745
74458
5064
1291
94777
62849
2571
56367
3949
1265
318
4995
31878
56607
56286
56782
56788
56805
52241
54513
56152
55052
51540
55118
55253
52967
55269
53000
53123
55276
53894
54272
54286
54881
34321
72998
1258
66097
118997
109487
27611
73023
72226
72131
71464
72011
78653
71745
72720
71108
70293
69481
67087
66665
72395
6218
35836
135518
115617
1210
46578
67665
6539
68157
34405
4973
67255
82463
82459
81932
74324
81591
81562
80489
80463
79242
78574
78039
74545
81845
66934
1089
55820
1704
1176
78499
67997
55247
77455
260
296
4388
2700
32025
3785
3052
3113
3114
47465
3361
3751
2369
3893
4016
4041
4306
2396
1517
2085
2012
587
628
48711
661
1131
904
1059
1242
1250
1259
1358
1376
4369
1635
1639
1801
1954
1956
2004
4351
2968
5909
5449
8369
2174
150
78349
100365
45950
37729
35957
1900
2361
117533
1
778
34162
5608
6016
32892
7478
1955
106918
3676
4911
44191
4641
4701
4823
4890
4467
5135
5349
5377
5481
520
5812
6281
6953
8636
1199
130682
8623
107649
3703
529
31658
377
357
104
36401
8865
6754
82461
47640
46970
71057
69712
69526
68319
63992
68358
37733
27904
7373
5507
5219
4069
1103
2502
8528
122886
31221
7376
232
2068
3948
4018
1028
4721
7161
52973
8464
1721
8961
8795
4993
2019
78209
76251
3882
3301
3300
5
3546
5662
6287
6713
8188
27255
30745
58559
6986
52319
186
6683
4612
246
300
4189
337
350
121231
1729
3275
8972
3257
2641
2359
80551
2082
104841
95441
69640
106696
1256
7458
134853
54290
40614
111
5445
1080
1219
4322
339
1088
46664
52579
53953
114459
55946
56015
114342
114254
113064
112852
127114
112556
112552
112550
142488
112515
112290
112183
112070
111622
111505
111251
47274
42217
72176
114662
8584
8751
8765
8766
8767
25805
25927
26150
26151
26366
115713
31770
34517
37741
38304
39183
40629
40819
115569
115139
41585
111249
72741
97673
132800
132549
132547
103624
103449
103372
132458
131796
103107
102469
94969
102194
101895
127144
101285
95761
96417
127206
127212
128235
128606
128360
103688
133645
110871
105197
82313
141749
140725
107636
140715
140174
139642
139385
1997
137337
107141
106920
106916
134881
106766
134859
106100
105504
105355
134130
133771
8494
8236
8207
82152
47044
138610
1232
122882
1260
1272
164979
1281
1572
1935
1942
164977
2109
2178
2182
2202
2730
2747
163949
2920
2927
66203
123663
2936
1153
2942
6863
8533
45720
127108
59725
63131
64969
123695
3176
3707
5984
7155
39421
53318
541
146501
757
111931
946
954
8195
118880
3022
3089
5289
148482
5795
5956
6229
6433
6515
6643
6783
6830
6981
6983
146656
7195
7335
7792
7926
8125
116161
144172
143385
148626
5169
4928
4763
163056
118700
3384
3415
3498
3539
3632
161582
3671
161336
3742
117176
116797
3947
160954
158783
156387
155064
4437
4712
128512
6942
64957
1732
109374
106473
8928
26662
1079
107999
109249
6350
3809
111624
3030
608
97938
104283
1274
741
6857
52885
2542
65514
5971
96610
96832
40148
5618
97752
7844
7090
97304
98961
98154
95449
95558
101525
96588
99149
96728
96811
99114
95135
94959
97923
94931
97921
2924
3996
61024
7153
5952
33794
3978
3260
5902
81786
58879
55063
57669
58191
60766
61323
61357
63082
63876
64614
64620
64622
64701
64839
67429
60069
924
88810
83976
90057
85394
86320
86833
87304
88129
88235
89260
89492
89759
89804
89470
90376
90531
90866
91077
90439
3793
3679
4103
5198
5747
3811
8128
1197
3111
1172
1211
1273
1957
4262
4326
2424
593
858
4121
1610
1200
1120
1042
599
3634
4327
3789
8154
2857
1209
914
236
