1120
593
1200
4121
1042
858
1610
587
3793
1358
1376
1517
1635
1801
1954
1956
2004
2012
1259
1250
1242
1059
1639
135518
661
3361
4041
4016
3978
3893
3785
3751
3260
2085
3113
3052
2700
2692
2396
2369
904
628
4351
247
5662
3546
2529
2288
1256
1219
1080
111
6713
40614
54290
134853
118997
115617
109374
109249
6287
8188
529
236
520
377
357
350
337
300
246
186
27592
5
67997
58559
52885
31658
30745
27773
4306
4369
97938
1088
757
146501
541
53318
39421
7155
5984
3707
3176
64969
63131
59725
45720
8533
6942
6863
2942
914
946
954
1281
2178
2109
1957
1942
1935
1572
1283
1273
1153
1272
1260
1232
1211
1209
1197
1172
1997
1028
4641
4322
44191
3703
107649
88125
68954
65514
8636
6953
6281
5812
5481
5377
5349
5135
4890
4823
4701
106473
3676
5449
1
78499
77455
62849
47099
40148
6016
5608
117533
55247
2361
1900
94777
78349
70286
8369
106918
106696
68358
95441
1061
3809
3301
3300
3275
3257
2641
2359
80551
121231
2082
104841
69640
8972
7458
5445
608
3882
4069
5219
5507
71057
69712
69526
68319
66934
66097
63992
60684
48394
37733
34405
27904
8928
8861
7373
52319
109487
93040
2174
4467
2968
1199
130682
111624
107999
8623
100365
79132
45950
37729
35957
34162
32892
7478
1955
4911
5909
47465
4388
48780
4995
4226
1704
1258
260
27255
6986
6683
4612
4189
48711
74458
64957
1131
46970
47640
6985
1721
47
35836
32025
31221
7376
4721
122886
33794
7361
31878
26585
26554
8961
8874
8795
7844
232
318
1176
1210
72998
2202
56367
46578
34321
27611
26662
8464
7161
5299
4973
4018
3948
2068
1265
7153
7090
7022
61024
52973
8528
2502
1103
104
36401
8865
6754
132046
104283
82461
5971
5618
3030
44555
55820
76251
6857
78209
6539
6350
5952
5902
5782
4993
3996
3265
2997
2924
2571
2019
1274
924
741
2182
599
79242
97752
97304
96832
96811
96728
96610
96588
96417
95761
95558
95449
95135
94969
94959
94931
91077
90866
90531
97673
97921
90376
97923
105504
105355
105197
103688
103624
103449
103372
103107
102469
102194
101895
101525
101285
99149
99114
98961
98154
90439
90057
69481
81562
80463
78653
78574
78039
74545
74324
73023
72741
72720
72395
72226
72176
72131
72011
71745
71464
71108
80489
81591
89804
81786
89759
89492
89470
89260
88810
88235
88129
87304
86833
86320
85394
83976
82463
82459
82313
81932
81845
106100
106766
106916
144172
142488
141749
140725
140715
140174
139642
139385
137337
134881
134859
134130
133771
133645
132800
132549
132547
132458
143385
146656
106920
148482
111931
111384
82152
66203
47044
138610
164979
164977
163949
163056
161582
161336
160954
158783
156387
155064
148626
131796
128606
128512
128360
114254
113064
112852
112556
112552
112550
112515
112290
112183
112070
111622
111505
111251
111249
110871
107636
107141
114342
114459
114662
123663
128235
127212
127206
127144
127114
127108
123695
122882
115139
118880
118700
117176
116797
116161
115713
115569
70293
339
67665
8767
8765
8751
8645
8584
8494
8236
8207
8195
8154
8128
8125
7926
7792
7438
7335
7243
7195
6983
6981
8766
25805
47629
25927
47274
67429
46664
45210
45028
42217
41997
41863
41585
40819
40629
39183
38304
37741
34517
31770
26366
26151
26150
6874
6830
6783
6643
3742
3679
3671
3634
3632
3629
3539
3498
3415
3384
3111
3089
3022
2936
2927
2920
2857
2747
2730
3789
3811
3947
5289
6515
6433
6229
5956
5795
5791
5747
5464
5198
4103
5169
4928
4763
4712
4437
4327
4326
4262
47423
46723
55063
56782
56286
49824
49917
50068
51540
52241
52281
52579
52967
53000
53123
53894
53953
54272
54286
54513
54881
55052
56152
56015
55069
55118
55253
55269
55276
55280
55363
55946
56607
64614
61357
48516
67255
67087
66665
64839
64701
48696
64622
64620
56788
63876
63082
55442
61323
60766
56805
57669
58191
48774
58879
61240
60069
61236
48738
1732
1079
2542
2959
68157
2424
1089
1729
778
6218
3114
3949
4011
1291
5064
745
3994
1036
44199
150
296
3175
3916
2989
2985
153
2600
3499
2329
3160
434
2273
494
4023
4223
4638
5602
7347
8781
780
1617
50
26614
60072
215
2028
3246
1245
2677
588
364
319
306
2330
293
