5952
7153
4993
8795
2019
1200
1120
1042
593
858
1610
4121
5902
3260
3978
3793
3114
260
3176
1259
5349
1
4306
1639
318
924
78499
150
2571
745
1954
4369
1080
2004
2959
134853
132046
1729
778
5608
106473
115617
2424
3361
4226
79132
1210
27611
1219
2529
7090
1059
2924
2997
3996
1517
7844
4011
3949
2542
111384
27773
121231
48780
47
135518
1079
62849
1704
1061
5782
70286
2068
3265
7022
72998
74458
296
7361
26554
109487
93040
4995
31878
65514
122886
1732
1258
107999
68319
109249
63131
5299
7161
46970
94777
6218
64969
34321
6350
118997
35836
1265
6539
5984
7155
3707
58559
67997
59725
45720
8533
52885
6942
44191
6287
31658
30745
914
54290
40614
111
247
757
146501
1089
588
1256
541
2288
364
319
306
53318
3546
5662
5
6713
8188
27592
39421
2942
350
1997
2085
2692
2700
3052
3113
78349
3785
3893
8369
106918
4016
4041
55247
4351
5449
4641
4701
4823
4890
5135
3676
5377
5481
5812
6281
6953
8636
68954
2396
2012
186
1900
215
236
300
337
88125
357
377
1028
529
4322
587
77455
628
661
904
1242
1250
1358
1635
60072
47099
40148
6016
1801
117533
2361
1956
2369
4721
109374
8928
80551
2359
2641
3257
3275
3300
3301
3809
3882
4069
5219
5507
7373
8861
27904
104841
34405
37733
48394
60684
63992
66097
66934
68157
69526
69712
71057
47640
6985
44555
2082
69640
5618
4911
1955
7478
32892
34162
35957
37729
45950
100365
8623
111624
130682
1199
2968
4467
5909
8972
47465
4388
1131
64957
48711
4189
4612
6683
6986
27255
52319
608
5445
7458
3030
5971
106696
7376
5064
5602
7347
8781
44199
741
1274
6857
8874
8961
26585
33794
1721
954
31221
4223
32025
50
232
1176
3948
4973
8464
26614
26662
46578
56367
68358
95441
97938
4638
4023
82461
293
104283
6754
8865
36401
104
1103
2502
8528
52973
55820
61024
76251
78209
153
434
3994
494
780
1036
1291
1617
2273
2329
2600
2985
2989
3160
3175
3499
3916
946
599
1153
90866
95761
95558
95449
95135
94969
94959
94931
91077
90531
96588
90439
90376
90057
89804
89759
89492
89470
89260
96417
96610
103624
99114
103372
103107
102469
102194
101895
101525
101285
99149
98961
96728
98154
97923
97921
97752
97673
97304
96832
96811
88810
88235
88129
71464
72741
72720
72395
72226
72176
72131
72011
71745
71108
87304
70293
69481
67665
67429
67255
67087
66665
64839
73023
74324
74545
78039
86833
86320
85394
83976
82463
82459
82313
81932
81845
81786
81591
81562
80489
80463
79242
78653
78574
103449
103688
64622
134130
140725
140715
140174
139642
139385
137337
134881
134859
133771
142488
133645
132800
132549
132547
132458
131796
128606
128512
141749
143385
105197
163056
111931
82152
66203
47044
138610
164979
164977
163949
161582
144172
161336
160954
158783
156387
155064
148626
148482
146656
128360
128235
127212
111249
112550
112515
112290
112183
112070
111622
111505
111251
110871
127206
107636
107141
106920
106916
106766
106100
105504
105355
112556
112852
113064
114254
127144
127114
127108
123695
123663
122882
118880
118700
117176
116797
116161
115713
115569
115139
114662
114459
114342
1172
64701
64620
6229
5795
5791
5747
5464
5289
5198
5169
4928
4763
4712
4437
4327
4326
4262
4103
3947
3811
5956
6433
3742
6515
8207
64614
8154
8128
8125
7926
7792
7438
7335
7243
7195
6983
6981
6874
6830
6783
6643
3789
3679
8494
2202
2178
2109
2028
1957
1942
1935
1572
1283
1281
1273
1272
1260
1245
1232
1211
1209
1197
2182
2330
3671
2677
3634
3632
3629
3539
3498
3415
3384
3246
3111
3089
3022
2936
2927
2920
2857
2747
2730
8236
8195
8584
54513
55276
55269
55253
55118
55069
55063
55052
54881
54286
55363
54272
53953
53894
53123
53000
52967
52579
8645
55280
55442
51540
58879
63876
63082
61357
61323
61240
61236
60766
60069
58191
55946
57669
56805
56788
56782
56607
56286
56152
56015
52241
52281
50068
26366
49917
40629
39183
38304
37741
34517
31770
26151
41863
26150
25927
25805
8767
8766
8765
8751
41585
40819
339
48696
48516
48738
47629
47423
47274
46723
46664
45210
45028
48774
49824
42217
41997
6863
1376
1088
112552
3703
4018
520
107649
3751
2174
246
