904
4973
608
111624
3809
109249
8874
5299
5971
31878
1079
93040
8928
34321
6350
1265
56367
118997
46578
6218
109374
35836
1732
6539
64957
6942
115617
66934
3113
1250
1242
2692
1259
3114
661
628
3260
587
1059
1517
1358
1376
1635
1639
1801
1954
1956
520
2004
2012
2085
2369
2700
2396
529
5
377
1080
3546
2288
1729
1256
1219
1089
247
357
111
40614
54290
106696
97938
95441
5662
6287
6713
8188
27592
30745
31658
52885
67997
3751
186
215
236
246
300
337
350
3361
599
3785
3893
39421
7155
5984
3707
3176
64969
63131
59725
45720
8533
6863
2942
1997
1088
1028
4322
60072
53318
306
319
1209
1572
1283
1281
1272
1260
1245
1232
1153
364
954
946
914
757
146501
588
541
47099
40148
6016
4890
6953
6281
5812
5481
5377
5349
5135
4823
65514
4701
4641
4369
4351
4041
4016
3978
8636
68954
5608
8369
2542
778
117533
2361
1900
94777
78349
106918
88125
55247
5449
3676
106473
44191
3703
107649
4306
4018
68358
48394
34405
27904
8861
7373
5507
5219
4069
3882
3301
3300
3275
3257
2641
2359
1061
37733
63992
2082
66097
6754
104283
82461
5618
3030
44555
7361
6985
47640
46970
71057
69712
69526
68319
68157
80551
104841
36401
4911
2968
1199
130682
107999
8623
2174
150
100365
45950
37729
35957
34162
32892
7478
1955
4467
5909
69640
47465
8972
7458
5445
52319
121231
1258
27255
6986
6683
4612
4189
48711
1131
4388
296
8865
104
26662
26554
8795
7844
7153
7090
7022
6857
5952
5902
5782
4993
3996
3265
2997
2924
2019
8961
26585
924
33794
26614
8464
7161
1942
2424
2068
318
232
50
32025
31221
7376
4721
122886
1721
1274
741
1103
2273
1291
1036
780
745
494
434
293
153
78209
76251
61024
55820
52973
8528
2502
1617
2329
44199
2600
8781
7347
5602
5064
4638
4223
4023
3994
3949
3916
3499
3175
3160
2989
2985
1935
339
72176
90057
94959
94931
91077
90866
90531
90439
90376
148482
98961
89804
89759
89492
89470
89260
88810
88235
94969
95135
95449
95558
98154
97923
97921
97752
97673
97304
96832
96811
96728
144172
96610
96588
96417
95761
146656
88129
87304
86833
70293
155064
67665
67429
67087
139385
64839
64701
64622
64620
64614
63876
63082
61357
61323
61240
69481
71108
86320
71464
85394
83976
82313
81786
78653
73023
72741
72720
72395
72226
2028
148626
72131
72011
71745
143385
142488
60766
116797
127108
123695
123663
122882
118880
118700
117176
116161
141749
115713
115569
115139
114662
114459
114342
114254
127114
127144
127206
127212
134881
134859
139642
134130
133771
133645
132800
132549
132547
132458
131796
128606
128512
128360
128235
113064
112852
112556
105504
105197
103688
103624
103449
103372
103107
102469
102194
101895
101525
140715
101285
99149
99114
140725
105355
106100
112552
106766
112550
112515
112290
112183
112070
111622
111505
111251
111249
110871
107636
107141
140174
106920
106916
61236
66665
60069
7335
7195
6983
6981
6874
6830
6783
6643
6515
6433
6229
5956
5795
5791
161336
5464
5289
161582
7243
7438
4928
7792
26150
25927
25805
8767
58879
8765
8751
8645
8584
8494
8236
8207
8195
8154
160954
8125
7926
5169
4763
26366
47044
3022
2936
2927
2920
66203
82152
2857
111384
2747
2730
2677
2330
111931
2202
2182
2178
2109
3089
3246
4712
3384
4437
4327
163056
163949
164977
3947
164979
3789
3742
138610
3671
3634
3632
3629
3539
3498
3415
26151
8766
31770
52967
34517
53123
53894
53953
54272
54286
54513
54881
55052
55063
55069
55118
55253
55269
55276
156387
55280
55363
55442
55946
56015
56152
56286
56607
56782
56788
56805
57669
58191
53000
137337
48516
48696
41863
50068
49917
158783
49824
48774
48738
41997
41585
47629
47423
47274
46723
46664
45210
45028
51540
42217
40819
37741
40629
52579
39183
52241
52281
38304
134853
47
27773
4995
77455
62849
260
1
1176
2959
4011
2529
1704
74458
82463
67255
78574
81932
81845
81591
81562
80489
80463
78039
74545
74324
82459
79242
78499
48780
1210
4226
60684
109487
72998
70286
135518
27611
3052
8128
1273
1211
1197
1172
3111
3679
3811
4103
4262
4326
5198
5747
1957
132046
3793
79132
58559
3948
4121
1610
1200
1120
1042
858
593
2571
