296
4306
858
4121
1610
1200
1120
58559
1042
593
68157
2959
778
1729
3793
1089
2028
2571
318
7243
3629
1283
2542
1079
5608
954
3022
541
8125
3246
1245
319
364
2677
2330
306
588
4226
52281
41997
132046
2936
79132
70286
1219
2529
1732
3361
52319
215
7458
48780
48394
47
62849
1704
27611
27773
74458
67997
135518
71464
78653
72131
72011
71745
71108
70293
69481
72226
67087
66665
72395
72720
73023
111384
4995
121231
72998
67665
1061
69712
64957
1258
3949
1210
4011
46578
109487
293
260
45720
1517
1358
1376
661
1259
63131
1242
1059
377
904
520
529
587
628
1250
6016
357
39421
6287
914
6713
757
8188
146501
27592
53318
30745
31658
52885
7155
1639
5
186
5984
236
246
300
3707
337
350
3176
64969
1635
2012
1801
106473
5349
5377
5481
5812
6281
6953
8636
65514
68954
88125
107649
3703
44191
3676
5135
5449
55247
77455
106918
8369
60072
47099
78349
94777
1900
2361
117533
1
78499
4890
1954
3785
1956
2004
40148
2085
2369
2396
2692
2700
3052
3113
3260
8533
3751
3893
4823
3978
4016
6863
4041
2942
4351
1997
1088
1028
4369
5662
4322
4701
4641
26662
3546
5219
34405
27904
8928
8861
7373
5507
4069
2359
3882
3809
3301
3300
3275
3257
37733
60684
66097
66934
68319
69526
71057
46970
47640
6985
7361
44555
3030
5618
5971
82461
104283
2641
80551
8865
100365
1199
130682
111624
107999
8623
2174
45950
2082
37729
35957
34162
32892
7478
1955
2968
4467
4911
5909
47465
4388
1131
48711
4189
4612
6683
6986
27255
608
5445
8972
104841
6754
36401
2288
4018
34321
26614
8464
7161
5299
4973
3948
31221
2068
1265
1176
232
50
35836
56367
68358
93040
95441
97938
106696
109249
109374
115617
118997
134853
54290
40614
111
247
1080
1256
32025
7376
104
78209
3265
2997
2924
2019
1274
741
76251
4721
61024
55820
52973
8528
2502
1103
3996
4993
5782
5902
5952
6350
6857
7022
7090
7153
7844
8795
8874
26554
26585
31878
122886
946
599
1153
96811
98154
97923
97921
97752
97673
97304
96832
96728
99114
96610
96588
96417
95761
95558
95449
95135
98961
99149
67255
103688
106920
106916
106766
106100
105504
105355
105197
103624
101285
103449
103372
103107
102469
102194
101895
101525
94969
94959
94931
80489
82459
1172
81932
81845
81786
81591
81562
80463
91077
79242
78574
78039
74545
74324
72741
72176
82463
83976
85394
86320
90866
90531
90439
90376
90057
89804
89759
89492
89470
89260
88810
88235
88129
87304
86833
107141
107636
110871
139385
143385
142488
141749
140725
140715
140174
139642
137337
132458
134881
134859
134130
133771
133645
132800
132549
144172
146656
148482
148626
111931
82152
66203
47044
138610
164979
164977
163949
163056
161582
161336
160954
158783
156387
155064
132547
131796
111249
112552
114662
114459
114342
114254
113064
112852
112556
112550
128606
112515
112290
112183
112070
111622
111505
111251
115139
115569
115713
116161
128512
128360
128235
127212
127206
127144
127114
127108
123695
123663
122882
118880
118700
117176
116797
67429
82313
64839
6874
8154
8128
7926
7792
7438
7335
7195
6983
6981
6830
5289
6783
6643
6515
6433
6229
5956
5795
5791
5747
8195
8207
8236
8494
41585
64701
40629
39183
38304
37741
34517
31770
26366
26151
26150
25927
25805
8767
8766
8765
8751
8645
8584
5464
5198
42217
1942
2920
2857
2747
2730
2202
2182
2178
2109
1957
1935
5169
1572
1281
1273
1272
1260
1232
1211
1209
1197
2927
3089
3111
3384
4928
4763
4712
4437
4327
4326
4262
4103
3947
3811
3789
3742
3679
3671
3634
3632
3539
3498
3415
41863
40819
45028
52241
55442
55363
55280
55276
55269
55253
55118
55069
55063
55052
54881
54513
54286
54272
53953
53894
45210
53000
52967
55946
56015
56152
61236
64622
64620
64614
63876
63082
61357
61323
61240
60766
56286
60069
58879
58191
57669
56805
56788
56782
56607
52579
53123
339
51540
48738
49824
49917
48696
50068
48516
47629
47423
47274
46723
46664
48774
6218
5064
1291
3114
745
924
3994
1036
44199
150
153
434
494
7347
780
5602
4638
4223
4023
8961
8781
3916
1617
2273
2329
2600
2985
3499
33794
2989
3160
3175
63992
6942
2424
59725
6539
69640
1721
