318
150
3114
3361
2424
111384
121231
1061
27773
520
1242
1059
904
661
628
529
246
350
337
300
1259
236
186
5
1250
1517
1358
2085
3260
3113
3052
2700
2692
2396
2369
2012
1376
2004
1956
1954
1801
1639
1635
58559
67997
31658
52885
27611
95441
93040
72998
68358
56367
46578
34321
26662
3785
26614
8464
7161
5299
4973
4018
3948
97938
106696
109249
109374
30745
8188
6713
6287
5662
3546
1256
1080
247
111
40614
54290
134853
118997
115617
3751
3978
3893
45720
7155
5984
3707
3176
64969
63131
59725
8533
53318
6942
6863
2942
1088
1028
4322
78499
39421
541
60072
1211
1572
1283
1281
1273
1272
1260
1232
1209
146501
1197
1172
1153
954
946
914
757
77455
47099
1265
4890
6953
6281
5812
5481
5377
5349
5135
4823
65514
4701
4641
4369
4351
4306
4041
4016
8636
68954
40148
70286
6016
1
117533
2361
1900
94777
78349
8369
107649
106918
55247
5449
3676
106473
44191
3703
2068
135518
1210
1176
63992
60684
37733
34405
27904
8928
8861
7373
5507
5219
4069
3882
3809
3301
3300
3275
3257
66934
68319
69526
5971
104
36401
8865
6754
132046
104283
82461
5618
69712
3030
44555
7361
6985
47640
46970
71057
2641
2359
80551
2174
4911
4467
2968
1199
111624
107999
8623
100365
47465
45950
37729
35957
34162
32892
7478
1955
5909
4388
2082
109487
104841
69640
8972
7458
5445
608
52319
260
1131
27255
6986
6683
4612
4189
48711
64957
1103
2502
8528
4993
7022
6857
6539
6350
5952
5902
5782
3996
7153
3265
2997
2924
2571
2019
1274
924
7090
7844
44199
4721
1942
232
50
35836
32025
31221
7376
122886
8795
1721
33794
31878
26585
26554
8961
8874
741
8781
52973
745
1291
1200
1120
1042
1036
858
780
593
1617
494
434
153
78209
76251
61024
55820
1610
2273
7347
3994
6218
5602
5064
4638
4223
4121
4023
3916
2329
3793
3499
3175
3160
2989
2985
2600
1935
599
1957
94931
96588
96417
95761
95558
95449
95135
94969
94959
91077
96728
90866
90531
90439
90376
90057
89804
89759
89492
96610
96811
64701
101285
103624
103449
103372
103107
102469
102194
101895
101525
99149
96832
99114
98961
98154
97923
97921
97752
97673
97304
89470
89260
88810
72011
74324
73023
72741
72720
72395
72226
72176
72131
71745
88235
71464
71108
69481
67665
67429
67255
67087
66665
74545
78039
78574
78653
88129
87304
86833
86320
85394
83976
82463
82459
82313
81932
81845
81786
81591
81562
80489
80463
79242
103688
105197
105355
134859
141749
140725
140715
140174
139642
139385
137337
134881
134130
128360
133771
133645
132800
132549
132547
132458
131796
128606
142488
143385
144172
146656
111931
82152
66203
47044
138610
164979
164977
163949
163056
161582
161336
160954
158783
156387
155064
148626
148482
128512
128235
105504
111505
112556
112552
112550
112515
112290
112183
112070
111622
111251
127212
111249
110871
107636
107141
106920
106916
106766
106100
112852
113064
114254
114342
127206
127144
127114
127108
123695
123663
122882
118880
118700
117176
116797
116161
115713
115569
115139
114662
114459
64839
70293
64622
38304
7926
7792
7438
7335
7243
7195
6983
6981
6874
6830
6783
6643
6515
6433
6229
5956
5795
8125
8128
8154
8767
34517
31770
26366
26151
26150
25927
25805
8766
8195
8765
8751
64620
8584
8494
8236
8207
5791
5747
5464
2927
3498
3415
3384
3111
3089
3022
2936
2920
3629
2857
2747
2730
2202
2182
2178
2109
3539
3632
5289
4326
5198
5169
4928
4763
4712
4437
4327
4262
3634
4103
3947
3811
3789
3742
3679
3671
37741
8645
39183
56152
55946
55442
55363
55280
55276
55269
40629
55253
55118
55069
55063
55052
54881
54513
54286
56015
56286
53953
56607
64614
63876
63082
61357
61323
61240
61236
60766
60069
58879
58191
57669
56805
56788
56782
54272
339
53894
46664
48516
48696
48738
48774
49824
47423
47274
46723
49917
51540
52241
52281
50068
52579
42217
40819
53123
41585
53000
41997
41863
47629
45210
52967
45028
79132
4995
1732
74458
66097
1704
62849
48780
3949
4011
1997
2529
1219
48394
1079
130682
2542
1258
4226
27592
68157
5608
1089
2288
88125
1729
778
2959
293
377
357
587
47
296
215
2028
2677
1245
2330
319
3246
364
588
306
