593
858
1042
1120
1200
1610
4121
318
3793
3361
7792
4437
3384
3671
47274
3947
26366
4712
4928
6229
2109
8207
2178
3498
1272
2730
111384
121231
1061
27773
377
587
46578
529
520
118997
628
350
56367
337
300
68358
246
72998
357
34321
661
236
1517
4973
1376
1358
1259
1250
1242
5299
1059
7161
8464
26614
904
26662
27611
93040
186
215
1080
2529
2288
1729
1256
1219
1089
1079
95441
109374
115617
247
111
40614
54290
3546
5662
6287
6713
8188
27592
1639
30745
31658
52885
109249
58559
67997
106696
5
97938
134853
1635
135518
1801
44191
6016
5608
2959
2542
778
1
117533
2361
1900
94777
78349
70286
8369
106918
55247
5449
3676
40148
47099
60072
6942
3707
3176
64969
63131
59725
45720
8533
6863
62849
2942
1997
1088
1028
4322
78499
77455
106473
3703
1954
107649
3978
3893
3785
3751
3260
3114
3113
3052
2700
2692
2396
3948
2369
2085
2012
2004
1956
4016
4041
4306
5481
88125
68954
65514
8636
6953
6281
5812
5377
4351
5349
5135
4890
4823
4701
4641
4369
4018
232
2424
3275
8861
5507
5219
4069
3882
3809
3301
3300
3257
104283
2359
1732
80551
2082
104841
69640
8972
7458
8928
27904
34405
37733
5971
5618
3030
44555
7361
6985
47640
46970
71057
69712
69526
68157
66934
66097
63992
60684
48394
5445
608
52319
5909
4467
2968
1199
130682
111624
107999
8623
2174
150
100365
45950
37729
35957
34162
32892
7478
1955
4911
47465
109487
296
79132
48780
4995
4226
1704
1258
260
27255
6986
6683
4612
4189
48711
74458
64957
1131
4388
82461
132046
2068
5782
7153
7090
7022
6857
6539
6350
5952
5902
4993
6754
3996
3265
2997
2924
2571
2019
1274
924
7844
8795
8874
8961
1265
1210
1176
7155
50
47
35836
32025
31221
7376
4721
122886
1721
33794
31878
26585
26554
741
44199
8781
1291
780
745
494
434
293
153
78209
76251
61024
55820
52973
8528
2502
1103
104
36401
8865
1036
1617
7347
2273
6218
5602
5064
4638
4223
4023
4011
3994
3949
3916
3499
3175
3160
2989
2985
2600
2329
5984
599
39421
97304
96811
96728
96610
96588
96417
95761
95558
95449
95135
94969
94959
94931
91077
90866
90531
90439
90376
96832
97673
89804
97752
105197
103688
103624
103449
103372
103107
102469
102194
101895
101525
101285
99149
99114
98961
98154
97923
97921
90057
89759
105504
80463
78653
78574
78039
74545
74324
73023
72741
72720
72395
72226
72176
72131
72011
71745
71464
71108
70293
79242
80489
89492
81562
89470
89260
88810
88235
88129
87304
86833
86320
85394
83976
82463
82459
82313
81932
81845
81786
81591
105355
106100
67665
143385
141749
140725
140715
140174
139642
139385
137337
134881
134859
134130
133771
133645
132800
132549
132547
132458
131796
142488
144172
128512
146656
111931
82152
66203
47044
138610
164979
164977
163949
163056
161582
161336
160954
158783
156387
155064
148626
148482
128606
128360
106766
114254
112852
112556
112552
112550
112515
112290
112183
112070
111622
111505
111251
111249
110871
107636
107141
106920
106916
113064
114342
128235
114459
127212
127206
127144
127114
127108
123695
123663
122882
118880
118700
117176
116797
116161
115713
115569
115139
114662
53318
69481
67429
5956
5791
5747
5464
5289
5198
5169
4763
4327
4326
4262
4103
3811
3789
3742
3679
3634
3632
5795
6433
3539
6515
8494
8236
8195
8154
8128
8125
7926
7438
7335
7243
7195
6983
6981
6874
6830
6783
6643
3629
3415
8645
1273
1245
1232
1211
1209
1197
1172
1153
954
946
914
757
146501
588
541
364
319
306
1260
1281
3246
1283
3111
3089
3022
2936
2927
2920
2857
2747
2677
2330
2202
2182
2028
1957
1942
1935
1572
67255
8584
8751
55276
56607
56286
56152
56015
55946
55442
55363
55280
55269
53953
55253
55118
55069
55063
55052
54881
54513
54286
56782
56788
56805
57669
67087
66665
64839
64701
64622
64620
64614
63876
63082
61357
61323
61240
61236
60766
60069
58879
58191
54272
53894
8765
53123
42217
41997
41863
41585
40819
40629
39183
38304
37741
34517
31770
26151
26150
25927
25805
8767
8766
45028
339
45210
46664
53000
52967
52579
52281
52241
51540
50068
49917
49824
48774
48738
48696
48516
47629
47423
46723
68319
7373
2641
