1219
593
858
1042
1120
1200
1610
4121
608
5608
3793
3994
1617
153
434
494
780
8781
7347
5602
4638
4223
2273
2329
2600
4023
2989
3160
3175
3499
3916
2985
3949
350
52973
1103
4041
1089
44199
4226
40614
1036
2959
745
55820
1704
4011
1291
5064
37733
3882
3809
6218
47
74458
4973
68157
72998
8928
109249
2542
1079
109374
296
2692
48780
46578
8874
8861
2529
5299
31878
62849
1258
34321
4995
56367
118997
35836
1265
79132
115617
6539
66934
1256
1801
8188
1358
6713
1376
6287
1517
1635
1639
1954
2288
1259
2004
5662
2012
2085
2369
2396
3546
2700
3052
1956
215
1250
67997
236
246
300
186
1153
337
5
1172
357
377
520
1242
529
58559
52885
587
628
661
904
31658
1059
30745
27592
306
954
5812
88125
68954
65514
8636
6953
6281
5481
3703
5377
5349
5135
4890
4823
4701
107649
44191
4369
94777
60072
47099
40148
6016
1
1900
78349
106473
70286
8369
106918
55247
5449
3676
4641
4351
946
39421
63131
64969
3176
3707
5984
7155
319
45720
364
541
588
146501
757
914
59725
8533
4306
3114
4016
3978
3893
3785
3751
3260
3113
6942
77455
78499
4322
1028
1997
2942
135518
31221
1080
44555
7458
8972
69640
104841
2082
80551
2359
2641
3257
3275
3300
3301
4069
5219
5507
7373
27904
34405
48394
60684
63992
66097
68319
69526
69712
71057
46970
47640
6985
5445
52319
109487
1199
1955
7478
32892
34162
35957
37729
45950
100365
150
8623
107999
111624
130682
2968
260
4467
4911
5909
47465
4388
1131
64957
48711
4189
4612
6683
6986
27255
7361
3030
247
5618
8795
8961
26554
26585
33794
1721
122886
4721
7376
1209
32025
232
1176
1210
2068
2424
3948
4018
7161
8464
26662
27611
68358
93040
95441
97938
106696
134853
54290
7844
7153
7090
741
5971
82461
104283
132046
6754
8865
36401
104
2502
8528
61024
76251
78209
924
7022
1274
2019
2571
2924
2997
3265
3996
4993
5782
5902
5952
6350
6857
1197
599
1211
91077
90531
90439
90376
90057
89804
89759
89492
89470
89260
88810
88235
88129
87304
86833
86320
85394
83976
90866
94931
61323
94959
98154
97923
97921
97752
97673
97304
96832
96811
96728
96610
96588
96417
95761
95558
95449
95135
94969
82463
82459
82313
81932
71745
71464
71108
70293
69481
67665
67429
67255
1232
66665
64839
64701
64622
64620
64614
63876
63082
72011
72131
72176
78653
81845
81786
81591
81562
80489
80463
79242
78574
72226
78039
74545
74324
73023
72741
72720
72395
98961
99114
99149
128606
142488
141749
140725
140715
140174
139642
139385
137337
134881
134859
134130
133771
133645
132800
132549
132547
132458
143385
144172
146656
163949
111931
82152
66203
47044
138610
164979
164977
163056
148482
161582
161336
160954
158783
156387
155064
148626
131796
128512
101285
128360
107141
106920
106916
106766
106100
105504
105355
105197
103688
103624
103449
103372
103107
102469
102194
101895
101525
107636
110871
111249
123663
128235
127212
127206
127144
127114
127108
123695
122882
111505
115713
115139
114459
114254
113064
112550
112070
61357
67087
61240
5169
5956
5795
5791
5747
5464
5289
5198
4928
6433
4763
4712
4437
4327
4326
4262
4103
6229
6515
3811
7792
8236
8207
8195
8154
8128
8125
7926
7438
6643
7335
7243
6983
6981
6874
6830
6783
3947
3789
8584
1942
2330
2202
2182
2178
2109
2028
1957
1935
2730
1572
1283
1281
1273
1272
1260
1245
2677
2747
3742
3415
3679
3671
3634
3632
3629
3539
3498
3384
2857
3246
3111
3089
3022
2936
2927
2920
8494
7195
8645
53894
55069
55063
55052
54881
54513
54286
54272
53953
53123
48774
53000
52967
52579
52281
52241
8751
50068
49917
55118
55253
55269
55276
61236
60766
60069
58879
58191
57669
56805
56788
56782
56607
56286
56152
56015
55946
55442
55363
55280
49824
51540
45210
38304
46664
48738
45028
42217
41997
41863
41585
40819
40629
39183
37741
47274
34517
31770
26366
26151
26150
25927
25805
8767
8766
8765
46723
339
48696
48516
47423
47629
293
27773
117533
1061
1088
6863
121231
111384
111
111251
2174
112515
118880
118700
3361
117176
116161
116797
115569
114342
111622
112556
112852
112290
112183
114662
53318
778
1729
2361
318
112552
50
26614
1732
