1729
778
608
1103
4041
52973
350
1079
2959
2542
3809
55820
1732
296
3882
37733
4973
8928
109249
46578
109374
520
337
377
529
587
904
628
661
357
1259
1059
1956
3052
2700
2692
2396
2369
2085
2012
2004
1954
1242
1801
1639
1635
1517
1376
1358
246
1250
300
599
236
93040
111
40614
54290
118997
106696
97938
95441
68358
1080
56367
34321
26662
26614
8464
7161
5299
247
1089
215
27592
186
5
67997
52885
31658
30745
27773
8188
1219
6713
6287
5662
3546
2529
2288
1256
58559
3751
3113
1997
63131
59725
45720
8533
6942
6863
2942
1088
3176
1028
4322
77455
62849
60072
47099
40148
64969
3707
5608
146501
1197
1172
1153
954
946
914
757
588
5984
541
364
319
306
53318
39421
7155
6016
117533
3114
4351
5349
5135
4890
4823
4701
4641
4369
4306
5481
4016
3978
3893
3785
3948
3361
3260
5377
5812
2361
3676
1900
94777
78349
8369
106918
55247
5449
106473
6281
44191
107649
88125
68954
65514
8636
6953
4018
50
2424
69640
48394
34405
27904
8861
7373
5507
5219
4069
3301
3300
3275
3257
2641
2359
1061
80551
2082
60684
63992
66097
44555
8865
6754
104283
82461
5971
5618
3030
7361
66934
6985
47640
46970
71057
69712
69526
68157
104841
8972
1265
7458
4911
4467
2968
1199
130682
111624
8623
2174
150
100365
45950
37729
35957
34162
32892
7478
1955
5909
47465
4388
1258
5445
52319
121231
48780
4995
4226
1704
27255
1131
6986
6683
4612
4189
48711
74458
64957
36401
104
2502
8528
7090
7022
6857
6539
6350
5952
5902
5782
4993
3996
3265
2997
2924
1274
924
741
44199
7153
7844
8795
31221
1176
318
232
1211
47
35836
32025
7376
8874
4721
1721
33794
31878
26585
26554
8961
8781
7347
6218
745
1291
1200
1120
1042
1036
858
780
593
1617
494
434
293
153
78209
76251
61024
1610
2273
5602
3949
5064
4638
4223
4121
4023
4011
3994
3916
2329
3793
3499
3175
3160
2989
2985
2600
1209
339
1232
94969
96728
96610
96588
96417
95761
95558
95449
95135
94959
89492
94931
91077
90866
90531
90439
90376
90057
89804
96811
96832
97304
97673
103688
103624
103449
103372
103107
102469
102194
101895
101525
101285
99149
99114
98961
98154
97923
97921
97752
89759
89470
105355
72176
78039
74545
74324
73023
72741
72720
72395
72226
72131
89260
72011
71745
71464
71108
70293
69481
1245
67429
78574
78653
79242
80463
88810
88235
88129
87304
86833
86320
85394
83976
82463
82459
82313
81932
81845
81786
81591
81562
80489
105197
105504
67087
134881
142488
141749
140725
140715
140174
139642
139385
137337
134859
128512
134130
133771
133645
132800
132549
132547
132458
131796
143385
144172
146656
148482
111931
111384
82152
66203
47044
138610
164979
164977
163949
163056
161582
161336
160954
158783
156387
155064
148626
128606
128360
106100
111622
112852
112556
112552
112550
112515
112290
112183
112070
111505
128235
111251
111249
110871
107636
107141
106920
106916
106766
113064
114254
114342
114459
127212
127206
127144
127114
127108
123695
123663
122882
118880
118700
117176
116797
116161
115713
115569
115139
114662
67255
67665
8751
5464
7438
7335
1957
7243
7195
6983
6981
6874
6830
6783
6643
6515
6433
6229
5956
5795
5791
7792
7926
8125
1935
26151
26150
25927
25805
8767
8766
8765
1942
8128
8645
8584
8494
8236
8207
8195
8154
5747
5289
31770
5198
2178
2182
3539
3498
3415
3384
3246
3111
3089
3022
2936
2927
2920
2857
2747
2730
2677
3629
3632
3634
4262
5169
4928
4763
4712
4437
4327
4326
2028
3671
4103
3947
3811
3789
3742
3679
2109
2202
26366
34517
55069
56788
1273
56782
1281
56607
56286
56152
56015
55946
55442
55363
55280
55276
1283
1572
55269
55253
56805
57669
58191
63082
66665
64839
64701
64622
64620
64614
63876
61357
58879
1260
1272
61323
61240
61236
60766
60069
37741
55118
55063
49824
48696
48516
47629
47423
47274
46723
46664
45210
45028
42217
41997
41863
41585
40819
40629
39183
38304
48738
48774
53000
53123
55052
54881
54513
54286
54272
53953
53894
2330
52967
52579
52281
52241
51540
50068
49917
79132
72998
70286
3703
135518
2571
68319
109487
27611
107999
122886
2068
132046
2019
1210
115617
134853
78499
1
260
