111
246
318
2361
593
300
858
1042
4121
1120
1200
1610
296
150
3361
3793
1258
111384
3114
121231
1732
1061
1729
778
1089
2424
68157
2542
1079
27773
2959
1242
661
904
628
2700
587
1059
2369
1358
1250
1259
2085
1376
1517
1635
520
1639
1801
2692
2396
1954
1956
2004
2012
529
135518
377
357
54290
134853
118997
115617
109374
109249
106696
97938
95441
93040
72998
68358
56367
46578
34321
40614
247
1080
52885
337
236
3052
5
67997
58559
31658
1256
30745
8188
6713
6287
5662
3546
186
3893
3113
6863
3176
64969
63131
59725
45720
8533
6942
2942
5984
1088
1028
4322
78499
77455
60072
47099
3707
7155
3260
1172
1273
1272
1260
1232
1211
1209
1197
1153
39421
954
946
914
757
146501
541
53318
40148
6016
1
4641
5481
5377
5349
5135
4890
4823
4701
4369
117533
4351
4306
4016
3978
26662
3785
3751
5812
6281
6953
8636
1900
94777
78349
70286
8369
106918
55247
5449
3676
106473
44191
3703
107649
68954
65514
27611
1265
26614
7373
66934
63992
60684
34405
27904
8928
8861
5507
2359
5219
4069
3809
3301
3300
3275
3257
68319
69526
69712
71057
104
36401
8865
6754
132046
104283
82461
5971
5618
3030
44555
7361
6985
47640
46970
2641
80551
8464
2174
4911
4467
2968
1199
111624
107999
8623
100365
2082
45950
37729
35957
34162
32892
7478
1955
5909
47465
4388
1131
104841
69640
8972
7458
5445
52319
109487
260
27255
6986
6683
4612
4189
48711
64957
2502
8528
61024
7153
31878
26585
26554
8961
8874
8795
7844
7090
76251
7022
6857
6539
6350
5952
5902
5782
33794
1721
122886
4721
7161
5299
4973
4018
3948
2068
1283
1210
1176
232
50
35836
32025
31221
7376
4993
3996
3265
3499
3160
2989
2985
2600
2329
2273
1617
1291
1036
780
745
494
434
153
78209
3175
3916
2997
3994
2924
2571
2019
1274
924
741
44199
8781
7347
6218
5602
5064
4638
4223
4023
1281
599
1572
94959
96610
96588
96417
95761
95558
95449
95135
94969
94931
89470
91077
90866
90531
90439
90376
90057
89804
89759
96728
96811
96832
97304
103624
103449
103372
103107
102469
102194
101895
101525
101285
99149
99114
98961
98154
97923
97921
97752
97673
89492
89260
105197
72131
74545
74324
73023
72741
72720
72395
72226
72176
72011
88810
1935
71464
71108
70293
69481
67665
67429
67255
78039
78574
78653
79242
88235
88129
87304
86833
86320
85394
83976
82463
82459
82313
81932
81845
81786
81591
81562
80489
80463
103688
105355
66665
134859
141749
140725
140715
140174
139642
139385
137337
134881
134130
128360
133771
133645
132800
132549
132547
132458
131796
128606
142488
143385
144172
146656
111931
82152
66203
47044
138610
164979
164977
163949
163056
161582
161336
160954
158783
156387
155064
148626
148482
128512
128235
105504
111505
112556
112552
112550
112515
112290
112183
112070
111622
111251
127212
111249
110871
107636
107141
106920
106916
106766
106100
112852
113064
114254
114342
127206
127144
127114
127108
123695
123663
122882
118880
118700
117176
116797
116161
115713
115569
115139
114662
114459
67087
71745
64839
7243
8154
8128
8125
7926
7792
7438
7335
7195
6229
6983
6981
6874
6830
6783
6643
6515
8195
8207
8236
8494
31770
26366
26151
26150
25927
2920
8767
8766
2178
2182
8765
8751
64701
8645
8584
6433
5956
37741
3384
3671
3634
3632
3629
3539
3498
3415
2202
5795
3111
3089
3022
2730
2747
2857
2936
3679
3742
3789
3811
5791
5747
5464
5289
5198
5169
4928
4763
4712
4437
4327
4326
4262
4103
3947
34517
25805
38304
55276
56286
56152
56015
55946
55442
55363
55280
55269
54272
55253
55118
39183
55063
55052
54881
54513
56607
56782
56788
56805
64622
64620
64614
63876
63082
61357
61323
61240
61236
60766
60069
58879
1942
58191
57669
54286
55069
2927
51540
48516
47423
48696
47274
1957
46723
48738
48774
49824
46664
45210
49917
50068
45028
42217
41585
2109
40629
40819
53953
53894
53123
53000
47629
41863
52967
41997
52579
52281
52241
79132
4995
74458
66097
1704
62849
48780
3949
4011
1997
2529
1219
48394
130682
4226
27592
5608
2288
88125
3882
37733
55820
608
293
1103
52973
4041
350
339
47
215
2028
588
364
319
306
2677
2330
3246
1245
