153
2273
7347
5602
4638
4223
4121
4023
3916
3499
3175
3160
2989
2600
296
2329
2985
8781
1042
1617
434
1610
494
1200
593
780
1120
858
318
44199
3793
1036
3994
745
5064
1291
4011
3949
778
1729
3361
6218
293
1089
68157
2959
111384
2542
121231
1079
1061
27773
1732
6713
6287
5662
3546
2529
2288
1256
1219
1080
247
111
1242
54290
134853
118997
115617
109374
109249
106696
97938
95441
93040
72998
40614
27592
8188
30745
357
377
520
529
587
628
661
904
1059
350
337
300
246
236
215
186
5
67997
58559
52885
31658
135518
1517
1250
4322
77455
62849
60072
47099
40148
6016
5608
1
117533
2361
1900
94777
78349
70286
8369
106918
55247
5449
3676
78499
1028
44191
1088
541
364
319
306
53318
39421
7155
5984
3707
3176
64969
63131
59725
45720
8533
6942
6863
2942
1997
106473
3703
1259
3893
3751
3260
3113
3052
2700
2692
2396
2369
2085
2012
2004
1956
1954
1801
1639
1635
56367
1376
1358
3785
3978
107649
4016
88125
68954
65514
8636
6953
6281
5812
5481
5377
5349
5135
4890
4823
4701
4641
4369
4351
4306
4041
68358
7376
46578
3882
3301
3300
3275
3257
2641
2359
80551
2082
104841
69640
8972
7458
5445
608
52319
3809
4069
34321
5219
69712
69526
68319
66934
66097
63992
60684
48394
37733
34405
27904
8928
8861
7373
5507
109487
79132
48780
4995
2968
1199
130682
111624
107999
8623
2174
100365
45950
37729
35957
34162
32892
7478
1955
4467
4911
5909
6683
4226
1704
1258
260
27255
6986
4612
47465
4189
48711
74458
64957
1131
4388
71057
46970
47640
6857
31221
146501
4721
122886
1721
33794
31878
26585
26554
8961
8874
8795
7844
7153
7090
32025
35836
47
4973
27611
26662
26614
8464
7161
5299
4018
50
3948
2068
1265
1210
1176
232
7022
6539
6985
6350
8528
2502
1103
104
36401
8865
6754
132046
104283
82461
5971
5618
3030
44555
7361
52973
55820
61024
2997
5952
5902
5782
4993
3996
3265
2924
76251
2571
2019
1274
924
741
78209
588
599
757
94931
96588
96417
95761
95558
95449
95135
94969
94959
91077
96728
90866
90531
90439
90376
90057
89804
89759
89492
96610
96811
914
101285
103624
103449
103372
103107
102469
102194
101895
101525
99149
96832
99114
98961
98154
97923
97921
97752
97673
97304
89470
89260
88810
72011
74324
73023
72741
72720
72395
72226
72176
72131
71745
88235
71464
71108
70293
69481
67665
67429
67255
67087
74545
78039
78574
78653
88129
87304
86833
86320
85394
83976
82463
82459
82313
81932
81845
81786
81591
81562
80489
80463
79242
103688
105197
105355
134859
141749
140725
140715
140174
139642
139385
137337
134881
134130
128360
133771
133645
132800
132549
132547
132458
131796
128606
142488
143385
144172
146656
111931
82152
66203
47044
138610
164979
164977
163949
163056
161582
161336
160954
158783
156387
155064
148626
148482
128512
128235
105504
111505
112556
112552
112550
112515
112290
112183
112070
111622
111251
127212
111249
110871
107636
107141
106920
106916
106766
106100
112852
113064
114254
114342
127206
127144
127114
127108
123695
123663
122882
118880
118700
117176
116797
116161
115713
115569
115139
114662
114459
66665
64839
64701
4437
5747
5464
5289
5198
5169
4928
4763
4712
4327
3634
4326
4262
4103
3947
3811
3789
3742
3679
5791
5795
5956
6229
8154
8128
8125
7926
7792
7438
7335
7243
7195
6983
6981
6874
6830
6783
6643
6515
6433
3671
3632
8207
1260
1957
1942
1935
1572
1283
1281
1273
1272
1245
3629
1232
1211
1209
1197
1172
1153
954
946
2028
2109
2178
2182
3539
3498
3415
3384
3246
3111
3089
3022
2936
2927
2920
2857
2747
2730
2677
2330
2202
64622
8195
8236
55063
55442
55363
55280
55276
55269
55253
55118
55069
55052
52579
54881
54513
54286
54272
53953
53894
53123
53000
55946
56015
56152
56286
64620
64614
63876
63082
61357
61323
61240
61236
60766
60069
58879
58191
57669
56805
56788
56782
56607
8494
52967
52281
41585
40629
39183
38304
37741
34517
31770
26366
26151
26150
25927
25805
8767
8766
8765
8751
8645
8584
52241
40819
41863
48516
51540
50068
49917
49824
48774
48738
41997
48696
47629
47423
47274
46723
46664
45210
45028
42217
339
2424
3114
150
