434
2273
7347
5602
4638
4223
4121
4023
3916
3499
3175
3160
2989
2985
2600
153
2329
494
593
780
858
1042
1120
1200
1610
8781
1617
608
260
44199
350
52973
4041
1103
3793
1036
3994
745
1291
5064
4011
3949
3809
55820
6218
293
3882
37733
1079
4973
1059
109249
8928
46578
109374
1732
2019
2068
134853
115617
5662
30745
2288
27773
27592
2529
1089
1080
1256
1729
1219
6713
3546
8188
67997
31658
520
1242
904
661
628
587
529
377
1358
357
337
300
246
236
215
1259
1376
52885
2012
3052
186
2692
2396
2369
2085
2004
1517
1956
1954
58559
1801
1639
1635
2700
599
111
1088
63131
59725
45720
8533
6942
6863
2942
1997
1028
3113
4322
78499
77455
62849
60072
47099
40148
6016
64969
3176
3707
5984
1209
1197
1172
1153
954
946
914
757
146501
588
541
364
319
306
53318
39421
7155
5608
2959
2542
5481
5349
5135
4890
4823
4701
4641
4369
4351
4306
4016
3978
3893
3785
3751
3361
3260
3114
5377
5812
778
6281
1
117533
2361
1900
78349
8369
106918
55247
3676
106473
44191
107649
88125
68954
65514
8636
6953
247
232
40614
80551
3300
3275
3257
2641
2359
1061
2082
48780
104841
69640
8972
7458
5445
52319
3301
4069
5219
5507
7373
8861
27904
48394
60684
63992
66097
66934
68157
69526
69712
71057
46970
121231
4995
54290
100365
2968
1199
130682
111624
2174
150
45950
4226
37729
35957
34162
32892
7478
1955
4467
4911
5909
47465
296
4388
1131
64957
74458
48711
4189
4612
6683
6986
27255
1258
1704
47640
6985
7361
31221
318
1232
50
47
35836
32025
7376
44555
4721
1721
33794
31878
26585
26554
1176
1265
2424
3948
4018
5299
8464
26614
26662
34321
56367
68358
93040
95441
97938
106696
118997
8961
8874
8795
924
3030
5618
5971
82461
104283
6754
8865
36401
2502
8528
61024
76251
78209
741
1274
7844
2924
2997
3265
3996
4993
5782
5902
5952
6350
6539
6857
7022
7090
7153
1211
339
1245
94969
96728
96610
96588
96417
95761
95558
95449
95135
94959
89492
94931
91077
90866
90531
90439
90376
90057
89804
96811
96832
97304
97673
103688
103624
103449
103372
103107
102469
102194
101895
101525
101285
99149
99114
98961
98154
97923
97921
97752
89759
89470
105355
72176
78039
74545
74324
73023
72741
72720
72395
72226
72131
89260
72011
71745
71464
71108
70293
1260
67665
67429
78574
78653
79242
80463
88810
88235
88129
87304
86833
86320
85394
83976
82463
82459
82313
81932
81845
81786
81591
81562
80489
105197
105504
67087
134881
142488
141749
140725
140715
140174
139642
139385
137337
134859
128512
134130
133771
133645
132800
132549
132547
132458
131796
143385
144172
146656
148482
111931
111384
82152
66203
47044
138610
164979
164977
163949
163056
161582
161336
160954
158783
156387
155064
148626
128606
128360
106100
111622
112852
112556
112552
112550
112515
112290
112183
112070
111505
128235
111251
111249
110871
107636
107141
106920
106916
106766
113064
114254
114342
114459
127212
127206
127144
127114
127108
123695
123663
122882
118880
118700
117176
116797
116161
115713
115569
115139
114662
67255
69481
66665
5795
6874
6830
6783
6643
6515
6433
6229
5956
5791
4327
5747
5464
5289
5198
5169
4928
4763
4712
6981
6983
7195
7243
8767
8766
8765
64839
8645
8584
8494
8236
8207
8195
8154
8128
8125
7926
7792
7438
7335
4437
4326
25927
2109
2857
2747
2730
2677
2330
2202
2182
2178
2028
4262
1957
1942
1935
1572
1283
1281
1273
1272
2920
2927
2936
3022
4103
3947
3811
3789
3742
3679
3671
3634
3632
3629
3539
3498
3415
3384
3246
3111
3089
25805
8751
26150
56286
56015
55946
55442
55363
55280
55276
55269
55253
55118
55069
55063
55052
54881
54513
26151
54272
53953
56152
56607
53123
56782
64701
64622
64620
64614
63876
63082
61357
61323
61240
61236
60766
60069
58879
58191
57669
56805
56788
53894
54286
48774
40819
48738
48696
48516
47629
47423
47274
46723
53000
46664
45210
40629
45028
42217
41997
41863
39183
41585
49824
52241
26366
52967
31770
34517
52579
52281
37741
49917
51540
50068
38304
79132
3703
2571
135518
68319
109487
27611
107999
122886
132046
72998
70286
94777
34405
1250
7161
1210
8623
5449
5
104
6287
