318
357
1059
377
339
3361
1061
111384
1610
4121
319
364
588
3246
306
593
858
2677
1042
2330
1120
1245
1200
121231
4041
52973
350
608
1103
3793
27773
2028
215
628
8623
1
300
587
5
1028
150
55820
78499
3882
37733
7161
3114
3809
134853
1131
106696
115617
4973
2424
8928
109249
46578
109374
118997
6539
66934
337
3052
3113
3546
3260
30745
3751
3785
3893
4016
3978
2692
31658
52885
4306
246
236
67997
6713
6287
2700
661
5662
2396
529
904
2529
8188
1242
1250
27592
1259
1358
520
58559
1517
1635
1639
1801
1954
1956
2004
2012
2085
2369
1376
5349
4351
62849
7155
5984
3707
3176
64969
63131
59725
45720
8533
6942
6863
2942
1997
1088
4322
39421
53318
541
1209
1281
1273
1272
1260
1232
1211
1197
146501
1172
1153
954
946
914
757
77455
60072
4369
47099
88125
68954
65514
8636
6953
6281
5812
5481
5377
1256
5135
4890
4823
4701
4641
107649
3703
44191
94777
40148
6016
5608
117533
2361
1900
78349
106473
70286
8369
106918
55247
5449
3676
2288
56367
1219
5618
5219
4069
3301
3300
3275
3257
2641
2359
80551
2082
104841
69640
8972
7458
5445
5507
7373
8861
69712
44555
7361
6985
47640
46970
71057
69526
27904
68319
66097
63992
60684
48394
34405
52319
109487
79132
100365
2968
1199
130682
111624
107999
2174
45950
4911
37729
35957
34162
32892
7478
1955
4467
5909
48780
6986
4995
4226
1704
1258
260
27255
6683
47465
4612
4189
48711
74458
64957
4388
3030
5971
1080
82461
2068
1265
1210
1176
232
50
47
35836
32025
31221
7376
4721
122886
1721
33794
3948
4018
5299
93040
247
111
40614
54290
97938
95441
72998
8464
68358
1572
34321
27611
26662
26614
31878
26585
26554
8528
1274
924
741
78209
76251
61024
2502
2571
104
36401
8865
6754
132046
104283
2019
2924
8961
6857
8874
8795
7844
7153
7090
7022
6350
2997
5952
5902
5782
4993
3996
3265
1283
135518
1935
97752
97304
96832
96811
96728
96610
96588
96417
95761
95558
95449
95135
94969
94959
94931
91077
90866
90531
97673
97921
71108
97923
105504
105355
105197
103688
103624
103449
103372
103107
102469
102194
101895
101525
101285
99149
99114
98961
98154
90439
90376
90057
89804
80489
80463
1942
78653
78574
78039
74545
74324
73023
72741
72720
72395
72226
72176
72131
72011
71745
81562
81591
81786
87304
89759
89492
89470
89260
88810
88235
88129
86833
81845
86320
85394
83976
82463
82459
82313
81932
106100
106766
106916
128606
142488
141749
140725
140715
140174
139642
139385
137337
134881
134859
134130
133771
133645
132800
132549
132547
132458
143385
144172
146656
163949
111931
82152
66203
47044
138610
164979
164977
163056
148482
161582
161336
160954
158783
156387
155064
148626
131796
128512
106920
128360
114254
113064
112852
112556
112552
112550
112515
112290
112183
112070
111622
111505
111251
111249
110871
107636
107141
114342
114459
114662
123663
128235
127212
127206
127144
127114
127108
123695
122882
115139
118880
118700
117176
116797
116161
115713
115569
71464
79242
70293
8125
8751
8645
8584
8494
8236
8207
8195
8154
8128
7926
8766
7792
7438
7335
7243
7195
6983
6981
6874
6830
8765
8767
6643
40819
47274
69481
46664
45210
45028
42217
41997
41863
41585
40629
25805
39183
38304
37741
34517
31770
26366
26151
26150
25927
6783
6515
47629
2936
3632
3629
3539
3498
3415
3384
3111
3089
3022
2927
3671
2920
2857
2747
2730
2202
2182
2178
2109
1957
3634
3679
6433
4928
6229
5956
5795
5791
5747
5464
5289
5198
5169
4763
3742
4712
4437
4327
4326
4262
4103
3947
3811
3789
47423
46723
48516
56805
56782
56607
56286
56152
56015
55946
55442
55363
55280
55276
55269
55253
55118
55069
55063
55052
54881
54513
54286
56788
57669
53953
58191
67665
67429
67255
67087
66665
64839
64701
64622
64620
64614
63876
63082
61357
61323
61240
61236
60766
60069
58879
54272
599
53894
52241
48696
48738
48774
53000
52967
52579
52281
49824
49917
50068
53123
51540
1732
1079
2542
2959
68157
1089
778
1729
293
6218
3949
4011
1291
5064
745
3994
1036
296
186
44199
7347
780
153
494
434
8781
4223
2273
1617
4638
2329
2600
2985
2989
3160
3175
5602
3916
4023
3499
