8125
541
3022
954
1199
2936
4467
7243
3629
1283
2028
2968
44191
60684
1079
3175
3160
3499
4638
3916
4223
2989
2985
2600
2329
4023
153
7347
434
494
2273
1617
8781
5602
780
924
44199
5902
3260
3978
1036
3994
33794
745
5952
7153
5064
1291
4011
778
1729
3949
109249
6218
608
293
2959
3809
2542
1732
4973
296
8928
46578
109374
1059
1242
904
1250
661
628
587
135518
529
6287
3546
2529
2288
1256
1219
1089
1080
247
111
40614
54290
134853
118997
115617
106696
97938
95441
5662
6713
520
8188
377
357
350
337
300
246
236
1259
186
5
67997
58559
52885
31658
30745
27773
27592
215
2012
1358
62849
47099
40148
6016
5608
1
117533
2361
1900
94777
78349
70286
8369
106918
55247
5449
3676
106473
60072
77455
1376
78499
39421
7155
5984
3707
3176
64969
63131
59725
45720
8533
6942
6863
2942
1997
1088
1028
4322
3703
107649
88125
68954
3751
3361
3114
3113
3052
2700
2692
2396
2369
2085
72998
2004
1956
1954
1801
1635
1517
3785
3893
4016
5349
65514
8636
6953
6281
5812
5481
5377
5135
4041
4890
4823
4701
4641
4369
4351
4306
93040
35836
68358
5507
4069
3882
3301
3300
3275
3257
2641
2359
1061
80551
2082
104841
69640
8972
7458
5219
7373
52319
8861
6985
47640
46970
71057
69712
69526
68319
68157
66934
66097
63992
48394
37733
34405
27904
5445
121231
56367
47465
4911
130682
111624
107999
8623
2174
150
100365
45950
37729
35957
34162
32892
7478
1955
5909
4388
109487
1131
79132
48780
4995
4226
1704
1258
260
27255
6986
6683
4612
4189
48711
74458
64957
7361
44555
3030
47
32025
31221
7376
4721
122886
1721
31878
26585
26554
8961
8874
8795
7844
7090
7022
306
50
5618
232
34321
27611
26662
26614
8464
7161
5299
4018
3948
2424
2068
1265
1210
1176
318
6857
6539
6350
5782
76251
61024
55820
52973
8528
2502
1103
104
36401
8865
6754
132046
104283
82461
5971
78209
593
858
2019
4993
3996
3265
2997
2924
2571
1274
1042
741
4121
3793
1610
1200
1120
53318
599
319
95135
96811
96728
96610
96588
96417
95761
95558
95449
94969
89759
94959
94931
91077
90866
90531
90439
90376
90057
96832
97304
97673
97752
105197
103688
103624
103449
103372
103107
102469
102194
101895
101525
101285
99149
99114
98961
98154
97923
97921
89804
89492
364
72226
78574
78039
74545
74324
73023
72741
72720
72395
72176
89470
72131
72011
71745
71464
71108
70293
69481
67665
78653
79242
80463
80489
89260
88810
88235
88129
87304
86833
86320
85394
83976
82463
82459
82313
81932
81845
81786
81591
81562
105355
105504
106100
134881
142488
141749
140725
140715
140174
139642
139385
137337
134859
106766
134130
133771
133645
132800
132549
132547
132458
131796
143385
144172
146656
148482
111931
111384
82152
66203
47044
138610
164979
164977
163949
163056
161582
161336
160954
158783
156387
155064
148626
128606
128512
128360
114254
112852
112556
112552
112550
112515
112290
112183
112070
111622
111505
111251
111249
110871
107636
107141
106920
106916
113064
114342
128235
114459
127212
127206
127144
127114
127108
123695
123663
122882
118880
118700
117176
116797
116161
115713
115569
115139
114662
67429
67255
67087
4712
5791
5747
5464
5289
5198
5169
4928
4763
4437
8584
4327
4326
4262
4103
3947
3811
3789
3742
5795
5956
6229
6433
8236
8207
8195
8154
8128
7926
7792
7438
7335
7195
6983
6981
6874
6830
6783
6643
6515
3679
3671
3634
1942
1572
1281
1273
1272
1260
1245
1232
1211
1209
1197
1172
1153
946
914
757
146501
588
1935
1957
3632
2109
3539
3498
3415
3384
3246
3111
3089
2927
2920
2857
2747
2730
2677
2330
2202
2182
2178
8494
339
66665
55253
56152
56015
55946
55442
55363
55280
55276
55269
55118
8645
55069
55063
55052
54881
54513
54286
54272
53953
56286
56607
56782
56788
64839
64701
64622
64620
64614
63876
63082
61357
61323
61240
61236
60766
60069
58879
58191
57669
56805
53894
53123
53000
41997
41585
40819
40629
39183
38304
37741
34517
31770
26366
26151
26150
25927
25805
8767
8766
8765
8751
41863
42217
52967
45028
52579
52281
52241
51540
50068
49917
49824
48774
48738
48696
48516
47629
47423
47274
46723
46664
45210
1639
