260
26614
58559
593
858
1042
1120
1200
4121
1610
50
2959
318
2571
1729
778
5608
3793
4226
293
132046
79132
1219
2529
3361
4011
3949
2542
48780
47
1079
62849
1704
27773
27611
1210
74458
296
111384
135518
4995
121231
70286
72998
1061
1732
1258
2019
109487
2068
122886
107999
68319
134853
3703
109249
115617
520
215
27592
64969
30745
63131
904
31658
52885
661
628
67997
5
186
246
236
6942
587
300
529
337
6713
59725
350
45720
357
8533
377
8188
1256
6287
5662
26662
364
34321
46578
56367
68358
319
306
93040
53318
39421
95441
97938
106696
109374
118997
54290
40614
111
247
7155
1080
1089
5984
1242
3707
2288
3176
3546
1059
2942
1250
5481
68954
65514
8636
6953
6281
5812
5377
107649
5349
5135
4890
4823
4641
4369
88125
44191
6863
1900
6016
40148
47099
1
117533
2361
94777
106473
78349
8369
106918
55247
5449
3676
4351
4306
4041
4322
1956
1954
1801
78499
1639
1635
1517
4016
1376
1028
1358
1088
1997
1259
2004
2012
2085
2369
2396
2692
8464
3052
3113
3114
77455
3260
60072
3751
3785
3893
3978
2700
7376
7161
5219
37733
34405
27904
8928
8861
7373
5507
4069
8865
3882
3809
3301
3300
3275
3257
2641
48394
60684
63992
66097
104283
82461
5971
5618
3030
44555
7361
6985
47640
46970
71057
69712
69526
68157
66934
2359
80551
2082
4911
2968
1199
130682
111624
8623
2174
150
100365
45950
37729
35957
34162
32892
7478
1955
4467
5909
104841
47465
69640
8972
7458
5445
608
52319
27255
6986
6683
4612
4189
48711
64957
1131
4388
6754
36401
5299
6350
8795
7844
7153
7090
7022
6857
6539
5952
104
5902
5782
4993
3996
3265
2997
2924
8874
8961
26554
26585
4973
4018
3948
2424
1265
1176
232
35836
32025
31221
588
4721
1721
33794
31878
1274
924
741
2273
1291
1036
780
745
494
434
153
78209
76251
61024
55820
52973
8528
2502
1103
1617
2329
44199
2600
8781
7347
6218
5602
5064
4638
4223
4023
3994
3916
3499
3175
3160
2989
2985
541
599
146501
94931
96588
96417
95761
95558
95449
95135
94969
94959
91077
96728
90866
90531
90439
90376
90057
89804
89759
89492
96610
96811
757
101285
103624
103449
103372
103107
102469
102194
101895
101525
99149
96832
99114
98961
98154
97923
97921
97752
97673
97304
89470
89260
88810
72011
74324
73023
72741
72720
72395
72226
72176
72131
71745
88235
71464
71108
70293
69481
67665
67429
67255
67087
74545
78039
78574
78653
88129
87304
86833
86320
85394
83976
82463
82459
82313
81932
81845
81786
81591
81562
80489
80463
79242
103688
105197
105355
134859
141749
140725
140715
140174
139642
139385
137337
134881
134130
128360
133771
133645
132800
132549
132547
132458
131796
128606
142488
143385
144172
146656
111931
82152
66203
47044
138610
164979
164977
163949
163056
161582
161336
160954
158783
156387
155064
148626
148482
128512
128235
105504
111505
112556
112552
112550
112515
112290
112183
112070
111622
111251
127212
111249
110871
107636
107141
106920
106916
106766
106100
112852
113064
114254
114342
127206
127144
127114
127108
123695
123663
122882
118880
118700
117176
116797
116161
115713
115569
115139
114662
114459
66665
64839
64701
4327
5464
5289
5198
5169
4928
4763
4712
4437
4326
3632
4262
4103
3947
3811
3789
3742
3679
3671
5747
5791
5795
5956
8128
8125
7926
7792
7438
7335
7243
7195
6983
6981
6874
6830
6783
6643
6515
6433
6229
3634
3629
64622
1245
1942
1935
1572
1283
1281
1273
1272
1260
1232
3539
1211
1209
1197
1172
1153
954
946
914
1957
2028
2109
2178
3498
3415
3384
3246
3111
3089
3022
2936
2927
2920
2857
2747
2730
2677
2330
2202
2182
8154
8195
8207
55063
55442
55363
55280
55276
55269
55253
55118
55069
55052
52579
54881
54513
54286
54272
53953
53894
53123
53000
55946
56015
56152
56286
64620
64614
63876
63082
61357
61323
61240
61236
60766
60069
58879
58191
57669
56805
56788
56782
56607
52967
52281
8236
26150
40629
39183
38304
37741
34517
31770
26366
26151
25927
52241
25805
8767
8766
8765
8751
8645
8584
8494
40819
41585
47629
41863
51540
50068
49917
49824
48774
48738
48696
48516
339
47423
47274
46723
46664
45210
45028
42217
41997
4701
