2396
608
350
4041
52973
1103
4890
3809
55820
3882
37733
1079
4973
8928
2174
109249
46578
109374
1732
107649
112552
6863
1088
1517
215
186
5
67997
1376
1635
1358
58559
1639
52885
31658
30745
236
1259
587
1250
246
1242
300
337
1059
904
661
27773
377
628
520
529
357
5662
27592
95441
72998
68358
56367
34321
27611
26662
26614
8464
7161
5299
4018
3948
2424
2068
1265
1210
1176
93040
97938
8188
106696
6713
6287
3546
2529
2288
1729
1256
1219
1089
1080
247
111
40614
54290
134853
118997
115617
1801
135518
1954
78499
62849
60072
47099
40148
6016
5608
2959
2542
778
1
117533
2361
1900
94777
78349
70286
8369
77455
4322
1956
1028
364
319
306
53318
39421
7155
5984
3707
3176
64969
63131
59725
45720
8533
6942
2942
1997
106918
55247
5449
3676
4016
3978
3893
3785
3751
3361
3260
3114
3113
3052
2700
2692
232
2369
2085
2012
2004
4306
4351
4369
6953
106473
44191
3703
88125
68954
65514
8636
6281
4641
5812
5481
5377
5349
5135
4823
4701
318
7376
50
34405
8861
7373
5507
5219
4069
3301
3300
3275
3257
2641
2359
1061
80551
2082
104841
69640
8972
27904
48394
5445
60684
82461
5971
5618
3030
44555
7361
6985
47640
46970
71057
69712
69526
68319
68157
66934
66097
63992
7458
52319
47
47465
4911
4467
2968
1199
130682
111624
107999
8623
150
100365
45950
37729
35957
34162
32892
7478
1955
5909
296
121231
4388
109487
79132
48780
4995
4226
1704
1258
260
27255
6986
6683
4612
4189
48711
74458
64957
1131
104283
132046
6754
6539
5952
5902
5782
4993
3996
3265
2997
2924
2571
2019
1274
924
741
44199
8781
7347
6218
6350
6857
8865
7022
35836
32025
31221
588
4721
122886
1721
33794
31878
26585
26554
8961
8874
8795
7844
7153
7090
5602
5064
4638
4223
1042
1036
858
780
745
593
494
434
293
153
78209
76251
61024
8528
2502
104
36401
1120
1200
1291
3499
4121
4023
4011
3994
3949
3916
3793
3175
1610
3160
2989
2985
2600
2329
2273
1617
541
599
146501
94959
96610
96588
96417
95761
95558
95449
95135
94969
94931
89470
91077
90866
90531
90439
90376
90057
89804
89759
96728
96811
96832
97304
103624
103449
103372
103107
102469
102194
101895
101525
101285
99149
99114
98961
98154
97923
97921
97752
97673
89492
89260
105197
72131
74545
74324
73023
72741
72720
72395
72226
72176
72011
88810
71745
71464
71108
70293
69481
67665
67429
67255
78039
78574
78653
79242
88235
88129
87304
86833
86320
85394
83976
82463
82459
82313
81932
81845
81786
81591
81562
80489
80463
103688
105355
66665
134881
142488
141749
140725
140715
140174
139642
139385
137337
134859
128512
134130
133771
133645
132800
132549
132547
132458
131796
143385
144172
146656
148482
111931
111384
82152
66203
47044
138610
164979
164977
163949
163056
161582
161336
160954
158783
156387
155064
148626
128606
128360
105504
111505
112852
112556
112550
112515
112290
112183
112070
111622
111251
128235
111249
110871
107636
107141
106920
106916
106766
106100
113064
114254
114342
114459
127212
127206
127144
127114
127108
123695
123663
122882
118880
118700
117176
116797
116161
115713
115569
115139
114662
67087
64839
757
4327
5464
5289
5198
5169
4928
4763
4712
4437
4326
3632
4262
4103
3947
3811
3789
3742
3679
3671
5747
5791
5795
5956
8128
8125
7926
7792
7438
7335
7243
7195
6983
6981
6874
6830
6783
6643
6515
6433
6229
3634
3629
8195
1245
1942
1935
1572
1283
1281
1273
1272
1260
1232
3539
1211
1209
1197
1172
1153
954
946
914
1957
2028
2109
2178
3498
3415
3384
3246
3111
3089
3022
2936
2927
2920
2857
2747
2730
2677
2330
2202
2182
8154
8207
64701
55069
55946
55442
55363
55280
55276
55269
55253
55118
55063
52967
55052
54881
54513
54286
54272
53953
53894
53123
56015
56152
56286
56607
64622
64620
64614
63876
63082
61357
61323
61240
61236
60766
60069
58879
58191
57669
56805
56788
56782
53000
52579
8236
26150
40629
39183
38304
37741
34517
31770
26366
26151
25927
52281
25805
8767
8766
8765
8751
8645
8584
8494
40819
41585
41863
41997
52241
51540
50068
49917
49824
48774
48738
48696
48516
47629
47423
47274
46723
46664
45210
45028
42217
339
