104
5449
6287
5791
5464
7438
55280
6874
50068
8645
55363
55442
55069
61236
61240
52281
41997
68954
48394
58559
52885
31658
8188
30745
27773
27592
5
6713
5662
3546
67997
135518
186
215
1059
904
661
628
587
529
520
377
357
350
337
300
246
236
2288
2529
1080
1729
1256
46578
34321
27611
26662
26614
8464
7161
5299
4973
4018
3948
2424
2068
1265
1210
1176
318
56367
68358
72998
54290
1219
1089
1250
1079
247
111
40614
134853
93040
118997
115617
109374
109249
106696
97938
95441
1242
1517
1259
94777
5608
2959
2542
778
1
117533
2361
1900
78349
1358
70286
8369
106918
55247
3676
106473
44191
3703
6016
40148
47099
60072
5984
3707
64969
63131
59725
45720
8533
6942
6863
2942
1997
1088
1028
4322
78499
77455
62849
107649
88125
65514
3751
3260
3114
3113
3052
2700
2692
2396
2369
2085
2004
1956
1954
1801
1639
1635
50
1376
3361
3785
8636
3893
6953
6281
5812
5481
5377
5349
5135
4890
4823
4701
4641
4369
4351
4306
4041
4016
3978
232
47
39421
2641
5219
4069
3882
3809
3301
3300
3275
3257
2359
7373
1732
1061
80551
2082
104841
69640
8972
7458
5507
8861
5971
69526
3030
44555
7361
6985
47640
46970
71057
69712
68319
8928
68157
66934
66097
63992
60684
37733
34405
27904
5445
608
52319
2174
4911
4467
2968
1199
130682
111624
107999
8623
150
121231
100365
45950
37729
35957
34162
32892
7478
1955
5909
47465
296
4388
109487
79132
48780
4995
4226
1704
1258
260
27255
6986
6683
4612
4189
48711
74458
64957
1131
5618
82461
35836
1274
5782
4993
3996
3265
2997
2924
2571
2019
924
5952
741
44199
8781
7347
6218
5602
5064
4638
5902
6350
104283
26585
32025
31221
7376
4721
122886
1721
33794
31878
26554
6539
8961
8874
8795
7844
7153
7090
7022
6857
4223
4121
4023
61024
745
593
494
434
293
153
78209
76251
55820
4011
52973
8528
2502
1103
36401
8865
6754
132046
780
858
1036
1042
3994
3949
3916
3793
3499
3175
3160
2989
2985
2600
2329
2273
1617
1610
1291
1200
1120
7155
599
53318
95135
96811
96728
96610
96588
96417
95761
95558
95449
94969
105504
94959
94931
91077
90866
90531
90439
90376
90057
96832
97304
97673
97752
105197
103688
103624
103449
103372
103107
102469
102194
101895
101525
101285
99149
99114
98961
98154
97923
97921
89804
89759
89492
79242
78574
78039
74545
74324
73023
72741
72720
72395
72226
72176
72131
72011
71745
71464
71108
70293
69481
78653
80463
89470
80489
89260
88810
88235
88129
87304
86833
86320
85394
83976
82463
82459
82313
81932
81845
81786
81591
81562
105355
106100
306
134881
142488
141749
140725
140715
140174
139642
139385
137337
134859
106766
134130
133771
133645
132800
132549
132547
132458
131796
143385
144172
146656
148482
111931
111384
82152
66203
47044
138610
164979
164977
163949
163056
161582
161336
160954
158783
156387
155064
148626
128606
128512
128360
114254
112852
112556
112552
112550
112515
112290
112183
112070
111622
111505
111251
111249
110871
107636
107141
106920
106916
113064
114342
128235
114459
127212
127206
127144
127114
127108
123695
123663
122882
118880
118700
117176
116797
116161
115713
115569
115139
114662
67665
67429
67255
4712
4327
4326
4262
4103
3947
3811
3789
3742
3679
3671
3634
3632
3629
3539
3498
3415
3384
4437
4763
3111
4928
7335
7243
7195
6983
6981
6830
6783
6643
6515
6433
6229
5956
5795
5747
5289
5198
5169
3246
3089
7926
1273
1260
1245
1232
1211
1209
1197
1172
1153
954
946
914
757
146501
588
541
364
319
1272
1281
3022
1283
2936
2927
2920
2857
2747
2730
2677
2330
2202
2182
2178
2109
2028
1957
1942
1935
1572
67087
7792
8125
56286
56015
55946
55276
55269
55253
55118
55063
55052
54881
54513
54286
54272
53953
53894
53123
53000
52967
56152
56607
8128
56782
66665
64839
64701
64622
64620
64614
63876
63082
61357
61323
60766
60069
58879
58191
57669
56805
56788
52579
52241
51540
38304
34517
31770
26366
26151
26150
25927
25805
8767
8766
8765
8751
8584
8494
8236
8207
8195
8154
49917
37741
39183
40629
49824
48774
48738
48696
48516
47629
47423
47274
46723
46664
45210
45028
42217
41863
41585
40819
339
2012
3176
