1245
364
3246
2677
588
2330
319
306
1210
260
2571
745
2028
215
4023
128235
131796
34517
127144
112070
3916
123695
127212
82313
123663
2273
8584
3499
2359
2329
153
2600
55946
2985
2989
3160
3175
132458
5602
132549
1617
4638
164979
164977
7347
8781
1
434
494
72741
148482
107636
780
2747
140725
140715
72176
139642
4223
3539
2085
2012
1376
1265
1028
293
3114
78499
132046
127108
44199
1281
79132
1036
3994
67997
6218
134853
1291
5064
4011
150
27611
70286
6942
115617
72998
3949
135518
106473
1250
106696
122886
109487
3809
118997
2068
5299
107999
4973
5971
94777
6539
68319
111624
60684
2424
55247
34321
3703
34405
8874
2019
35836
31878
63131
66934
109374
7161
46970
56367
64969
6350
4018
109249
6863
1954
2692
1801
1956
2004
4612
4189
2369
3052
2700
1635
3113
48711
3260
3361
3751
3785
3893
3978
4016
4041
4306
4351
4369
1639
1358
6683
4701
4226
27773
30745
31658
52885
58559
1704
5
1258
246
300
337
27255
350
357
377
520
529
628
661
904
1059
1242
6986
1259
4641
76251
4823
62849
117533
130682
8623
778
2542
100365
2959
5608
6016
40148
47099
60072
77455
1900
45950
4322
37729
35957
1997
34162
32892
7478
2942
1955
8533
45720
2361
1199
8188
88125
5135
5349
5377
5481
5812
74458
6281
6953
8636
64957
65514
68954
1131
78349
44191
4388
3676
296
5449
47465
5909
4911
106918
8369
4467
2968
27592
2529
6713
69526
4121
66097
48394
37733
27904
8928
8861
7373
5507
741
924
5219
1274
4069
3882
2924
2997
3265
3996
4993
5782
5902
5952
3301
6857
68157
69712
7090
71057
61024
55820
52973
8528
593
2502
1103
858
104
1042
1120
1200
36401
1610
8865
6754
104283
82461
5618
3030
44555
7361
6985
47640
3793
7022
7153
6287
26662
5445
46578
68358
608
93040
95441
97938
52319
121231
48780
4995
54290
40614
111
247
1079
1080
1089
1219
1256
1729
2288
78209
3546
5662
7458
26614
8795
8464
3300
8961
26554
26585
3275
33794
3257
4721
7376
31221
32025
2641
47
50
232
318
1732
1176
1061
80551
2082
104841
3948
69640
8972
7844
599
3176
82459
90531
90439
90376
90057
89804
89759
89492
89470
89260
88810
88235
88129
87304
86833
86320
85394
83976
90866
91077
94931
96728
97923
97921
97752
97673
97304
96832
96811
96610
94959
96588
96417
95761
95558
95449
95135
94969
82463
81932
98961
81845
70293
69481
67665
67429
67255
67087
66665
64839
64701
64622
64620
64614
63876
63082
61357
61323
61240
71108
71464
71745
78574
81786
81591
81562
80489
80463
79242
78653
78039
72011
74545
74324
73023
72720
72395
72226
72131
98154
99114
60069
117176
140174
139385
137337
134881
134859
134130
133771
133645
132800
132547
128606
128512
128360
127206
127114
122882
118880
141749
142488
143385
163056
111931
111384
82152
66203
47044
138610
163949
161582
144172
161336
160954
158783
156387
155064
148626
146656
118700
116797
99149
116161
106920
106916
106766
106100
105504
105355
105197
103688
103624
103449
103372
103107
102469
102194
101895
101525
101285
107141
110871
111249
113064
115713
115569
115139
114662
114459
114342
114254
112852
111251
112556
112550
112515
112290
112183
111622
111505
61236
60766
7195
7792
4928
4763
4712
4437
4327
4326
4262
4103
3947
3811
3789
3742
3679
3671
3634
3632
3629
5169
5198
5289
6783
7335
7243
58879
6983
6981
6874
6830
6643
5464
6515
6433
6229
5956
5795
5791
5747
3498
3415
3384
914
1211
1209
1197
1172
1153
954
946
757
1260
146501
541
53318
39421
7155
5984
3707
1232
1272
3111
2202
3089
3022
2936
2927
2920
2857
2730
2182
1273
2178
2109
1957
1942
1935
1572
1283
7438
339
7926
54881
54286
54272
53953
53894
53123
53000
52967
52579
52281
52241
51540
50068
49917
49824
48774
48738
48696
54513
55052
47629
55063
58191
57669
56805
56788
56782
56607
56286
56152
56015
55442
55363
55280
55276
55269
55253
55118
55069
8125
48516
47423
31770
26151
26150
47274
25805
8767
8766
8765
8751
8645
8494
8236
8207
8195
8154
8128
26366
25927
37741
41863
46723
46664
45210
45028
38304
41997
42217
40819
41585
39183
40629
63992
59725
1088
112552
107649
1721
236
4890
2174
186
587
2396
1517
