5198
1957
4326
4262
4103
3811
3679
3111
5747
1273
8128
1211
1197
1172
8781
7347
5602
3175
4223
4023
3916
3499
3160
4638
2989
2329
434
494
780
1617
2273
2985
153
2600
745
293
50
26614
608
47
1219
44199
1997
111
3949
377
1635
115139
56015
1259
300
41585
5169
7335
8236
8751
6830
8765
8766
6515
5289
8767
7195
1260
31770
1153
2182
247
1036
2692
260
3994
4011
3809
5608
5064
1291
1258
2361
350
4041
1103
52973
4226
46664
25927
109249
3114
1732
27592
4973
60072
6218
46578
8928
106473
130682
55820
1704
109374
3882
37733
2288
88125
94777
27904
1042
1120
1200
1610
593
4121
858
48780
27773
5618
60684
53318
109487
2529
3793
1210
62849
2068
68157
66097
74458
122886
4995
107999
68319
1089
3703
4641
4701
4369
27255
4351
4890
4823
6986
5135
5349
5481
5812
6683
6281
4612
4189
4306
121231
6953
2082
1954
1956
2004
2012
2085
2369
2641
2396
2359
2700
80551
3052
104841
4016
69640
8972
3113
7458
3260
5445
3361
3751
3785
52319
3893
3978
48711
78209
8636
37729
1028
150
1088
100365
2942
45950
6863
6942
8533
45720
59725
63131
65514
35957
64969
3176
34162
3707
32892
7478
1955
5984
7155
39421
4322
77455
2174
47099
68954
1801
4388
47465
5909
107649
4911
44191
4467
2968
3676
5449
55247
106918
8369
78349
1199
1900
111624
117533
8623
6016
40148
3257
3300
1639
31221
7090
7844
8874
8961
26554
26585
31878
33794
1721
4721
7376
32025
3275
35836
47640
46970
1176
1265
2424
3948
4018
146501
5299
7161
7022
6857
6539
6350
61024
8528
2502
104
36401
8865
6754
104283
82461
5971
3030
44555
7361
6985
741
924
1274
2924
2997
3265
3996
5782
5902
8464
71057
26662
58559
5
186
236
246
5507
337
5219
357
4069
520
529
587
628
661
904
1059
1242
1250
3301
1358
76251
1376
1517
67997
52885
34321
31658
69712
56367
68358
93040
95441
106696
69526
118997
54290
40614
66934
1080
63992
1256
34405
3546
5662
6287
6713
8188
8861
7373
30745
599
339
72176
132549
85394
128606
131796
83976
82463
82459
82313
132458
81932
81845
132547
81786
81591
81562
80489
86320
86833
87304
90057
94931
91077
90866
90531
90439
90376
89804
88129
89759
89492
89470
89260
88810
88235
80463
79242
94969
132800
70293
69481
67665
67429
67255
67087
66665
64839
64701
64622
64620
64614
134859
63876
63082
71108
134130
133771
72741
78653
78574
78039
74545
74324
73023
72720
71464
72395
72226
133645
72131
72011
71745
94959
95135
61323
107141
113064
128360
112852
112556
112552
112550
112515
112290
112183
112070
111622
111505
111251
111249
110871
114254
114342
114459
122882
128235
127144
127114
127108
123695
123663
118880
114662
118700
117176
116797
116161
115713
115569
107636
106920
95449
106916
98961
98154
97923
97921
97752
97673
97304
96832
96811
96728
96610
96588
96417
95761
95558
99114
99149
101285
103688
106766
106100
128512
105504
105355
105197
103624
101525
103449
103372
103107
102469
102194
101895
61357
127206
127212
148482
4928
4763
4712
4437
4327
3947
3789
3742
3671
3634
3632
146656
3539
3498
3415
5464
5791
5795
6983
8154
142488
7926
7792
7438
143385
6981
144172
6874
6783
6643
6433
6229
5956
3384
3089
61240
148626
1935
1572
164979
1281
1272
138610
1232
1209
47044
946
914
757
66203
82152
111931
1942
164977
2109
2920
155064
156387
158783
160954
161336
2927
2857
2178
2747
2730
161582
163056
163949
2202
8195
8207
8494
140715
55442
55363
55280
55276
55269
55253
55118
55069
55063
55052
54881
54513
54286
54272
53953
140174
55946
56152
58191
61236
134881
60766
60069
58879
137337
139385
56286
57669
56805
56788
56782
139642
56607
53894
53123
8584
53000
45028
42217
141749
41863
40819
40629
39183
38304
37741
34517
26366
26151
26150
25805
8645
45210
46723
47274
47423
52967
52579
140725
52241
51540
50068
49917
49824
48774
48738
48696
48516
47629
72998
70286
135518
64957
27611
79132
318
132046
115617
97938
2936
134853
5377
8125
3022
954
541
111384
1131
7153
5952
4993
8795
2019
78499
1079
2571
1061
232
1
48394
215
296
2677
364
319
306
1245
2330
588
3246
52281
41997
1283
3629
7243
2028
2959
2542
1729
778
