296
2542
778
1729
63082
61323
57669
58191
58879
60069
60766
55063
67429
63876
64839
64701
64622
64620
64614
61357
1732
55276
56805
52241
55052
51540
54272
55118
52967
54881
55269
53123
53000
56782
56607
53894
56286
56152
56788
54513
54286
55253
1089
1079
1704
4995
127108
146656
6016
115713
148626
134881
3052
128606
143385
134130
137337
127114
142488
141749
128360
133645
140174
139385
1281
318
40148
38304
37741
39183
40629
40819
2959
134859
122882
608
61024
4973
72741
72176
8584
82313
3539
112070
123663
34517
139642
132549
132458
148482
107636
131796
128235
127212
164977
127144
164979
123695
140725
140715
2747
55946
3089
1935
2202
946
1942
6983
3632
2927
61236
61240
55820
60072
2920
3809
25927
46664
26614
50
6539
8961
2700
8464
7361
68157
46578
56367
2936
3361
134853
109249
53318
2997
69640
8928
52973
350
4041
1103
62849
1176
109374
93040
5782
55247
47629
48696
48516
41863
48738
48774
49824
49917
46723
47423
45210
45028
121231
26554
5299
100365
111624
3882
37733
8874
1265
117533
47099
34321
118997
5971
2692
35836
55069
55442
105504
115617
106696
2068
2361
63131
1028
7161
64957
46970
94777
64969
4018
6863
1517
1635
1376
1639
1801
1954
1358
1259
599
4890
1956
1088
44191
3676
8369
78349
1900
1
77455
78499
4322
2942
107649
8533
45720
3176
3707
5984
7155
39421
146501
757
3703
8636
2004
4016
2012
2085
2369
2396
3113
3114
3751
3785
3893
4351
6953
4641
4701
4823
5135
5349
5377
5481
5812
6281
1250
31658
1242
3275
5445
7458
8972
104841
2082
80551
2359
2641
3257
3300
69712
3301
4069
5219
5507
7373
8861
27904
34405
68319
52319
27255
6986
6683
1955
7478
32892
34162
35957
37729
150
2174
8623
1199
2968
4467
4911
5909
47465
1131
48711
4189
4612
69526
71057
1059
236
1256
3546
5662
6713
8188
30745
58559
5
186
246
47640
300
337
357
520
529
587
628
661
904
40614
54290
97938
95441
3030
82461
6754
8865
36401
2502
8528
76251
78209
26585
33794
122886
4721
7376
31221
32025
232
3948
68358
914
339
89492
56015
103449
103372
103107
67255
102469
102194
101895
101525
101285
99149
99114
98961
98154
97923
97921
97752
97673
97304
96832
103624
103688
8236
105197
107141
8765
8766
8767
25805
26150
26151
26366
31770
41585
106920
42217
47274
106916
106766
106100
52579
53953
105355
96811
96728
96610
96588
87304
88129
88235
88810
89260
89470
1153
89759
89804
90057
90376
90439
95135
90531
90866
91077
94931
94959
94969
95449
86833
86320
80463
96417
95761
74324
74545
78039
78574
95558
79242
80489
85394
81562
81591
81786
81845
81932
82459
82463
83976
8494
8751
8207
115569
133771
132800
2730
2857
132547
128512
127206
118880
3384
3415
3498
118700
3634
3671
117176
3742
8195
116797
116161
2182
2178
2109
161582
111931
82152
66203
47044
138610
163949
163056
1209
1232
144172
161336
1260
1272
160954
158783
1572
156387
155064
3947
3789
115139
5795
112515
6229
6433
6515
6643
6783
6830
112183
111622
6981
7195
111505
7335
111251
7792
7926
111249
110871
8154
5956
112290
112550
5169
114662
114459
114342
4327
114254
113064
4437
4712
4763
4928
112556
112552
112852
5289
31878
106918
65514
7022
3265
1061
3996
2924
7090
7844
3793
4011
1997
130682
954
541
8125
3022
260
1258
5747
858
1042
1120
1200
3811
5198
4326
593
4262
8128
4103
4369
4121
1610
4306
3111
1957
1172
1197
3679
1211
1273
1080
6218
1219
247
60684
3949
109487
74458
67997
1210
48780
5608
4226
1291
5064
66097
72998
2529
44199
745
68954
3994
1036
111384
27592
135518
6942
111
6350
67665
27611
70286
5618
2288
106473
79132
5449
67087
66665
45950
69481
6287
71108
71464
70293
73023
72131
78653
72720
71745
72395
104
72226
72011
63992
7243
3629
1283
66934
3160
1617
2273
780
153
2600
2985
2989
2329
3175
3499
3916
4023
434
4223
4638
5602
7347
8781
494
44555
26662
55363
6985
107999
2424
132046
924
55280
50068
5791
8645
7438
5464
6874
88125
59725
293
47
27773
52281
41997
5902
3260
3978
4388
6857
1274
741
104283
52885
377
48394
2571
215
2019
1721
2028
5952
7153
4993
8795
306
1245
319
364
2330
588
2677
3246
