52973
1103
608
4041
350
1120
593
1200
4121
1610
858
1042
296
55820
8781
7347
1617
5602
4638
3160
4223
4023
3916
3499
2329
3175
434
2600
780
494
153
2273
2989
2985
37733
3882
3793
293
50
26614
44199
3809
1079
1036
3994
745
1729
778
377
339
1
236
150
5064
1291
4011
3949
4973
78499
1089
68157
1732
8928
2424
6218
2959
109249
46578
109374
2542
60072
3114
134853
115617
5662
3546
6287
529
2529
2288
1256
1219
1080
111
40614
54290
118997
106696
6713
31658
8188
30745
661
904
1059
1242
1250
337
300
246
1358
1376
1517
1635
1639
1801
1954
1956
2004
2012
5
67997
58559
52885
628
1259
2369
2085
47099
2942
1997
1088
1028
4322
77455
62849
40148
6942
6016
5608
117533
2361
1900
94777
78349
6863
8533
8369
53318
1153
954
946
914
757
146501
541
39421
45720
7155
5984
3707
3176
64969
63131
59725
70286
106918
95441
3785
4641
4369
4351
4306
4016
3978
3893
3751
4823
3361
3260
3113
3052
2700
2692
2396
4701
4890
55247
68954
5449
3676
106473
44191
3703
107649
88125
65514
5135
8636
6953
6281
5812
5481
5377
5349
97938
7376
93040
69640
2641
2359
1061
80551
2082
104841
8972
3275
7458
5445
52319
121231
109487
79132
3257
3300
72998
63992
71057
69712
69526
68319
66934
66097
48394
3301
34405
8861
7373
5507
5219
4069
48780
4995
4226
100365
1199
130682
111624
107999
8623
2174
45950
1704
37729
35957
34162
32892
7478
1955
2968
4467
4911
5909
47465
4388
1131
64957
74458
48711
4189
4612
6683
6986
27255
260
1258
46970
47640
6985
1721
35836
32025
31221
1197
4721
122886
33794
7153
31878
26585
26554
8961
8874
8795
47
232
318
1176
1210
1265
2068
3948
4018
5299
7161
8464
26662
27611
34321
56367
68358
7844
7090
7361
8865
76251
61024
8528
2502
104
36401
6754
7022
132046
104283
82461
5971
3030
44555
78209
741
924
1274
2019
2571
2924
2997
3265
3996
4993
5782
5902
5952
6350
6539
6857
1172
135518
1209
94931
96588
96417
95761
95558
95449
95135
94969
94959
91077
96728
90866
90531
90439
90376
90057
89804
89759
89492
96610
96811
89260
101285
103624
103449
103372
103107
102469
102194
101895
101525
99149
96832
99114
98961
98154
97923
97921
97752
97673
97304
89470
88810
64701
71745
73023
72741
72720
72395
72226
72176
72131
72011
71464
74545
71108
70293
69481
67665
67429
67255
67087
66665
74324
78039
88235
82313
88129
87304
86833
86320
85394
83976
82463
82459
81932
78574
81845
81786
81591
81562
80489
80463
79242
78653
103688
105197
105355
134859
141749
140725
140715
140174
139642
139385
137337
134881
134130
143385
133771
133645
132800
132549
132547
132458
131796
128606
142488
144172
105504
163949
111931
111384
82152
66203
47044
138610
164979
164977
163056
146656
161582
161336
160954
158783
156387
155064
148626
148482
128512
128360
128235
111505
112556
112552
112550
112515
112290
112183
112070
111622
111251
127212
111249
110871
107636
107141
106920
106916
106766
106100
112852
113064
114254
114342
127206
127144
127114
127108
123695
123663
122882
118880
118700
117176
116797
116161
115713
115569
115139
114662
114459
1211
64839
64622
6981
6830
6783
6643
6515
6433
6229
5956
5795
5791
5747
5464
5289
5198
5169
4928
4763
4712
6874
6983
25805
7195
8766
8765
8751
8645
64620
8494
8236
8207
8195
8154
8128
8125
7926
7792
7438
7335
7243
4437
4327
4326
4262
2857
2747
2730
2202
2182
2178
2109
1957
1942
1935
1572
1283
1281
1273
1272
1260
1232
2920
2927
2936
3634
4103
3947
3811
3789
3742
3679
3671
3632
3022
3629
3539
3498
3415
3384
3111
3089
8767
8584
25927
55946
55363
55280
55276
55269
55253
55118
55069
55063
55052
54881
54513
54286
54272
53953
26150
53123
53000
55442
56015
52579
56152
64614
63876
63082
61357
61323
61240
61236
60766
60069
58879
58191
57669
56805
56788
56782
56607
56286
52967
53894
52281
40819
46664
52241
45028
42217
41997
41863
41585
40629
47274
39183
38304
37741
34517
31770
26366
26151
46723
45210
599
47629
49824
48774
48738
48696
50068
48516
47423
51540
49917
27773
60684
5618
27904
27592
215
2028
364
588
1245
3246
319
306
2330
2677
247
587
520
357
186
