1042
593
1610
1200
1120
858
4121
3793
2396
520
1059
904
661
628
587
529
377
3114
357
350
337
300
246
1242
1259
2369
1635
2085
2012
2004
1954
1801
1639
2692
3113
1517
1376
2700
1358
4973
3052
599
236
215
1079
111
40614
54290
118997
109374
106696
97938
95441
93040
68358
56367
46578
34321
26662
26614
8464
7161
247
1080
186
1089
5
67997
58559
52885
31658
30745
27773
27592
8188
6713
6287
5662
3546
2529
2288
1729
1219
3361
3751
3785
39421
5984
3707
3176
64969
63131
59725
45720
8533
6942
6863
2942
1997
1088
1028
4322
78499
77455
7155
53318
60072
306
1260
1245
1232
1211
1209
1197
1172
1153
954
946
914
757
146501
588
541
364
319
62849
47099
3893
68954
8636
6953
6281
5812
5481
5377
5349
5135
4890
4823
4701
4641
4369
4351
4306
4041
4016
65514
88125
40148
107649
6016
5608
2959
2542
778
1
117533
2361
1900
78349
8369
106918
55247
5449
3676
106473
44191
5299
1176
4018
3948
5219
4069
3882
3809
3301
3300
3275
3257
2641
2359
1732
1061
80551
2082
104841
69640
8972
5507
7373
8861
69526
44555
7361
6985
47640
46970
71057
69712
68157
8928
66934
66097
63992
60684
48394
37733
27904
7458
5445
608
150
4467
2968
1199
130682
111624
8623
2174
100365
5909
45950
37729
35957
34162
32892
7478
1955
4911
47465
52319
6986
121231
48780
4995
4226
1704
1258
27255
6683
296
4612
4189
48711
74458
64957
1131
4388
3030
5618
5971
3996
7090
7022
6857
6539
6350
5782
4993
3265
8795
2997
2924
1274
741
44199
8781
7347
7844
8874
5602
35836
2424
1265
1273
318
232
50
47
32025
8961
31221
7376
4721
1721
31878
26585
26554
6218
5064
82461
52973
434
293
153
78209
76251
61024
55820
8528
745
2502
1103
104
36401
8865
6754
104283
494
780
4638
3175
4223
4023
4011
3994
3949
3916
3499
3160
1036
2989
2985
2600
2329
2273
1617
1291
1272
339
1281
95449
94969
94959
94931
91077
90866
90531
90439
90376
90057
89804
89759
89492
89470
89260
88810
88235
88129
95135
95558
86833
95761
101525
101285
99149
99114
98961
98154
97923
97921
97752
97673
97304
96832
96811
96728
96610
96588
96417
87304
164977
102194
73023
72720
72395
72226
72176
72131
72011
71745
71464
1283
71108
70293
69481
67665
67429
67255
158783
66665
72741
164979
86320
74324
85394
83976
82463
82459
82313
81932
81845
81786
81591
81562
80489
80463
79242
78653
78574
78039
74545
101895
102469
64701
133645
161336
132549
132547
132458
131796
128606
128512
128360
128235
127212
127206
127144
127114
127108
123695
123663
122882
132800
133771
118700
134130
155064
148626
148482
146656
144172
143385
142488
141749
140725
140715
140174
139642
139385
137337
134881
160954
134859
118880
117176
103107
111622
111251
111249
110871
107636
107141
106920
106916
106766
163949
106100
105504
105355
105197
103688
103624
103449
103372
111505
112070
116797
112183
116161
115713
115569
115139
114662
114459
114342
161582
114254
113064
112852
112556
112552
112550
112515
163056
112290
64839
67087
138610
6433
6983
6981
6874
6830
6783
6643
6515
111384
111931
7243
6229
5956
5795
5791
5747
5464
5289
5198
7195
7335
26366
8584
26150
25927
25805
8767
8766
8765
8751
8645
8494
7438
8236
8207
8195
8154
8128
8125
7926
7792
5169
4928
4763
2330
3022
2936
2927
2920
2857
2747
2730
2677
2202
4712
2182
2178
2109
2028
1957
1942
1935
1572
3089
3111
3246
3384
4437
4327
4326
4262
4103
3947
3811
3789
3742
3679
3671
3634
3632
3629
3539
3498
3415
64622
26151
31770
56607
56152
56015
55946
55442
55363
55280
55276
55269
55253
55118
55069
55063
55052
54513
54286
56286
56782
53953
56788
64620
64614
63876
47044
63082
61357
61323
61240
61236
60766
60069
58879
58191
57669
56805
54272
54881
156387
46723
48516
47629
39183
53894
47423
40629
47274
46664
48696
45210
45028
82152
42217
41997
41863
41585
40819
66203
38304
37741
53123
53000
52967
34517
52579
48738
52241
52281
51540
50068
49917
49824
48774
115617
109249
134853
2068
2019
5952
7153
33794
5902
3260
3978
79132
924
1256
3703
135518
2571
68319
109487
94777
27611
34405
107999
122886
72998
70286
260
132046
1250
1956
1210
