1617
2273
7347
5602
4638
4223
4023
3916
3499
3175
3160
2989
2985
2600
2329
8781
780
494
434
153
44199
1036
3994
745
1291
5064
4011
3949
6218
293
1242
337
587
1059
1259
1358
1250
661
904
350
628
357
377
520
529
135518
300
8464
106696
247
111
40614
54290
134853
118997
115617
109374
109249
97938
246
95441
93040
72998
68358
56367
46578
34321
27611
26662
1079
1080
1089
1219
236
215
186
67997
58559
52885
31658
30745
27773
27592
8188
6713
6287
5662
3546
2529
2288
1729
1256
1376
1517
1635
2542
78499
77455
62849
60072
47099
40148
6016
5608
2959
778
1639
1
117533
2361
1900
94777
78349
70286
8369
106918
4322
1028
1088
1997
588
541
364
319
306
53318
39421
7155
5984
3707
3176
64969
63131
59725
45720
8533
6942
6863
2942
55247
5449
3676
4041
3978
3893
3785
3751
3361
3260
3114
3113
3052
2700
2692
2396
2369
2085
2012
2004
1956
1954
1801
4016
4306
106473
4351
44191
3703
107649
88125
68954
65514
8636
6953
6281
5812
5481
5377
5349
5135
4890
4823
4701
4641
4369
26614
31221
5299
80551
3300
3275
3257
2641
2359
1732
1061
2082
3809
104841
69640
8972
7458
5445
608
52319
3301
3882
4973
48394
69526
68319
68157
66934
66097
63992
60684
37733
4069
34405
27904
8928
8861
7373
5507
5219
121231
109487
79132
150
4467
2968
1199
130682
111624
107999
2174
100365
48780
45950
37729
35957
34162
32892
7478
1955
4911
5909
47465
296
4995
4226
1704
1258
260
27255
6986
6683
4612
4189
48711
74458
64957
1131
4388
69712
71057
46970
7153
31878
26585
26554
8961
8874
8795
7844
7090
3996
7022
6857
6539
6350
5952
5902
5782
33794
1721
122886
4721
4018
3948
2424
2068
1265
1210
1176
318
232
50
47
35836
32025
757
7376
4993
3265
47640
132046
8528
2502
1103
104
36401
8865
6754
104283
2997
82461
5971
5618
3030
44555
7361
6985
52973
55820
61024
76251
2924
2571
2019
1274
924
741
4121
3793
1610
1200
1120
1042
858
593
78209
146501
599
914
94959
96610
96588
96417
95761
95558
95449
95135
94969
94931
96811
91077
90866
90531
90439
90376
90057
89804
89759
96728
96832
946
101525
103688
103624
103449
103372
103107
102469
102194
101895
101285
97304
99149
99114
98961
98154
97923
97921
97752
97673
89492
89470
89260
72131
74545
74324
73023
72741
72720
72395
72226
72176
72011
88810
71745
71464
71108
70293
69481
67665
67429
67255
78039
78574
78653
79242
88235
88129
87304
86833
86320
85394
83976
82463
82459
82313
81932
81845
81786
81591
81562
80489
80463
105197
105355
105504
134881
142488
141749
140725
140715
140174
139642
139385
137337
134859
128512
134130
133771
133645
132800
132549
132547
132458
131796
143385
144172
146656
148482
111931
111384
82152
66203
47044
138610
164979
164977
163949
163056
161582
161336
160954
158783
156387
155064
148626
128606
128360
106100
111622
112852
112556
112552
112550
112515
112290
112183
112070
111505
128235
111251
111249
110871
107636
107141
106920
106916
106766
113064
114254
114342
114459
127212
127206
127144
127114
127108
123695
123663
122882
118880
118700
117176
116797
116161
115713
115569
115139
114662
67087
66665
64839
4712
5791
5747
5464
5289
5198
5169
4928
4763
4437
3671
4327
4326
4262
4103
3947
3811
3789
3742
5795
5956
6229
6433
8195
8154
8128
8125
7926
7792
7438
7335
7243
7195
6983
6981
6874
6830
6783
6643
6515
3679
3634
64701
1272
2028
1957
1942
1935
1572
1283
1281
1273
1260
3632
1245
1232
1211
1209
1197
1172
1153
954
2109
2178
2182
2202
3629
3539
3498
3415
3384
3246
3111
3089
3022
2936
2927
2920
2857
2747
2730
2677
2330
8207
8236
8494
55069
55946
55442
55363
55280
55276
55269
55253
55118
55063
52967
55052
54881
54513
54286
54272
53953
53894
53123
56015
56152
56286
56607
64622
64620
64614
63876
63082
61357
61323
61240
61236
60766
60069
58879
58191
57669
56805
56788
56782
8584
53000
52579
52281
40819
40629
39183
38304
37741
34517
31770
26366
26151
26150
25927
25805
8767
8766
8765
8751
8645
41585
41863
41997
42217
52241
51540
50068
49917
49824
48774
48738
48696
48516
47629
47423
47274
46723
46664
45210
45028
339
7161
8623
5
