260
4326
1273
4262
1172
1197
1211
4103
3811
5747
5198
3679
3111
8128
1954
1957
1210
2019
132046
2068
2028
1250
318
122886
3629
1283
7243
107999
27611
109487
8125
3022
541
954
306
2330
1245
319
364
3246
588
2677
68319
134853
2571
135518
3703
41997
52281
109249
70286
2936
72998
115617
3361
215
79132
48394
293
111384
121231
1061
27773
26614
337
56367
186
246
1242
300
68358
236
357
350
377
520
529
5
46578
587
628
661
904
1059
34321
26662
111
93040
67997
5662
1079
40614
1080
1089
1219
1256
1358
54290
1729
2288
2529
3546
6287
58559
6713
118997
8188
27592
109374
106696
97938
95441
247
30745
31658
52885
1259
3751
1376
5449
1900
94777
78349
8369
106918
55247
3676
117533
106473
44191
107649
88125
68954
65514
2361
1
6953
62849
1997
1088
1028
4322
78499
77455
60072
778
47099
40148
6016
5608
2959
2542
8636
6281
1517
2369
3114
3113
3052
2700
2692
2396
2085
7161
2012
2004
1956
1801
1639
1635
3260
3785
5812
4701
5481
5377
5349
5135
4890
4823
4641
3893
4369
4351
4306
4041
4016
3978
8464
1176
5299
3882
34405
27904
8928
8861
7373
5507
5219
4069
3809
104841
3301
3300
3275
3257
2641
2359
1732
80551
37733
60684
63992
66097
8865
6754
104283
82461
5971
5618
3030
44555
7361
6985
47640
46970
71057
69712
69526
68157
66934
2082
69640
104
2174
5909
4911
4467
2968
1199
130682
111624
8623
150
8972
100365
45950
37729
35957
34162
32892
7478
1955
47465
296
4388
1131
7458
5445
608
52319
48780
4995
4226
1704
1258
27255
6986
6683
4612
4189
48711
74458
64957
36401
1103
4973
5902
7844
7153
7090
7022
6857
6539
6350
5952
5782
8781
4993
3996
3265
2997
2924
1274
924
741
8795
8874
8961
26554
4018
3948
2424
1265
6863
232
50
47
35836
32025
31221
7376
4721
1721
33794
31878
26585
44199
7347
2502
593
1291
1200
1120
1042
1036
858
780
745
494
6218
434
153
78209
76251
61024
55820
52973
8528
1610
1617
2273
2329
5602
5064
4638
4223
4121
4023
4011
3994
3949
3916
3793
3499
3175
3160
2989
2985
2600
2942
599
6942
90439
97673
97304
96832
96811
96728
96610
96588
96417
95761
95558
95449
95135
94969
94959
94931
91077
90866
97752
97921
97923
103107
105504
105355
105197
103688
103624
103449
103372
102469
98154
102194
101895
101525
101285
99149
99114
98961
90531
90376
106766
90057
81562
80489
80463
79242
78653
78574
78039
74545
74324
73023
72741
72720
72395
72226
72176
72131
72011
81591
81786
81845
88129
89804
89759
89492
89470
89260
88810
88235
87304
81932
86833
86320
85394
83976
82463
82459
82313
106100
106916
71464
128606
142488
141749
140725
140715
140174
139642
139385
137337
134881
134859
134130
133771
133645
132800
132549
132547
132458
143385
144172
146656
163949
111931
82152
66203
47044
138610
164979
164977
163056
148482
161582
161336
160954
158783
156387
155064
148626
131796
128512
106920
128360
114254
113064
112852
112556
112552
112550
112515
112290
112183
112070
111622
111505
111251
111249
110871
107636
107141
114342
114459
114662
123663
128235
127212
127206
127144
127114
127108
123695
122882
115139
118880
118700
117176
116797
116161
115713
115569
71745
71108
8533
3671
6643
6515
6433
6229
5956
5795
5791
5464
5289
5169
4928
4763
4712
4437
4327
3947
3789
6783
6830
6874
8207
8766
8765
8751
8645
8584
8494
8236
8195
6981
8154
7926
7792
7438
7335
7195
6983
3742
3634
25805
3632
1232
1209
1153
946
914
757
146501
53318
39421
7155
5984
3707
3176
64969
63131
59725
45720
1260
1272
1281
2857
3539
3498
3415
3384
3089
2927
2920
2747
1572
2730
2202
2182
2178
2109
1942
1935
8767
25927
70293
55063
58191
57669
56805
56788
56782
56607
56286
56152
56015
55946
55442
55363
55280
55276
55269
55253
55118
58879
60069
60766
64701
69481
67665
67429
67255
67087
66665
64839
64622
61236
64620
64614
63876
63082
61357
61323
61240
55069
55052
26150
54881
47274
46723
46664
45210
45028
42217
41863
41585
40819
40629
39183
38304
37741
34517
31770
26366
26151
47423
47629
48516
52967
54513
54286
54272
53953
53894
53123
53000
52579
48696
52241
51540
50068
49917
49824
48774
48738
339
