3175
2273
8781
7347
5602
4638
4223
4023
3916
3499
3160
2989
2600
2329
2985
1617
780
153
434
494
44199
5377
1036
3994
745
1291
4011
3949
5064
6218
8972
232
2700
2692
2396
2369
2085
135518
3052
3113
3260
3361
2012
2004
3785
300
186
5
67997
58559
52885
31658
30745
27773
27592
8188
6713
6287
5662
3546
2529
2288
1729
246
337
1956
350
1954
1801
1639
1635
1517
1376
1358
1259
1250
1242
1059
904
661
587
529
520
357
3751
3893
1219
1232
1153
954
946
914
757
541
53318
39421
7155
5984
3707
3176
45720
2942
1997
1088
1028
1209
1260
3978
1272
3089
3022
2936
2927
2920
2857
2747
2730
2202
2182
2178
2109
1942
1935
1572
1283
1281
4322
78499
77455
62849
107649
88125
68954
65514
6953
6281
5481
5135
4890
4823
4701
4641
4369
4351
4306
4041
4016
3703
44191
106473
1
47099
40148
6016
5608
2959
2542
778
117533
3676
2361
1900
78349
70286
8369
106918
5449
1256
26662
1089
69640
2359
1732
1061
80551
2082
104841
7458
1080
5445
608
52319
121231
109487
48780
2641
3257
3275
3300
3301
3882
4069
5219
5507
7373
8861
8928
27904
34405
37733
48394
66097
4995
4226
1704
4467
1955
7478
32892
34162
35957
37729
45950
100365
2174
8623
107999
130682
1199
2968
4911
1258
5909
47465
296
4388
1131
64957
74458
48711
4189
4612
6683
6986
27255
260
68157
68319
69526
3948
7844
8795
8961
26585
33794
122886
4721
7376
31221
32025
47
318
1176
1210
8464
7090
3415
27611
46578
68358
72998
95441
97938
106696
109249
54290
40614
111
247
1079
7153
7022
69712
8528
71057
47640
6985
44555
3030
5618
82461
104283
132046
6754
8865
36401
104
1103
52973
6857
55820
76251
78209
741
924
1274
2019
2571
2924
3265
3996
4993
5902
5952
3384
599
3498
90531
95449
95135
94969
94959
94931
91077
90866
90439
66665
90376
90057
89804
89759
89492
89470
89260
95558
95761
96417
96588
101525
101285
99149
99114
98961
98154
97923
97921
97752
97673
97304
96832
96811
96728
96610
88810
88235
88129
78039
73023
72741
72720
72395
72226
72176
72131
72011
71745
71464
71108
70293
69481
67665
67255
74324
78574
87304
78653
86833
86320
85394
83976
82463
82459
82313
81932
81845
81786
81591
81562
80489
80463
79242
101895
102194
102469
144172
140715
139642
133771
132800
132549
132547
132458
131796
128512
128235
127212
127206
127144
123695
123663
140725
148482
118700
155064
111931
111384
82152
66203
47044
138610
164979
164977
163949
163056
161582
161336
160954
158783
156387
118880
117176
103107
111505
111249
110871
107636
107141
106920
106916
106766
106100
105504
105355
105197
103688
103624
103449
103372
111251
111622
116797
112070
116161
115569
115139
114662
114459
114342
114254
113064
112852
112556
112552
112550
112515
112290
112183
67087
74545
25805
38304
41863
41585
4712
40819
40629
39183
37741
41997
34517
31770
26366
26151
26150
25927
4437
42217
52281
48696
51540
50068
49917
49824
48774
48738
48516
4327
47629
47423
47274
46664
45210
45028
4763
8767
8766
6515
5169
6981
6874
6830
6783
6643
6433
8765
5289
6229
5956
5795
5791
5464
6983
7195
7243
7335
7438
7792
7926
8125
4928
8154
8195
8207
8236
8494
8584
8645
8751
52241
46723
52579
55363
55069
55118
55253
3742
3789
55269
55276
55280
3947
55052
55442
55946
56015
56152
56286
56607
56782
56788
3671
56805
53894
53000
54881
3634
54513
54286
52967
53123
54272
53953
3632
3629
3539
66934
6863
4018
6350
64969
56367
94777
46970
6539
7161
109374
63131
31878
35836
293
118997
2068
8874
34321
55247
60684
111624
79132
5971
115617
4973
59725
5299
150
3809
6942
3114
134853
236
26614
50
60072
93040
1721
7361
26554
5782
61024
127108
134859
122882
1265
3679
141749
3111
1197
127114
142488
128360
1211
128606
1172
148626
140174
4262
139385
4326
5198
3811
137337
134881
134130
133645
4103
1273
146656
1957
143385
339
5747
5812
377
115713
628
2997
5349
8128
2502
8533
2424
63992
215
2028
61236
61240
4121
1042
593
858
3793
1610
1200
1120
64614
63876
58879
64620
61357
64622
61323
64701
64839
60069
63082
55063
67429
58191
57669
60766
2330
2677
3246
1245
306
319
364
588
8636
146501
