306
319
364
2330
588
2677
1245
3246
2028
215
5747
1957
4326
4121
5198
3111
1517
3679
3811
4103
1273
4262
1120
1042
1610
593
1200
858
1172
1211
8128
1197
3114
293
745
3793
150
106473
1376
58559
52885
5
186
1358
236
31658
67997
1250
246
1259
1242
337
350
357
377
520
529
587
628
661
904
1059
300
135518
30745
27773
109374
109249
106696
97938
95441
93040
72998
68358
56367
46578
34321
27611
26662
26614
8464
7161
5299
115617
118997
134853
1729
27592
8188
6713
6287
3546
2529
2288
1256
54290
1219
1089
1080
1079
247
111
40614
5662
2700
1635
78349
2542
778
1
117533
2361
1900
94777
70286
88125
8369
106918
55247
5449
3676
44191
3703
2959
5608
6016
40148
64969
63131
45720
8533
6863
2942
1997
1088
1028
4322
78499
77455
62849
60072
47099
107649
68954
1639
2692
3785
3751
3361
3260
3113
3052
4018
2396
65514
2369
2085
2012
2004
1956
1954
1801
3893
3978
4016
4041
8636
6953
6281
5812
5481
5377
5349
5135
4890
4823
4701
4641
4369
4351
4306
4973
318
3948
3257
5507
5219
4069
3882
3809
3301
3300
3275
2641
5445
2359
1732
1061
80551
2082
104841
69640
8972
7373
8861
8928
27904
3030
44555
7361
6985
47640
46970
71057
69712
69526
68319
68157
66934
66097
60684
48394
37733
34405
7458
608
2068
8623
5909
4911
4467
2968
1199
130682
111624
107999
2174
52319
100365
45950
37729
35957
34162
32892
7478
1955
47465
296
4388
1131
121231
109487
79132
48780
4995
4226
1704
1258
260
27255
6986
6683
4612
4189
48711
74458
64957
5618
5971
82461
5782
7153
7090
7022
6857
6539
6350
5952
5902
4993
104283
3996
3265
2997
2924
2571
2019
1274
924
7844
8795
8874
8961
1265
1210
1176
3707
232
50
47
35836
32025
31221
7376
4721
122886
33794
31878
26585
26554
741
44199
8781
1291
780
494
434
153
78209
76251
61024
55820
52973
8528
2502
1103
104
36401
8865
6754
132046
1036
1617
7347
2273
6218
5602
5064
4638
4223
4023
4011
3994
3949
3916
3499
3175
3160
2989
2985
2600
2329
3176
599
5984
97673
96832
96811
96728
96610
96588
96417
95761
95558
95449
95135
94969
94959
94931
91077
90866
90531
90439
97304
97752
90057
97921
105355
105197
103688
103624
103449
103372
103107
102469
102194
101895
101525
101285
99149
99114
98961
98154
97923
90376
89804
106100
80489
79242
78653
78574
78039
74545
74324
73023
72741
72720
72395
72226
72176
72131
72011
71745
71464
71108
80463
81562
89759
81591
89492
89470
89260
88810
88235
88129
87304
86833
86320
85394
83976
82463
82459
82313
81932
81845
81786
105504
106766
7155
144172
142488
141749
140725
140715
140174
139642
139385
137337
134881
134859
134130
133771
133645
132800
132549
132547
132458
143385
146656
128606
148482
111931
111384
82152
66203
47044
138610
164979
164977
163949
163056
161582
161336
160954
158783
156387
155064
148626
131796
128512
106916
114342
113064
112852
112556
112552
112550
112515
112290
112183
112070
111622
111505
111251
111249
110871
107636
107141
106920
114254
114459
128360
114662
128235
127212
127206
127144
127114
127108
123695
123663
122882
118880
118700
117176
116797
116161
115713
115569
115139
70293
339
69481
6981
6830
6783
6643
6515
6433
6229
5956
5795
5791
5464
5289
5169
4928
4763
4712
4437
4327
6874
6983
25927
7195
8767
8766
8765
8751
8645
8584
8494
8236
8207
8195
8154
8125
7926
7792
7438
7335
7243
3947
3789
3742
3671
1935
1572
1283
1281
1272
1260
1232
1209
1153
954
946
914
757
146501
541
53318
39421
1942
2109
2178
3089
3634
3632
3629
3539
3498
3415
3384
3022
2182
2936
2927
2920
2857
2747
2730
2202
67665
25805
26150
54881
56805
56788
56782
56607
56286
56152
56015
55946
55442
55363
55280
55276
55269
55253
55118
55069
55063
57669
58191
58879
64620
67429
67255
67087
66665
64839
64701
64622
64614
60069
63876
63082
61357
61323
61240
61236
60766
26151
55052
54513
41585
46723
46664
45210
45028
42217
41997
41863
40819
47423
40629
39183
38304
37741
34517
31770
26366
54286
47274
47629
48516
54272
53953
53894
53123
53000
52967
52579
52281
52241
51540
50068
49917
49824
48774
48738
48696
2424
63992
6942
59725
1721
