7153
5952
8795
4993
1200
1610
593
858
1042
1120
4121
306
1245
3246
2677
588
364
319
2330
2959
4226
2028
2019
293
296
1089
5902
3978
3260
150
4995
3114
3793
35836
6942
50
26614
215
5608
1721
924
2571
260
47
5349
8636
1
587
8961
4306
1259
2968
48780
3498
2109
3384
2178
7844
26366
8207
7090
1272
3996
2924
3671
3947
4437
4712
4928
6229
7792
47274
1704
2542
7022
3265
7155
4011
1729
778
2529
78499
79132
7243
3629
1283
31878
2730
1199
4911
4467
47465
745
3949
1219
59725
62849
6539
5299
68157
2174
6863
132046
1028
8125
541
954
3022
74458
2396
2641
8494
5956
103449
2502
132547
8528
2700
3113
3785
4016
5445
103688
6281
95761
35957
3948
44191
96417
1376
5377
115617
34405
1291
33794
2692
65514
37733
27773
8128
4326
4262
4103
5198
5747
3679
1172
1273
3811
3111
1211
1197
1957
1036
6218
2936
52281
41997
96832
96610
6016
111251
26585
8874
39421
2424
599
1258
27611
70286
48394
69640
1079
63992
106473
3707
4890
118997
1210
72998
60072
135518
2942
4973
34321
106696
7161
112552
56367
3160
494
780
1617
2273
2329
2600
2985
2989
3175
153
3499
3916
4023
4223
5602
7347
8781
434
4638
1732
1265
2068
111624
68319
107649
1088
117533
88125
2288
109487
60684
232
5782
94777
7373
66934
27592
4041
350
52973
1103
130682
122886
44199
1997
105504
46578
55820
66097
63131
134853
3882
3994
46970
64969
5064
148626
6713
101525
106100
2369
3546
5662
101285
8188
58559
103107
2085
163056
30745
31658
3361
106766
102469
52319
107636
54290
111
163949
1131
102194
107141
4388
121231
4369
106920
97923
106916
1256
155064
158783
156387
164977
1242
48711
4189
4351
103624
4612
103372
904
110871
99149
3893
99114
6683
98961
1059
6986
98154
1954
105355
160954
246
300
161336
1956
357
101895
161582
27255
1801
529
105197
628
4823
1635
97938
133645
61024
76251
78209
137337
134881
134859
134130
133771
132800
139642
132549
132458
131796
128606
128512
128360
128235
127212
139385
36401
95441
69712
8861
27904
143385
142488
141749
140725
140715
69526
71057
8865
47640
6985
3275
3257
82461
144172
140174
6754
1061
127206
80551
112515
4721
7376
31221
32025
112556
5219
112550
318
112290
127144
112183
8972
112070
111622
148482
111505
68358
111249
112852
113064
114254
114342
127114
127108
123695
123663
122882
118880
118700
117176
104841
116797
116161
115713
115569
115139
114662
114459
146656
5135
97921
97752
8154
6830
6981
6983
7195
66665
7335
64839
7926
64701
64622
8195
3634
64620
8236
64614
8584
8751
8765
8766
8767
25805
25927
6783
6643
6515
6433
72226
3742
3789
72176
72131
72011
71745
5909
4327
71108
70293
4763
69481
5169
67665
5289
66203
67429
5795
67255
67087
26150
26151
63876
55052
34162
55118
55253
55269
55276
32892
7478
1955
55946
56015
56152
56286
56607
56782
56788
56805
57669
58191
58879
60069
60766
55063
54881
31770
54513
34517
82152
111384
45950
41585
63082
42217
46664
61357
111931
51540
52241
61323
52579
52967
53000
53123
53894
53953
54272
54286
72395
71464
3632
89492
77455
90439
4322
90376
90057
89804
8533
45720
89759
3176
5984
914
89470
72720
89260
53318
88810
88235
88129
87304
86833
146501
90531
90866
40148
91077
5812
97673
164979
97304
96811
138610
96728
96588
3676
47044
106918
8369
95558
78349
1900
2361
95449
95135
94969
94959
94931
757
5507
946
1572
1942
86320
81591
81562
80489
2182
2202
80463
79242
78653
2747
2857
2920
2927
78574
78039
3089
74545
74324
73023
3415
72741
3539
1935
81786
81845
1260
1153
1281
85394
81932
83976
1209
82463
1232
82459
82313
3030
109249
55247
1176
100365
1250
608
47099
44555
64957
107999
8928
6350
68954
47423
47629
49917
48738
48696
48516
48774
49824
46723
45210
45028
41863
109374
40614
37729
7458
8623
2082
339
661
5481
4701
3052
2012
1517
1358
520
377
337
5
1080
8464
61236
61240
55069
55442
93040
55363
26662
26554
8645
7438
6874
5791
5464
55280
50068
3809
247
39183
40629
6287
5449
104
38304
37741
40819
7361
67997
2997
1274
104283
52885
6857
741
5971
2359
3703
236
5618
6953
4641
186
1639
2004
3751
3301
3300
4018
4069
