5952
7153
8795
4993
4011
2542
1291
3260
5902
3978
2019
4638
2329
2600
2273
4223
4023
3916
2985
3499
3175
1617
8781
5602
7347
780
2989
494
434
153
3160
2959
40148
293
778
1729
5747
5198
4326
1172
1197
3052
26614
1957
50
3111
1273
3679
1211
3811
4103
4262
8128
6539
62849
2677
2330
364
588
1245
306
319
3246
924
3949
1036
3994
745
69640
5064
5608
2028
215
4306
1089
6218
2529
296
1219
44199
2571
47
4995
1079
105504
106696
4226
34321
48780
118997
1028
63131
35836
31878
1258
74458
46970
8874
64969
94777
6350
56367
4018
6863
66934
4016
2109
4041
3114
3893
1942
3785
3751
3361
45720
2700
2178
3113
904
1059
1242
1250
1259
1358
1376
1517
1635
1639
1801
1954
1956
2004
2012
2085
2369
2396
2202
2692
2182
4351
5481
4369
117533
541
88125
106473
3676
5449
106918
39421
7155
8369
1900
1
628
5984
3707
3176
6016
60072
4322
59725
1997
2942
8533
65514
146501
4641
5349
1935
4701
1572
4823
4890
5135
1283
1281
1272
1260
5377
757
5812
6281
1232
1209
6953
8636
1153
954
946
914
661
599
587
7373
2082
80551
1061
2359
2641
3257
3275
3300
3301
3882
4069
5219
5507
27904
529
37733
63992
66097
69526
69712
71057
47640
6985
3030
5618
82461
104283
6754
104841
8972
7458
5445
1955
7478
32892
34162
35957
37729
45950
100365
150
8623
130682
2968
4467
4911
5909
47465
4388
1131
64957
48711
4189
4612
6683
6986
27255
121231
52319
8865
36401
104
31221
232
318
2424
3948
8464
68358
95441
54290
1256
3546
5662
6287
6713
8188
30745
31658
52885
58559
5
186
236
246
300
337
350
357
377
32025
7376
1103
4721
8528
52973
55820
61024
76251
78209
593
858
1042
1120
1200
1610
3793
4121
741
1274
2924
3265
3996
6857
7022
7090
7844
8961
26585
33794
1721
26662
339
2730
117176
66665
67087
123695
67429
67665
69481
123663
70293
118880
71108
71464
118700
71745
64701
116797
72011
116161
72131
72176
115569
72226
115139
72395
72720
72741
114662
64839
64622
55269
57669
132547
132458
131796
101285
56015
56152
56286
56607
56782
128512
56788
56805
58191
64620
58879
60069
60766
128235
127212
61323
127206
61357
63082
63876
64614
127144
114459
2747
73023
106766
89759
89804
90057
107141
90376
90439
90531
90866
91077
106920
106916
94969
106100
114342
105355
95761
96417
105197
103688
103624
103449
103372
103107
97673
102469
102194
107636
89492
89470
89260
114254
113064
112852
112556
78653
112550
112515
112290
112183
112070
81786
111622
111505
82313
111251
111249
110871
83976
85394
86320
86833
87304
88129
88235
88810
55276
55946
55253
25805
6515
6643
6783
6830
82152
6981
6983
7195
7243
7335
66203
7792
7926
8125
8154
47044
138610
8195
8207
164979
8236
8494
8584
164977
8751
8765
55118
6433
6229
5956
3634
2857
2920
2927
2936
3022
3089
3384
3415
3498
3539
3629
3632
3671
5795
3742
3789
3947
4327
4437
4712
4763
4928
5169
5289
111931
111384
8767
8766
25927
52241
160954
46664
158783
47274
156387
155064
148482
144172
140725
140715
139642
133771
51540
132800
161582
52579
52967
53000
53123
53894
53953
54272
54286
54513
54881
55052
55063
132549
161336
42217
101895
163056
31770
26366
163949
37741
26151
26150
34517
38304
39183
40629
40819
41585
6942
27773
111624
53318
1088
34405
78349
5971
112552
111
2288
107649
8861
40614
2361
2174
2502
2068
3703
68319
1704
70286
135518
107999
72998
122886
27611
77455
109374
247
78499
115617
1732
1176
132046
8928
1210
4973
109487
68157
109249
93040
97938
48394
44191
26554
7361
27592
47099
1199
134853
44555
5782
78039
74324
74545
67255
78574
81591
79242
82463
82459
81845
81932
81562
80489
80463
55247
5299
67997
7161
3809
1265
41997
52281
608
2997
61240
61236
55069
55442
55363
46723
47423
47629
48516
45028
45210
48696
49824
48774
49917
41863
48738
96610
96832
127108
68954
122882
134859
7438
55280
5464
50068
8645
5791
6874
143385
146656
98154
99149
148626
97921
97752
142488
97923
101525
133645
141749
140174
115713
94931
94959
95135
95449
95558
96588
96728
1080
99114
127114
96811
128360
128606
134130
97304
134881
137337
139385
98961
260
60684
79132
520
46578
