858
1042
4121
593
1610
1200
1120
2396
3176
3246
4189
4612
1245
306
6986
8128
5747
5198
3679
4326
4262
3111
364
319
1957
1273
1211
1197
1172
3811
2330
2677
588
4103
3114
2028
215
4890
150
106473
2424
745
293
3793
67997
3113
1801
8188
1954
1956
6713
2004
2012
2085
6287
2692
2700
3052
5662
58559
3361
3785
3546
2529
2288
1729
1256
1219
1089
1080
1079
1639
1635
1517
1376
52885
5
186
31658
30745
3893
246
27773
300
337
27592
350
357
377
520
529
587
628
661
904
1059
1242
1250
1259
1358
236
6281
4016
1028
8533
6942
6863
2942
1997
1088
4322
59725
78499
77455
62849
60072
47099
40148
45720
63131
5608
757
1232
1209
1153
954
946
914
146501
64969
541
53318
39421
7155
5984
3707
6016
2959
4041
5349
8636
6953
111
5812
5481
5377
5135
68954
4823
4701
4641
4369
4351
4306
65514
88125
2542
78349
778
1
117533
2361
1900
94777
70286
107649
8369
106918
55247
5449
3676
44191
247
135518
40614
2641
5219
3882
3809
3301
3300
3275
3257
2359
7373
1732
1061
80551
2082
104841
69640
8972
5507
8861
5445
68157
6985
47640
46970
71057
69712
69526
68319
66934
8928
66097
63992
60684
48394
37733
34405
27904
7458
608
54290
2174
4467
2968
1199
130682
111624
107999
8623
100365
5909
45950
37729
35957
34162
32892
7478
1955
4911
47465
52319
1258
121231
109487
79132
48780
4995
4226
1704
260
296
27255
6683
48711
74458
64957
1131
4388
7361
44555
3030
232
4973
3948
2068
1265
1210
1176
318
50
7161
47
35836
32025
31221
7376
4721
122886
5299
8464
5618
95441
134853
118997
115617
109374
109249
1260
97938
93040
26614
72998
68358
56367
46578
34321
27611
26662
1721
31878
26585
1103
78209
76251
61024
55820
52973
8528
2502
104
26554
36401
8865
6754
132046
104283
82461
5971
741
1274
2019
2571
8961
8874
8795
7844
7090
7022
6857
6539
6350
5782
4993
3996
3265
2997
2924
106696
599
1272
72176
97923
97921
97752
97673
97304
96832
96811
96728
96610
96588
96417
95761
95558
95449
95135
94969
94959
98154
98961
99114
103624
106916
106766
106100
105504
105355
105197
103688
103449
99149
103372
103107
102469
102194
101895
101525
101285
94931
91077
90866
78653
81845
1281
81591
81562
80489
80463
79242
78574
82313
78039
74545
74324
73023
72741
72720
72395
81932
82459
90531
89260
90439
90376
90057
89804
89759
89492
89470
88810
82463
88235
88129
87304
86833
86320
85394
83976
106920
107141
107636
139385
143385
142488
141749
140725
140715
140174
139642
137337
146656
134881
134859
134130
133771
133645
132800
132549
144172
148482
132458
164977
111931
111384
82152
66203
47044
138610
164979
163949
148626
163056
161582
161336
160954
158783
156387
155064
132547
131796
110871
112550
114459
114342
114254
113064
112852
112556
112552
112515
115139
112290
112183
112070
111622
111505
111251
111249
114662
115569
128606
127108
128512
128360
128235
127212
127206
127144
127114
123695
115713
123663
122882
118880
118700
117176
116797
116161
72226
81786
72131
8236
25927
25805
8767
8766
8765
8751
8645
8584
8494
8207
26151
8195
8154
8125
7926
7792
7438
7335
7243
7195
26150
26366
49824
45028
72011
48696
48516
47629
47423
47274
46723
46664
45210
42217
31770
41997
41863
41585
40819
40629
39183
38304
37741
34517
6983
6981
6874
2857
3539
3498
3415
3384
3089
3022
2936
2927
2920
2747
6830
2730
2202
2182
2178
2109
1942
1935
1572
1283
3629
3632
3634
3671
6783
6643
6515
6433
6229
5956
5795
5791
5464
5289
5169
4928
4763
4712
4437
4327
3947
3789
3742
48774
48738
49917
55946
58191
57669
56805
56788
56782
56607
56286
56152
56015
55442
60069
55363
55280
55276
55269
55253
55118
55069
55063
50068
58879
60766
54513
66665
71745
71464
71108
70293
69481
67665
67429
67255
67087
64839
61236
64701
64622
64620
64614
63876
63082
61357
61323
61240
54881
55052
339
52579
53894
54286
51540
53123
53000
52967
52241
53953
52281
54272
6218
3949
3703
4018
4011
5064
1291
3994
1036
44199
2273
780
494
3751
2369
434
153
1617
2989
2329
4069
2985
8781
3160
7347
3175
3499
5602
3916
2600
4023
4223
4638
7153
5952
33794
5902
3260
3978
924
