1610
296
1200
1120
4121
1042
858
593
3793
778
1729
608
150
1089
1079
4041
350
52973
1103
68157
2959
2542
3114
3809
1732
55820
37733
3882
4973
2424
8928
109249
46578
109374
1801
1954
1639
1956
2004
1635
2369
2012
2085
3978
2396
2692
2700
3052
4016
3113
3751
3785
3893
3260
135518
1517
6713
67997
58559
52885
31658
30745
27592
8188
6287
186
5662
3546
2529
2288
1256
1219
1080
5
215
1376
628
1358
1259
4306
1242
1059
904
661
587
236
529
520
377
357
337
300
246
1250
4890
4351
4322
306
53318
39421
7155
5984
3707
3176
64969
63131
59725
45720
8533
6942
6863
2942
1997
1088
319
364
541
1209
1281
1273
1272
1260
1245
1232
1211
1197
588
1172
1153
954
946
914
757
146501
1028
78499
4369
77455
3703
107649
88125
68954
65514
8636
6953
6281
5812
5481
5377
5349
5135
111
4823
4701
4641
44191
106473
3676
117533
62849
60072
47099
40148
6016
5608
1
2361
5449
1900
94777
78349
70286
8369
106918
55247
247
68358
40614
7373
5219
4069
3301
3300
3275
3257
2641
2359
80551
2082
104841
69640
8972
7458
5445
5507
8861
109487
27904
44555
7361
6985
47640
46970
71057
69712
69526
68319
66934
66097
63992
60684
48394
34405
52319
79132
54290
4911
2968
1199
130682
111624
107999
8623
2174
100365
45950
37729
35957
34162
32892
7478
1955
4467
5909
48780
47465
4995
4226
1704
1258
260
27255
6986
6683
4612
4189
48711
74458
64957
1131
4388
3030
5618
5971
4018
2068
1265
1210
1176
232
50
47
35836
32025
31221
7376
4721
122886
1721
33794
3948
5299
82461
7161
134853
118997
115617
106696
97938
95441
93040
72998
1572
56367
34321
27611
26662
26614
8464
31878
26585
26554
8961
2019
1274
924
741
78209
76251
61024
8528
2502
104
36401
8865
6754
132046
104283
2571
2924
2997
6857
8874
8795
7844
7153
7090
7022
6539
3265
6350
5952
5902
5782
4993
3996
1283
599
1935
90439
97673
97304
96832
96811
96728
96610
96588
96417
95761
95558
95449
95135
94969
94959
94931
91077
90866
97752
97921
97923
103107
105504
105355
105197
103688
103624
103449
103372
102469
98154
102194
101895
101525
101285
99149
99114
98961
90531
90376
106766
90057
81562
80489
1942
79242
78653
78574
78039
74545
74324
73023
72741
72720
72395
72226
72176
72131
72011
81591
81786
81845
88129
89804
89759
89492
89470
89260
88810
88235
87304
81932
86833
86320
85394
83976
82463
82459
82313
106100
106916
71464
128606
142488
141749
140725
140715
140174
139642
139385
137337
134881
134859
134130
133771
133645
132800
132549
132547
132458
143385
144172
146656
163949
111931
82152
66203
47044
138610
164979
164977
163056
148482
161582
161336
160954
158783
156387
155064
148626
131796
128512
106920
128360
114254
113064
112852
112556
112552
112550
112515
112290
112183
112070
111622
111505
111251
111249
110871
107636
107141
114342
114459
114662
123663
128235
127212
127206
127144
127114
127108
123695
122882
115139
118880
118700
117176
116797
116161
115713
115569
71745
80463
71108
46723
8494
8236
8207
8195
8154
8128
8125
7926
7792
7438
7335
7243
7195
6983
6981
6874
6830
6783
6643
6515
6433
8584
8645
8751
38304
45210
45028
42217
41997
41863
41585
40819
40629
39183
37741
8765
34517
31770
26366
26151
26150
25927
25805
8767
8766
6229
5956
5795
2857
3415
3384
3246
3111
3089
3022
2936
2927
2920
2747
3539
2730
2677
2330
2202
2182
2178
2109
2028
1957
3498
3629
5791
4327
5747
5464
5289
5198
5169
4928
4763
4712
4437
4326
3632
4262
4103
3947
3811
3789
3742
3679
3671
3634
70293
46664
47274
55276
56782
56607
56286
56152
56015
55946
55442
55363
55280
55269
56805
55253
55118
55069
55063
55052
54881
54513
54286
54272
56788
57669
53894
64620
69481
67665
67429
67255
67087
66665
64839
64701
64622
64614
58191
63876
63082
61357
61323
61240
61236
60766
60069
58879
47423
53953
53123
50068
47629
48516
48696
48738
48774
49824
49917
339
51540
52281
52579
52241
52967
53000
27773
1061
121231
111384
3361
318
293
6218
3949
4011
1291
5064
745
3994
1036
44199
780
494
434
153
7347
2329
1617
2273
2600
2985
2989
3160
3499
3916
4023
8781
4223
4638
5602
3175
