588
2677
306
1245
319
364
2330
3246
2028
215
2396
111
1721
608
1358
150
3629
7243
1283
293
52973
350
4041
1103
2424
541
954
8125
3022
4890
2361
41997
52281
593
1200
1120
1042
858
1610
4121
3114
3809
2936
59725
55820
3882
37733
6942
48394
4973
3793
63992
8928
109249
1258
46578
109374
1732
2369
4306
1059
4369
4641
4701
4823
904
661
628
587
529
5135
5349
5377
5481
520
5812
6281
6953
377
8636
65514
4351
1242
2692
1259
2700
2085
88125
3052
3113
2012
2004
1956
1954
1801
1639
1635
1517
1376
3260
100365
3751
3785
3893
3978
4016
68954
6016
107649
1209
3176
3707
5984
7155
39421
53318
146501
757
914
946
1153
1172
1197
1211
63131
1232
1260
1272
1273
1281
1572
1935
1942
1957
2109
2178
2182
2202
64969
45720
44191
34162
106473
3676
5449
55247
106918
8369
45950
78349
37729
1900
117533
1
35957
32892
8533
7478
40148
47099
60072
62849
77455
78499
4322
1028
1088
1997
2942
6863
357
8188
337
52319
4189
4612
6683
6986
27255
48780
5445
74458
7458
8972
69640
104841
2082
80551
48711
64957
2641
3265
6350
5952
5902
5782
4993
3996
2997
1131
2924
4388
2019
1274
924
741
2359
3257
300
69526
7361
6985
47640
46970
71057
69712
5219
3030
5507
66934
66097
60684
7373
27904
44555
5618
3275
2502
3300
3301
78209
76251
61024
8528
104
5971
36401
8865
6754
4069
104283
82461
6539
6857
7022
54290
1256
8623
111624
1080
247
40614
134853
2288
118997
115617
106696
97938
95441
93040
2174
2529
7090
52885
246
236
186
5
67997
58559
31658
3546
30745
27592
2747
6713
6287
5662
130682
68358
56367
31878
32025
31221
7376
4721
47465
33794
26585
34321
26554
8961
8874
8795
7844
7153
35836
5909
50
232
4911
4467
2968
1265
2068
3948
4018
5299
7161
8464
26614
26662
1199
2730
599
2857
97673
99149
99114
98961
98154
97923
97921
97752
97304
95449
96832
96811
96728
96610
96588
96417
95761
101285
101525
101895
102194
107636
107141
106920
106916
106766
106100
105504
105355
105197
103688
103624
103449
103372
103107
102469
95558
95135
2920
81786
85394
83976
82463
82459
82313
81932
81845
81591
94969
81562
80489
80463
79242
78653
78574
78039
86320
86833
87304
88129
94959
94931
91077
90866
90531
90439
90376
90057
89804
89759
89492
89470
89260
88810
88235
110871
111249
111251
139642
144172
143385
142488
141749
140725
140715
140174
139385
111505
137337
134881
134859
134130
133771
133645
132800
146656
148482
148626
155064
111931
1955
82152
66203
47044
138610
164979
164977
163949
163056
161582
161336
160954
158783
156387
132549
132547
132458
115713
115139
114662
114459
114342
114254
113064
112852
112556
112552
112550
112515
112290
112183
112070
111622
115569
116161
131796
116797
128606
128512
128360
128235
127212
127206
127144
127114
127108
123695
123663
122882
118880
118700
117176
74545
74324
73023
8195
8765
8751
8645
8584
8494
8236
8207
8154
6874
8128
7926
7792
7438
7335
7195
6983
8766
8767
25805
25927
45210
45028
42217
41863
41585
40819
40629
39183
38304
37741
34517
31770
26366
26151
26150
6981
6830
72741
3634
4103
3947
3811
3789
3742
3679
3671
3632
6783
3539
3498
3415
3384
3111
3089
8861
4262
4326
4327
4437
6643
6515
6433
6229
5956
5795
5791
5747
5464
5289
5198
5169
4928
4763
4712
46664
46723
56782
64701
64620
64614
63876
63082
61357
61323
61240
61236
60766
60069
58879
58191
57669
56805
56788
64622
64839
56607
66665
72720
72395
72226
72176
72131
72011
71745
71464
71108
70293
69481
67665
67429
67255
67087
47274
2927
56286
53953
53123
53000
52967
52579
52241
51540
50068
49917
49824
48774
48738
48696
48516
47629
47423
56152
53894
54272
54286
56015
55946
55442
55363
55280
55276
55269
55253
55118
55069
55063
55052
54881
54513
1079
27773
3703
135518
2571
47
68319
109487
27611
94777
34405
1061
260
107999
121231
122886
111384
4226
72998
1176
70286
79132
1219
132046
6218
3361
1250
5608
4011
5064
1291
4995
745
3994
1036
3949
44199
2542
68157
318
1210
8781
4023
7347
5602
153
434
494
780
1617
2273
2329
2600
2985
2989
3160
3175
3499
3916
1704
4223
4638
339
1089
2959
1729
778
296
