858
593
1042
1120
1200
1610
4121
3246
2677
306
319
364
588
1245
2330
3793
260
215
529
300
339
608
150
2028
350
52973
1103
4041
293
1210
3114
3809
50
337
26614
47
247
55820
37733
3882
4973
1079
109249
2424
8928
27592
132046
46578
109374
122886
107999
1732
1250
70286
2019
2288
88125
72998
27611
27904
2068
109487
5608
27773
68319
5618
2571
135518
3703
1258
60684
79132
130682
2959
48394
1219
2529
34405
1997
94777
134853
4226
62849
1704
66097
74458
115617
4995
48780
31658
52885
58559
236
67997
5
127114
127108
246
112552
123695
1242
1639
1635
1517
1376
1358
1259
118880
1059
123663
904
661
628
587
122882
127144
520
30745
127212
127206
8188
7161
8464
132549
26662
132547
34321
132458
56367
68358
131796
93040
95441
97938
106696
128606
128512
118997
54290
40614
111
128360
128235
1080
1256
1954
3546
5662
6287
6713
1801
3113
1956
112550
107649
44191
106473
3676
5449
55247
106918
8369
116161
78349
1900
2361
117533
1
115713
2004
6016
40148
47099
60072
77455
78499
4322
1028
1088
2942
6863
6942
8533
45720
116797
68954
65514
8636
2012
2085
2369
2396
2700
3052
132800
118700
3260
3751
3785
3893
3978
4016
117176
4306
4351
4369
4641
4701
4823
4890
5135
5349
5377
5481
5812
6281
6953
5299
1176
4018
3275
5219
4069
164977
164979
3301
3300
3257
8972
2641
2359
138610
80551
2082
104841
5507
7373
8861
163949
163056
161582
63992
66934
161336
69526
69712
71057
46970
47640
6985
7361
44555
69640
7458
3948
100365
2968
1199
111624
8623
2174
111931
45950
5445
37729
35957
34162
32892
7478
1955
4467
4911
5909
47465
4388
1131
64957
48711
4189
4612
6683
6986
27255
82152
66203
52319
47044
3030
160954
5971
7153
26585
26554
8961
8874
8795
7844
7090
82461
7022
6857
6539
6350
5952
5902
31878
33794
1721
137337
4721
7376
31221
32025
35836
134881
134859
232
63131
134130
1265
133771
133645
5782
4993
3996
148482
104283
158783
6754
8865
36401
104
156387
2502
8528
155064
148626
61024
76251
78209
146656
3265
144172
143385
142488
141749
140725
140715
140174
741
924
1274
139642
139385
2924
2997
59725
599
64969
72131
71745
71464
71108
70293
69481
67665
67429
67255
67087
66665
64839
64701
64622
64620
64614
72011
72176
52579
72226
81786
81591
81562
80489
80463
79242
78653
78574
78039
74545
74324
73023
72741
72720
72395
63876
63082
61357
61323
3176
55269
55253
55118
55069
55063
55052
54881
54513
54286
54272
53953
53894
53123
53000
55280
55363
55442
57669
61240
61236
60766
60069
58879
58191
56805
55946
56788
56782
56607
56286
56152
56015
81845
81932
82313
97752
103688
103624
103449
103372
103107
102469
102194
101895
101525
101285
99149
99114
98961
98154
97923
105197
105355
105504
111251
112515
112290
112183
112070
111622
111505
111249
106100
110871
107636
107141
106920
106916
106766
97921
97673
82459
97304
90057
89804
89759
89492
89470
89260
88810
88235
88129
87304
86833
86320
85394
83976
82463
90376
90439
90531
95761
96832
96811
96728
96610
96588
96417
95558
90866
95449
95135
94969
94959
94931
91077
52967
55276
52281
3632
4103
3947
3811
3789
3742
3679
3671
3634
3629
4326
3539
3498
3415
3384
112556
3111
3089
3022
4262
4327
2927
5795
6874
6830
52241
6643
6515
6433
6229
5956
5791
4437
5747
5464
5289
5198
5169
4928
4763
4712
2936
2920
6983
114459
1197
1172
1153
954
946
914
757
146501
541
1211
114662
115139
115569
53318
39421
7155
5984
3707
1209
1232
2857
114254
2747
2730
112852
113064
2202
2182
2178
2109
1957
114342
1942
1935
1572
1283
1281
1273
1272
1260
6981
6783
8236
47274
46664
38304
45210
45028
42217
8494
41997
41863
41585
40819
40629
8584
8645
8751
8765
8766
8767
25805
25927
26150
26151
39183
26366
31770
34517
46723
37741
8154
49917
50068
49824
8125
48774
8128
8195
7926
51540
7792
7438
7335
8207
48738
7243
7195
48696
48516
47629
47423
1061
2692
121231
111384
3361
1729
778
3949
6218
68157
2542
4011
5064
1291
745
318
377
357
3994
1036
296
1089
44199
2985
153
434
494
780
1617
2273
2329
2600
3160
2989
3175
3499
3916
4023
4223
4638
5602
7347
8781
186
