1036
1954
260
26585
7022
3265
5782
2329
4223
2273
8781
7347
5602
4638
4023
434
3916
780
3175
3160
2989
2985
2600
153
3499
494
1617
44199
3994
745
1291
5064
4011
3949
6218
293
1042
1610
858
4121
1120
593
1200
2019
2068
122886
107999
3793
1210
68319
134853
3703
377
115617
4041
52973
1103
350
55820
3882
37733
1256
30745
27773
3546
5662
1219
27592
2288
2529
6287
8188
6713
236
31658
661
1259
1250
1242
1059
215
904
628
1376
587
529
520
357
337
300
1358
1517
52885
67997
58559
246
2692
2396
2369
2085
2012
1635
2004
5
1956
186
1801
1639
2700
599
1080
1997
64969
63131
59725
45720
8533
6942
6863
2942
1088
3052
1028
4322
78499
77455
62849
60072
47099
40148
3176
3707
5984
7155
1232
1211
1209
1197
1172
1153
954
946
914
757
146501
588
541
364
319
306
39421
6016
5608
1
5377
5135
4890
4823
4701
4641
4369
4351
4306
4016
3978
3893
3785
3751
3361
3260
3114
3113
5349
5481
117533
5812
1900
94777
78349
8369
106918
55247
5449
3676
106473
44191
107649
88125
68954
65514
8636
6953
6281
1089
50
247
80551
3300
3275
3257
2641
2359
1061
2082
47640
104841
69640
8972
7458
5445
52319
3301
4069
5219
5507
7373
8861
27904
34405
48394
60684
63992
66097
66934
68157
69526
69712
71057
121231
48780
4995
2968
1955
7478
32892
34162
35957
37729
45950
100365
150
2174
8623
111624
130682
1199
4467
4226
4911
5909
47465
4388
1131
64957
74458
48711
4189
4612
6683
6986
27255
1704
46970
6985
40614
35836
1265
1176
318
232
1260
47
32025
7361
31221
7376
4721
1721
33794
31878
2424
3948
4018
5299
7161
8464
26614
26662
34321
56367
68358
93040
95441
97938
106696
118997
54290
26554
8961
8874
78209
44555
3030
5618
5971
82461
104283
6754
8865
36401
104
2502
8528
61024
76251
741
8795
924
1274
2924
2997
3996
4993
5902
5952
6350
6539
6857
7090
7153
7844
1245
339
1272
94931
96588
96417
95761
95558
95449
95135
94969
94959
91077
96728
90866
90531
90439
90376
90057
89804
89759
89492
96610
96811
105197
101285
103624
103449
103372
103107
102469
102194
101895
101525
99149
96832
99114
98961
98154
97923
97921
97752
97673
97304
89470
89260
88810
72011
74324
73023
72741
72720
72395
72226
72176
72131
71745
88235
71464
71108
70293
69481
1273
67429
67255
67087
74545
78039
78574
78653
88129
87304
86833
86320
85394
83976
82463
82459
82313
81932
81845
81786
81591
81562
80489
80463
79242
103688
105355
64839
134859
141749
140725
140715
140174
139642
139385
137337
134881
134130
143385
133771
133645
132800
132549
132547
132458
131796
128606
142488
144172
105504
163949
111931
111384
82152
66203
47044
138610
164979
164977
163056
146656
161582
161336
160954
158783
156387
155064
148626
148482
128512
128360
128235
111505
112556
112552
112550
112515
112290
112183
112070
111622
111251
127212
111249
110871
107636
107141
106920
106916
106766
106100
112852
113064
114254
114342
127206
127144
127114
127108
123695
123663
122882
118880
118700
117176
116797
116161
115713
115569
115139
114662
114459
66665
67665
64701
6983
6874
6830
6783
6643
6515
6433
6229
5956
5795
5791
5747
5464
5289
5198
5169
4928
4763
6981
7195
4437
7243
8767
8766
8765
8751
8645
64622
8494
8236
8207
8195
8154
8128
8125
7926
7792
7438
7335
4712
4327
25927
2936
2920
2857
2747
2730
2677
2330
2202
2182
2178
2109
2028
1957
1942
1935
1572
1283
1281
2927
3022
4326
3089
4262
4103
3947
3811
3789
3742
3679
3671
3634
3632
3629
3539
3498
3415
3384
3246
3111
25805
8584
26150
53894
61240
55253
55118
55069
55063
61323
26151
61357
55052
63082
54881
63876
54513
54286
54272
61236
55269
55276
58879
56805
56788
56782
56607
58191
56286
56152
55280
56015
55946
55442
60069
60766
55363
53953
64614
53123
40819
46664
45210
45028
42217
41997
41863
41585
40629
47274
64620
39183
38304
37741
34517
31770
26366
53000
46723
47423
49824
52967
52579
52281
52241
51540
49917
50068
48774
48738
48696
48516
47629
57669
109487
109249
109374
72998
70286
8928
135518
4973
296
27611
2542
111
3809
608
79132
2959
46578
132046
53318
1079
1258
1729
778
2361
2571
1732
