61240
61236
76251
61357
117176
114662
97752
115569
116161
116797
97304
114342
96811
96728
58191
61323
63082
95558
97921
97923
95135
99114
58879
60069
57669
60766
101525
99149
111622
98154
112183
112290
55063
98961
112556
112852
95449
96588
64701
63876
94959
94931
64622
64614
64620
67429
64839
70286
118700
112515
118880
111251
96610
96832
79132
68157
7438
6874
8645
55280
50068
5464
5791
68954
60684
115617
109487
260
55363
55442
55069
48394
5299
58559
88125
68358
106696
71464
78653
72395
72720
73023
66665
72011
72131
71745
69481
70293
67087
71108
72226
2068
61024
41997
52281
112552
67665
117533
132046
97938
94777
7161
1265
109374
67997
118997
27611
1089
34405
3260
3978
5902
47
1199
6539
34321
2424
27592
66097
8874
44191
46578
48780
1028
4226
7458
109249
35836
31878
63131
296
924
27773
247
78574
81845
79242
78039
80463
80489
81562
81591
82459
81932
82463
74324
67255
74545
4973
46970
72998
66934
56367
64969
1704
2692
69712
2529
7153
5952
6863
2959
1176
62849
2571
77455
64957
4995
74458
1210
2019
2396
2004
1954
1801
2012
2085
1639
2369
1956
3052
111624
2700
1517
3113
3114
8623
3361
3785
3893
2174
1635
5782
1376
520
215
236
246
300
4467
337
350
357
377
529
1358
587
628
2968
661
130682
904
1059
4016
1259
1242
4306
4041
6016
37729
78349
35957
1900
2361
34162
778
2542
5608
40148
106918
47099
60072
4322
32892
1088
7478
1955
1997
2942
8369
55247
4911
5481
4351
4369
4641
4701
4823
4890
5135
5349
5377
5812
5449
6281
6953
8636
65514
150
100365
107649
45950
3676
186
30745
5
5909
37733
7022
7090
27904
7844
8928
26554
26585
8861
7373
5507
5219
33794
1721
4721
4069
3882
7376
31221
32025
3809
63992
69526
71057
104
3265
2997
2924
78209
55820
52973
8528
2502
1103
36401
47640
8865
6754
82461
5971
6942
3030
44555
7361
6985
3301
50
232
1729
4612
54290
111
4189
1079
1080
48711
1219
1256
2288
6986
3546
5662
6287
6713
8188
1131
4388
3996
47465
6683
27255
318
8464
3300
3275
3257
2641
2359
3948
1732
1061
80551
26614
1258
2082
104841
69640
8972
5445
608
93040
95441
121231
599
339
8533
56607
56788
56805
72176
72741
81786
82313
83976
85394
86320
86833
87304
88129
88235
88810
89260
89470
89492
89759
89804
90057
90376
90439
90531
90866
91077
94969
95761
96417
101285
56782
56286
45210
56152
46723
47274
47423
47629
48516
48696
48738
48774
49824
49917
51540
52241
52579
52967
53000
53123
53894
53953
54272
54286
54513
54881
55052
55118
55253
55269
55276
55946
45720
102469
103449
103688
107636
137337
139385
139642
140174
140715
140725
141749
142488
143385
144172
146656
148482
148626
155064
156387
158783
160954
161336
161582
163056
163949
164977
164979
138610
47044
66203
82152
111384
111931
134881
134859
134130
127108
110871
111249
111505
112070
112550
113064
114254
114459
115139
115713
122882
123663
123695
127114
133771
127144
127206
127212
128235
128360
128512
128606
131796
132458
132547
132549
132800
133645
46664
56015
45028
3089
3629
3539
3498
3415
3384
3246
3111
3022
2202
2936
2927
2920
2857
2747
2730
2677
3632
3634
3671
3679
5289
5198
42217
4928
4763
4712
4437
4327
4326
4262
4103
3947
3811
3789
3742
2330
2182
5795
319
946
914
757
146501
588
541
364
306
2178
53318
39421
7155
5984
3707
3176
59725
954
1153
1172
1197
2109
2028
1957
1942
1935
1572
1283
1281
1273
1272
1260
1245
1232
1211
1209
5747
5169
6229
8494
8207
8195
8154
8128
8125
7926
7792
7335
7243
7195
6983
6981
6830
6783
6643
6515
6433
5956
8236
8584
8751
41863
41585
40819
40629
39183
38304
37741
34517
31770
26366
26151
26150
25927
25805
8767
8766
8765
68319
6350
5618
6218
106473
135518
107999
105504
4993
8795
1250
52319
40614
52885
104283
741
1274
6857
293
4011
31658
3949
122886
5064
745
1036
8961
97673
105355
101895
102194
103372
103624
105197
107141
106920
106916
106766
106100
103107
26662
44199
3994
4023
2329
7347
8781
1617
780
5602
3916
494
434
4638
153
2273
2600
2989
3160
4223
3175
3499
2985
4018
3703
134853
1291
78499
3751
1
3793
1042
1120
4121
1200
593
1610
858
