7153
5952
8795
4993
5902
3260
3978
46578
1704
318
2019
924
608
4041
350
52973
1103
1242
4995
5608
48774
41863
48516
49824
49917
47629
47423
46723
45210
48738
45028
48696
3361
55820
44199
37733
3882
2959
1219
3949
5299
1176
44555
7161
4226
47099
111384
121231
67997
3809
1732
79132
55247
8961
1259
1061
1079
47
4973
68157
27773
1258
115617
8928
109249
109374
337
40614
5
186
215
236
246
300
93040
56367
111
54290
134853
357
377
520
529
587
628
118997
661
58559
1080
52885
1729
95441
97938
3546
2529
5662
68358
2288
106696
6287
31658
6713
8188
1256
27592
30745
1089
904
247
72998
135518
1059
40148
2542
778
1
117533
2361
1900
94777
78349
70286
8369
106918
5449
3676
106473
44191
3703
107649
6016
60072
1250
62849
5984
3707
3176
64969
63131
59725
45720
8533
6942
6863
2942
1997
1088
1028
4322
78499
77455
88125
68954
65514
8636
3052
2700
2692
2396
2369
2085
2012
2004
27611
1956
1954
1801
1639
1635
1517
1376
1358
3113
3114
3751
4890
6953
6281
5812
5481
5377
5349
5135
4823
3785
4701
4641
4369
4351
4306
4016
3893
34321
35836
26662
3301
34405
27904
8861
7373
5507
5219
4069
3300
60684
3275
3257
2641
2359
80551
2082
104841
48394
63992
36401
7361
6754
132046
104283
82461
5971
5618
3030
6985
66097
47640
46970
71057
69712
69526
68319
66934
69640
8972
7458
150
2968
1199
130682
111624
107999
8623
2174
100365
5445
45950
37729
35957
34162
32892
7478
1955
4467
4911
5909
47465
52319
109487
48780
260
27255
6986
6683
4612
4189
48711
74458
64957
1131
4388
296
8865
104
26614
5782
8874
7844
7090
7022
6857
6539
6350
3996
26585
3265
2997
2924
2571
1274
741
8781
26554
31878
2502
232
8464
4018
3948
2424
2068
1265
1210
50
33794
39421
32025
31221
7376
4721
122886
1721
7347
6218
5602
593
1200
1120
1042
1036
858
780
745
494
5064
434
293
153
78209
76251
61024
8528
1291
1610
1617
2273
4638
4223
4121
4023
4011
3994
3916
3793
3499
3175
3160
2989
2985
2600
2329
7155
599
53318
95135
96811
96728
96610
96588
96417
95761
95558
95449
94969
67429
94959
94931
91077
90866
90531
90439
90376
90057
96832
97304
97673
97752
105197
103688
103624
103449
103372
103107
102469
102194
101895
101525
101285
99149
99114
98961
98154
97923
97921
89804
89759
89492
79242
78574
78039
74545
74324
73023
72741
72720
72395
72226
72176
72131
72011
71745
71464
71108
70293
69481
78653
80463
89470
80489
89260
88810
88235
88129
87304
86833
86320
85394
83976
82463
82459
82313
81932
81845
81786
81591
81562
105355
105504
106100
143385
141749
140725
140715
140174
139642
139385
137337
134881
134859
134130
133771
133645
132800
132549
132547
132458
131796
142488
144172
128512
146656
111931
82152
66203
47044
138610
164979
164977
163949
163056
161582
161336
160954
158783
156387
155064
148626
148482
128606
128360
106766
114254
112852
112556
112552
112550
112515
112290
112183
112070
111622
111505
111251
111249
110871
107636
107141
106920
106916
113064
114342
128235
114459
127212
127206
127144
127114
127108
123695
123663
122882
118880
118700
117176
116797
116161
115713
115569
115139
114662
67665
67255
306
4327
5464
5289
5169
4928
4763
4712
4437
3947
3415
3789
3742
3671
3634
3632
3629
3539
5791
5795
5956
6229
8125
7926
7792
7438
67087
7243
7195
6983
6981
6874
6830
6783
6643
6515
6433
3498
3384
8195
954
1281
1272
1260
1245
1232
1209
1153
946
3246
914
757
146501
588
541
364
319
1283
1572
1935
1942
3089
3022
2936
2927
2920
2857
2747
2730
2677
2330
2202
2182
2178
2109
2028
8154
7335
8207
56782
56286
56152
56015
55946
55442
55363
55280
55276
55269
55253
55118
55069
55063
55052
54881
54513
54272
56607
56788
53894
56805
66665
64839
64701
64622
64620
64614
63876
63082
61357
61323
61240
61236
60766
60069
58879
58191
57669
53953
54286
53123
25927
39183
38304
37741
34517
31770
26366
26151
26150
25805
40819
8767
8766
8765
8751
8645
8584
8494
8236
53000
40629
339
52241
41585
52967
41997
42217
46664
47274
50068
51540
52579
52281
8128
3679
3111
3811
1957
4103
4262
1172
5747
4326
1211
1273
5198
1197
