318
339
587
377
337
150
3361
111384
3114
121231
1061
2330
306
588
3246
364
1245
2677
319
2028
215
27773
2700
3052
2692
3893
3113
2396
2369
2085
3260
247
3751
3785
4306
3978
5135
6953
6281
5812
5481
5377
5349
4890
4016
4823
4701
4641
4369
4351
2004
2012
1635
1956
1954
6713
8188
30745
31658
52885
58559
67997
5
246
5662
520
529
3546
628
661
1256
904
1059
1080
1242
1250
1259
65514
1358
1376
1517
6287
1639
1801
8636
5449
68954
954
1232
1211
1209
1197
1172
1153
946
1272
914
757
146501
541
53318
39421
1260
1273
5984
2182
2927
2920
2857
2747
2730
2202
2178
1281
2109
1957
1942
1935
1572
1283
7155
3707
107649
8369
117533
2361
1900
94777
78349
70286
106918
6016
55247
40614
3676
106473
44191
3703
1
40148
3176
6863
64969
63131
59725
45720
8533
6942
2942
47099
1088
1028
4322
78499
77455
60072
111
118997
54290
5507
63992
60684
34405
27904
8928
8861
7373
5219
134853
4069
3809
3301
3300
3275
3257
2641
66934
68319
69526
69712
36401
8865
6754
132046
104283
82461
5971
5618
3030
44555
7361
6985
47640
46970
71057
2359
80551
2082
5909
4467
2968
1199
111624
107999
8623
2174
100365
45950
37729
35957
34162
32892
7478
1955
4911
47465
104841
4388
69640
8972
7458
5445
52319
109487
260
27255
6986
6683
4612
4189
48711
64957
1131
104
2502
8528
7161
4973
4018
3948
2068
1265
1210
1176
232
50
35836
32025
31221
7376
4721
122886
5299
8464
33794
26614
3022
115617
109374
109249
106696
97938
95441
93040
72998
68358
56367
46578
34321
27611
26662
1721
31878
61024
2997
2571
2019
1274
924
741
4121
3793
1610
1200
1120
1042
858
593
78209
76251
2924
3265
26585
3996
26554
8961
8874
8795
7844
7153
7090
7022
6857
6539
6350
5952
5902
5782
4993
2936
135518
3089
106916
97752
97673
97304
96832
96811
96728
96610
96588
96417
95761
95558
95449
95135
94969
94959
94931
91077
97921
97923
98154
103372
106100
105504
105355
105197
103688
103624
103449
103107
98961
102469
102194
101895
101525
101285
99149
99114
90866
90531
90439
78039
81591
81562
80489
80463
79242
78653
78574
74545
81845
74324
73023
72741
72720
72395
72226
72176
81786
81932
90376
88235
90057
89804
89759
89492
89470
89260
88810
88129
82313
87304
86833
86320
85394
83976
3111
82459
106766
106920
72011
107141
142488
141749
140725
140715
140174
139642
139385
137337
134881
134859
134130
133771
133645
132800
132549
132547
132458
143385
144172
146656
163949
111931
82152
66203
47044
138610
164979
164977
163056
148482
161582
161336
160954
158783
156387
155064
148626
131796
128606
128512
112290
114254
113064
112852
112556
112552
112550
112515
112183
114459
112070
111622
111505
111251
111249
110871
107636
114342
114662
128360
123663
128235
127212
127206
127144
127114
127108
123695
122882
115139
118880
118700
117176
116797
116161
115713
115569
72131
82463
599
5464
48516
5791
47629
47423
47274
5795
46723
5956
46664
45210
45028
42217
41997
41863
41585
5747
5289
40629
5198
3742
3789
3811
3947
48738
6783
4262
4326
4327
4437
48696
4712
4763
4928
5169
40819
39183
3671
8494
8207
8195
6643
8154
8128
8125
7926
7792
7438
7335
7243
7195
6983
6981
6874
8236
8584
38304
8645
37741
34517
31770
26366
26151
6229
6433
26150
25927
25805
8767
8766
8765
6515
8751
3679
4103
48774
60069
63876
63082
61357
61323
61240
61236
60766
58879
3539
58191
57669
56805
49824
3632
56782
56607
3629
64614
56152
67255
71745
71464
71108
70293
69481
67665
67429
67087
3498
66665
64839
64701
3384
64622
3415
64620
56286
56788
56015
55069
55052
54881
54513
54286
54272
53953
53894
53123
3634
53000
52967
52579
52281
52241
51540
50068
49917
55063
6830
55269
55118
55442
55363
55280
55276
55946
55253
2424
79132
4995
1732
293
74458
66097
1704
62849
48780
1997
2529
1219
48394
1079
130682
2542
1258
4226
27592
68157
5608
1089
6218
88125
2288
1729
778
1291
5064
3882
37733
2959
3949
745
3994
55820
1036
4011
44199
608
47
236
186
300
350
357
4023
8781
7347
5602
1103
4638
4223
4041
153
434
52973
3916
3499
3175
3160
2989
2985
2600
2329
2273
1617
780
494
296
