134853
127108
132046
2571
1
78499
128606
134881
137337
139385
133645
141749
142488
143385
146656
148626
140174
134130
128360
115713
127114
131796
128235
132458
72741
127144
858
132549
1042
123695
123663
82313
1120
127212
4121
139642
72176
2747
8584
3539
164979
164977
107636
1610
593
55946
34517
112070
148482
1200
140725
140715
27611
1281
135518
3793
70286
79132
72998
115617
1210
2068
109487
109249
260
4018
1176
118997
236
2529
246
300
2288
215
3546
186
1729
8188
5
67997
27592
5662
58559
52885
6287
31658
30745
27773
6713
1256
93040
1219
26662
32025
35836
47
50
232
318
1265
2424
3948
4973
5299
7161
8464
26614
34321
1089
46578
56367
68358
350
95441
97938
106696
109374
54290
40614
111
247
1079
1080
337
1956
357
4641
106473
44191
3703
107649
88125
68954
65514
8636
6953
6281
5812
5481
5377
5349
5135
4890
4823
3676
5449
55247
5608
1028
4322
62849
60072
47099
40148
6016
2959
106918
2542
778
2361
1900
94777
78349
8369
4701
4369
377
4351
1954
1801
1639
1635
1517
1376
1358
1259
1250
1242
1059
904
661
628
587
529
520
7376
2004
2012
3361
4306
4041
4016
3978
3893
3785
3751
3260
2085
3114
3113
3052
2700
2692
2396
2369
31221
2997
4721
1732
3809
3301
3300
3275
3257
2641
2359
1061
4069
80551
2082
104841
69640
8972
7458
5445
3882
5219
47640
63992
71057
69712
69526
68319
68157
66934
66097
60684
5507
48394
37733
34405
27904
8928
8861
7373
608
52319
121231
150
2968
1199
130682
111624
107999
8623
2174
100365
48780
45950
37729
35957
34162
32892
7478
1955
4467
4911
5909
47465
4995
4226
1704
1258
27255
6986
6683
4612
4189
48711
74458
64957
1131
4388
296
46970
6985
122886
44199
3265
1997
2924
2019
1274
924
741
8781
4993
7347
6218
5602
5064
4638
4223
4023
3996
5782
7361
8795
1721
33794
31878
26585
26554
8961
8874
7844
5902
7153
7090
7022
6857
6539
6350
5952
4011
3994
3949
36401
61024
55820
52973
8528
2502
1103
104
8865
3916
6754
104283
82461
5971
5618
3030
44555
76251
78209
153
293
3499
3175
3160
2989
2985
2600
2329
2273
1617
1291
1036
780
745
494
434
1088
599
2942
79242
78574
78039
74545
74324
73023
72720
72395
72226
72131
72011
71745
71464
71108
70293
69481
78653
80463
67255
80489
89260
88810
88235
88129
87304
86833
86320
85394
83976
82463
82459
81932
81845
81591
81562
67429
67087
89492
56788
56607
56286
56152
56015
55442
6863
55280
55276
55269
55253
55118
55069
55063
55052
54881
56782
56805
66665
57669
64839
64701
64622
64620
64614
63876
63082
61357
61323
61240
61236
60766
60069
58879
58191
89470
89759
54286
116161
115139
114662
114342
112852
112556
112552
112290
112183
111622
111251
107141
106920
106916
106766
106100
115569
116797
105355
117176
111931
111384
82152
66203
47044
138610
163949
163056
161582
160954
158783
156387
155064
144172
132547
105504
105197
89804
96811
96610
96588
96417
95761
95558
95449
95135
94959
94931
91077
90866
90531
90439
90376
90057
96728
96832
103688
97304
103624
103449
103372
103107
102194
101895
101525
99149
99114
98961
98154
97923
97921
97752
97673
54513
339
54272
5464
3384
3246
3111
3089
3022
2936
2927
2857
2677
2330
2202
2182
2178
2109
2028
3415
3498
3629
4326
5198
5169
4928
4712
4437
4327
4262
3632
4103
3947
3811
3742
3679
3671
1957
1942
1935
3707
319
306
53318
39421
7155
5984
3176
541
64969
63131
59725
45720
8533
6942
364
588
1572
1211
1283
1273
1272
1260
1245
1232
1209
146501
1197
1172
1153
954
946
914
5289
3789
5747
40629
45210
45028
42217
41997
41863
41585
40819
5791
8767
38304
37741
31770
26366
26151
26150
25927
46664
46723
47274
47423
53894
53123
53000
52967
52281
52241
51540
50068
49917
49824
48774
48738
48696
48516
47629
25805
39183
6433
8154
7195
7243
6874
6830
7335
7438
7792
6783
6643
6515
8125
8128
6981
6983
6229
5956
8766
8765
8751
5795
8645
8494
8236
8207
8195
117533
134859
122882
77455
3634
2920
55363
2730
118880
67665
118700
112515
81786
94969
161336
101285
110871
4763
111249
52579
111505
7926
113064
112550
114254
114459
757
133771
132800
53953
128512
127206
102469
