2959
1729
778
79132
4226
296
2542
74458
81562
82463
74545
67255
80463
81591
80489
78039
74324
82459
81932
81845
78574
79242
1089
48780
4103
3679
4262
3111
8128
5747
4326
1957
1273
1211
1197
1172
5198
3811
47
2571
5608
132046
49917
48738
45028
45210
46723
47423
47629
48516
48696
41863
48774
49824
2529
61236
61240
1120
1610
1042
858
593
4121
1200
1210
27904
1732
109487
4011
2028
78499
72998
61323
55063
57669
58191
58879
60069
60766
61357
67429
63082
63876
64614
64620
64622
64701
64839
70286
5782
61024
1258
52281
41997
260
293
3629
7243
1283
3265
7022
77455
3793
26585
94777
48394
5618
63131
1219
115617
26614
50
1704
1080
5445
3275
58559
27611
2692
55280
6874
5791
8645
5464
7438
50068
44555
62849
318
5952
7153
2330
2677
588
3246
364
319
306
1245
47099
44199
3949
55363
2997
541
954
3022
8125
40614
4995
135518
60072
34405
7361
4993
8795
68157
2068
924
40148
2936
7844
7090
2924
3996
6857
104283
52885
741
1274
68954
5299
99114
97304
101525
94931
99149
98961
97923
97921
97752
98154
95449
95558
96811
96728
94959
95135
96588
1265
3978
5902
3260
1036
2019
31878
2361
26554
2288
134881
134859
148626
141749
142488
140174
146656
143385
122882
115713
134130
137337
128360
133645
127114
128606
139385
55069
55442
215
1291
111
46578
93040
44191
7161
33794
107999
88125
6539
27773
122886
247
5971
6350
127108
96832
96610
3546
3030
134853
3994
1250
8874
3361
78349
377
2700
3052
6016
6281
4306
8636
2502
68358
8961
65514
26662
34321
118997
8861
53318
64969
1176
69526
111249
94969
128512
111505
110871
112550
101285
133771
4763
53953
161336
52579
102469
127206
132800
757
113064
114254
7926
114459
69640
97938
4018
3703
121231
66097
2730
2920
3634
1079
1
106473
52319
1061
6942
69712
6218
105504
106696
66934
1028
2424
104
5481
4721
36401
47465
1955
7376
31221
2369
2085
78209
4388
5377
1131
32025
48711
5135
3751
3893
8623
2012
6754
8865
4701
6953
4911
4823
100365
5909
32892
4351
45950
35957
7478
5812
4016
1721
5349
1242
2004
6287
236
186
5
27255
5507
31658
30745
5219
8188
6713
4069
3948
1956
5662
8464
3301
1256
104841
2082
3300
80551
54290
2359
3257
246
300
337
357
4189
1954
6985
1801
47640
1635
4612
1517
1376
6683
1358
232
1259
71057
95441
6986
904
661
628
587
529
520
63992
8972
339
107649
7195
8766
8765
8751
8584
123663
123695
127144
8236
8207
8195
8154
7792
7335
6983
115139
6981
6830
6783
6643
6515
6433
6229
127212
5795
5289
5169
4928
128235
8767
25805
55946
47274
3676
72176
72741
82313
97673
101895
102194
103107
103372
103624
105197
105355
106100
46664
25927
42217
41585
106766
106916
106920
107141
107636
112070
34517
31770
26366
26151
26150
4712
4437
4327
161582
146501
140715
140725
144172
5984
148482
3176
155064
156387
158783
45720
8533
160954
163056
3947
163949
164977
164979
4322
138610
47044
66203
1900
82152
8369
106918
111931
5449
914
946
1153
1209
3789
131796
3742
3671
3632
3539
3498
3415
3384
132458
3089
2927
2857
2747
2202
2182
2178
2109
132549
1942
1935
1572
1281
1272
1260
1232
139642
56015
599
6863
117533
82461
111384
95761
96417
8494
5956
132547
103449
103688
118700
118880
112515
59725
2942
55247
3707
39421
4973
130682
5064
46970
109374
111251
35836
8928
27592
1088
3882
7155
150
111622
112183
112290
116161
112556
117176
114342
114662
115569
116797
112852
2968
67997
3809
111624
2174
4467
1199
7373
53894
54286
54272
52967
53123
55269
52241
51540
55276
53000
56607
56805
55253
55118
56152
54881
56286
54513
55052
56782
56788
68319
109249
350
4041
1103
52973
3114
37741
38304
40819
40629
1639
3113
39183
3785
4369
34162
8528
76251
60684
64957
81786
67665
2396
55820
745
608
4638
434
7347
5602
153
4223
780
4023
494
3916
3499
3175
3160
2989
2985
2600
2329
2273
1617
8781
91077
89260
89470
88810
85394
89492
88235
90866
88129
87304
90531
90439
90376
90057
89759
86833
89804
83976
86320
70293
66665
67087
69481
72011
71464
71745
72131
78653
72226
72395
72720
71108
73023
1997
56367
7458
112552
37733
4890
2641
37729
4641
1059
