780
2989
4023
153
5602
7347
434
494
8781
1617
2273
2329
2600
4638
2985
4223
3175
3916
3499
3160
8795
4993
588
319
1245
2330
2677
364
3246
306
5952
7153
3994
44199
1704
2028
3949
2019
293
2959
2571
5608
3301
4306
587
745
318
1036
215
1291
5064
4226
1120
4121
1042
3793
858
593
1200
1610
4011
1219
236
1729
778
1210
132046
4995
296
2424
3260
5902
3978
260
79132
6218
4701
4069
5449
7844
5377
1954
4351
6287
3948
104
3996
2924
7090
1028
72998
4018
40614
7243
1283
3629
924
27611
3361
47
70286
135518
74458
8125
541
954
3022
1079
1176
41997
52281
48780
65514
2529
2936
1089
7022
3265
121231
109487
3751
1250
31878
111384
27773
106696
232
3703
48394
2692
3114
122886
150
134853
68157
107999
1732
1258
68319
34405
94777
115617
2068
8636
88125
68954
78499
4322
4467
45720
77455
1088
6953
6281
1997
2942
5812
107649
44191
1900
60072
106473
3676
47099
6016
4911
64957
5909
47465
106918
1
8369
4388
117533
8533
130682
3176
1272
1281
35957
1572
1935
1942
1957
34162
2109
2178
2182
2202
32892
7478
2730
2747
2857
2920
2927
1955
1273
1260
3707
37729
2968
5984
7155
39421
1199
48711
2174
100365
146501
757
914
946
45950
1153
1172
1197
1209
1211
1232
5481
78209
5349
3275
4721
7376
31221
32025
8861
50
7373
5507
2641
8961
2359
8464
3089
26662
68358
80551
95441
97938
33794
27904
104841
3030
61024
8528
36401
8865
6754
104283
82461
5618
741
66097
44555
1274
6985
47640
71057
69712
69526
6857
54290
247
5135
76251
1376
1517
1635
1801
1956
2004
2369
2700
27255
1259
6986
4016
6683
4612
4369
4641
4189
4823
1358
1242
1080
30745
69640
1256
8972
3546
5662
7458
6713
8188
31658
904
52885
58559
67997
52319
246
300
529
628
26614
599
3111
97304
96811
96728
96610
96588
96417
95761
95558
95449
95135
94969
94959
94931
91077
90866
90531
90439
90376
96832
97673
89804
97752
105197
103688
103624
103449
103372
103107
102469
102194
101895
101525
101285
99149
99114
98961
98154
97923
97921
90057
89759
105504
80463
78653
78574
78039
74545
3384
73023
72741
72720
72395
72226
72176
72131
72011
71745
71464
71108
70293
79242
80489
89492
81562
89470
89260
88810
88235
88129
87304
86833
86320
85394
83976
82463
82459
82313
81932
81845
81786
81591
105355
106100
67665
143385
141749
140725
140715
140174
139642
139385
137337
134881
134859
134130
133771
133645
132800
132549
132547
132458
131796
142488
144172
128512
146656
111931
82152
66203
47044
138610
164979
164977
163949
163056
161582
161336
160954
158783
156387
155064
148626
148482
128606
128360
106766
114254
112852
112556
112552
112550
112515
112290
112183
112070
111622
111505
111251
111249
110871
107636
107141
106920
106916
113064
114342
128235
114459
127212
127206
127144
127114
127108
123695
123663
122882
118880
118700
117176
116797
116161
115713
115569
115139
114662
69481
74324
67429
25805
38304
37741
34517
31770
26366
26151
26150
25927
8767
40629
8766
8765
8751
8645
8584
8494
8236
8207
39183
40819
8154
48516
52241
51540
50068
49917
49824
48774
48738
48696
47629
41585
47423
47274
46723
46664
45210
67255
42217
41863
8195
8128
52967
3811
4763
4712
4437
4327
4326
4262
4103
3947
3789
5169
3742
3679
3671
3634
3632
3539
3498
3415
4928
5198
7926
6783
7792
7438
7335
7195
6983
6981
6874
6830
6643
5289
6515
6433
6229
5956
5795
5791
5747
5464
52579
45028
53000
53123
55280
64620
55363
55442
55946
56015
60766
56152
56286
56607
64614
63876
64622
56782
56788
56805
63082
61357
61323
57669
58191
58879
60069
61240
55276
61236
55063
55118
66665
55069
54272
67087
55253
55052
53953
55269
54286
53894
64839
54881
64701
54513
66934
63992
2542
6539
59725
109249
6863
6350
118997
64969
46970
1721
63131
46578
53318
1061
27592
37733
8928
78349
55820
111
2288
56367
35836
1131
6942
34321
350
4041
1103
52973
2361
93040
8874
26554
7361
55247
60684
111624
5299
608
7161
109374
26585
5971
62849
8623
5219
5
661
3052
2085
2012
2997
2502
1639
339
5445
186
377
3882
3257
3300
4973
5782
3809
4890
40148
2396
2082
337
357
520
1265
3113
3785
3893
1059
