1610
4121
1120
1042
858
1200
593
296
150
3793
3114
778
1729
1089
2424
68157
2959
2542
1079
1732
306
3246
236
364
319
588
2677
2330
1245
2028
215
1639
1250
1242
1259
1358
1059
1376
1517
1635
135518
1801
1954
1956
2004
2012
2085
2369
2396
661
2692
2700
3052
3113
3260
3361
904
337
628
529
6287
5662
3546
2529
2288
1256
1219
1080
247
111
40614
54290
134853
118997
115617
6713
8188
27592
246
520
377
357
350
3785
300
186
27773
5
67997
58559
52885
31658
30745
3751
4641
3893
1997
63131
59725
45720
8533
6942
6863
2942
1088
6016
1028
4322
78499
77455
62849
60072
47099
64969
3176
3707
5984
1232
1211
1209
1197
1172
1153
954
946
914
757
146501
541
53318
39421
7155
40148
5608
3978
4890
6953
6281
5812
5481
5377
5349
5135
4823
1
4701
109249
4369
4351
4306
4041
4016
8636
65514
68954
88125
117533
2361
1900
94777
78349
70286
8369
106918
55247
5449
3676
106473
44191
3703
107649
109374
56367
106696
2359
3882
3809
3301
3300
3275
3257
2641
1061
5219
80551
2082
104841
69640
8972
7458
5445
4069
5507
52319
66097
47640
46970
71057
69712
69526
68319
66934
63992
7373
60684
48394
37733
34405
27904
8928
8861
608
121231
97938
2174
4467
2968
1199
130682
111624
107999
8623
100365
5909
45950
37729
35957
34162
32892
7478
1955
4911
47465
109487
27255
79132
48780
4995
4226
1704
1258
260
6986
4388
6683
4612
4189
48711
74458
64957
1131
6985
7361
44555
7376
318
232
50
47
35836
32025
31221
4721
1210
122886
1721
33794
31878
26585
26554
8961
1176
1265
3030
27611
95441
93040
72998
68358
1272
46578
34321
26662
2068
26614
8464
7161
5299
4973
4018
3948
8874
8795
7844
104
76251
61024
55820
52973
8528
2502
1103
36401
7153
8865
6754
132046
104283
82461
5971
5618
78209
741
924
1274
7090
7022
6857
6539
6350
5952
5902
5782
4993
3996
3265
2997
2924
2571
2019
1260
599
1273
90531
97752
97673
97304
96832
96811
96728
96610
96588
96417
95761
95558
95449
95135
94969
94959
94931
91077
97921
97923
98154
103372
106100
105504
105355
105197
103688
103624
103449
103107
98961
102469
102194
101895
101525
101285
99149
99114
90866
90439
106916
90376
81591
81562
80489
80463
1281
78653
78574
78039
74545
74324
73023
72741
72720
72395
72226
72176
72131
81786
81845
81932
88235
90057
89804
89759
89492
89470
89260
88810
88129
82313
87304
86833
86320
85394
83976
82463
82459
106766
106920
71745
131796
143385
142488
141749
140725
140715
140174
139642
139385
137337
134881
134859
134130
133771
133645
132800
132549
132547
144172
146656
148482
164977
111931
111384
82152
66203
47044
138610
164979
163949
148626
163056
161582
161336
160954
158783
156387
155064
132458
128606
107141
128512
114342
114254
113064
112852
112556
112552
112550
112515
112290
112183
112070
111622
111505
111251
111249
110871
107636
114459
114662
115139
123695
128360
128235
127212
127206
127144
127114
127108
123663
115569
122882
118880
118700
117176
116797
116161
115713
72011
79242
71464
46723
8494
8236
8207
8195
8154
8128
8125
7926
7792
7438
7335
7243
7195
6983
6981
6874
6830
6783
6643
6515
6433
8584
8645
8751
38304
45210
45028
42217
41997
41863
41585
40819
40629
39183
37741
8765
34517
31770
26366
26151
26150
25927
25805
8767
8766
6229
5956
5795
2747
3415
3384
3111
3089
3022
2936
2927
2920
2857
2730
3539
2202
2182
2178
2109
1957
1942
1935
1572
1283
3498
3629
5791
4327
5747
5464
5289
5198
5169
4928
4763
4712
4437
4326
3632
4262
4103
3947
3811
3789
3742
3679
3671
3634
46664
47274
71108
47423
56788
56782
56607
56286
56152
56015
55946
55442
55363
55280
55276
55269
55253
55118
55069
55063
55052
54881
54513
54286
54272
56805
57669
58191
64622
70293
69481
67665
67429
67255
67087
66665
64839
64701
64620
58879
64614
63876
63082
61357
61323
61240
61236
60766
60069
53953
53894
339
53123
51540
50068
52281
49917
49824
52579
48774
48738
48696
48516
47629
52967
53000
52241
293
6218
3949
4011
5064
1291
745
587
3994
1036
44199
2600
4223
8781
7347
5602
153
4638
434
494
780
4023
2329
3916
3499
3175
3160
2989
1617
2273
2985
