745
1199
296
3114
4467
608
2968
3175
153
8781
7347
5602
4638
4223
494
434
4023
780
3916
1617
2273
2329
2600
2985
2989
3160
3499
44191
3809
1079
106473
60684
778
1729
44199
4973
1036
1089
300
661
3246
1245
319
306
588
364
2330
2677
232
150
247
3994
4041
350
1103
52973
293
68157
1732
8928
1291
5064
4011
2959
109249
3949
46578
109374
2542
2028
6218
215
55820
37733
3882
27592
5377
27904
5618
97938
27773
64957
58559
40614
52885
54290
134853
31658
30745
8188
1256
1956
6713
2004
118997
115617
6287
5662
3546
2529
2288
111
628
67997
5
587
1242
1250
1259
1358
1376
1517
1635
1639
1801
1954
529
520
337
1219
246
1080
186
904
1059
135518
2012
106918
78499
77455
62849
60072
47099
40148
6016
5608
1
117533
2361
1900
94777
78349
70286
4322
1028
1088
64969
53318
39421
7155
5984
3707
3176
63131
1997
59725
45720
8533
6942
6863
2942
8369
55247
2085
5449
4351
4306
4016
3978
3893
3785
3751
3361
3260
3113
3052
2700
2692
2396
2369
4369
4641
4701
8636
3676
3703
107649
88125
68954
65514
6953
4823
6281
5812
5481
5349
5135
4890
106696
31221
95441
82461
5219
4069
3301
3300
3275
3257
2641
2359
1061
80551
2082
104841
69640
8972
7458
5507
7373
8861
71057
3030
44555
7361
6985
47640
46970
69712
34405
69526
68319
66934
66097
63992
48394
5445
52319
121231
100365
4911
130682
111624
107999
8623
2174
45950
47465
37729
35957
34162
32892
7478
1955
5909
4388
109487
260
79132
48780
4995
4226
1704
1258
27255
1131
6986
6683
4612
4189
48711
74458
5971
104283
93040
132046
47
35836
32025
7376
4721
122886
1721
33794
31878
26585
26554
8961
8874
8795
7844
50
318
1176
26614
72998
68358
56367
34321
27611
26662
8464
1210
7161
5299
4018
3948
2068
1265
7153
7090
7022
76251
1200
1120
1042
858
593
78209
61024
3793
8528
2502
104
36401
8865
6754
1610
4121
6857
3996
6539
6350
5952
5902
5782
4993
3265
741
2997
2924
2571
2019
1274
924
541
599
146501
94969
96728
96610
96588
96417
95761
95558
95449
95135
94959
89492
94931
91077
90866
90531
90439
90376
90057
89804
96811
96832
97304
97673
103688
103624
103449
103372
103107
102469
102194
101895
101525
101285
99149
99114
98961
98154
97923
97921
97752
89759
89470
105355
72176
78039
74545
74324
73023
72741
72720
72395
72226
72131
89260
72011
71745
71464
71108
70293
69481
67665
67429
78574
78653
79242
80463
88810
88235
88129
87304
86833
86320
85394
83976
82463
82459
82313
81932
81845
81786
81591
81562
80489
105197
105504
67087
134881
142488
141749
140725
140715
140174
139642
139385
137337
134859
128512
134130
133771
133645
132800
132549
132547
132458
131796
143385
144172
146656
148482
111931
111384
82152
66203
47044
138610
164979
164977
163949
163056
161582
161336
160954
158783
156387
155064
148626
128606
128360
106100
111622
112852
112556
112552
112550
112515
112290
112183
112070
111505
128235
111251
111249
110871
107636
107141
106920
106916
106766
113064
114254
114342
114459
127212
127206
127144
127114
127108
123695
123663
122882
118880
118700
117176
116797
116161
115713
115569
115139
114662
67255
66665
757
5169
6229
5956
5795
5791
5747
5464
5289
5198
4928
3789
4763
4712
4437
4327
4326
4262
4103
3947
6433
6515
6643
6783
8494
8236
8207
8195
8154
8128
8125
7926
7792
7438
7335
7243
7195
6983
6981
6874
6830
3811
3742
8645
1260
1957
1942
1935
1572
1283
1281
1273
1272
1232
3679
1211
1209
1197
1172
1153
954
946
914
2109
2178
2182
2202
3671
3634
3632
3629
3539
3498
3415
3384
3111
3089
3022
2936
2927
2920
2857
2747
2730
8584
8751
64839
55118
56015
55946
55442
55363
55280
55276
55269
55253
55069
8765
55063
55052
54881
54513
54286
54272
53953
53894
56152
56286
56607
56782
64701
64622
64620
64614
63876
63082
61357
61323
61240
61236
60766
60069
58879
58191
57669
56805
56788
53123
53000
52967
34517
41863
41585
40819
40629
39183
38304
37741
31770
42217
26366
26151
26150
25927
25805
8767
8766
52579
41997
45028
47629
49824
48774
48738
48696
51540
48516
47423
50068
47274
46723
46664
52241
52281
45210
49917
2424
236
377
357
339
