1120
4121
2997
858
1200
1610
593
1042
608
296
1103
52973
4041
350
5782
7361
26554
3793
93040
3809
1079
55820
778
1729
37733
3882
4973
1732
8928
2959
109249
1358
318
46578
109374
3361
111384
121231
1061
27773
68157
357
520
337
377
300
1242
529
587
628
661
904
1059
236
1250
1259
1376
1517
1635
1639
246
135518
215
186
40614
54290
134853
118997
115617
106696
97938
95441
72998
68358
56367
34321
27611
26662
26614
8464
7161
111
247
1080
27592
5
67997
58559
52885
31658
1954
30745
8188
1219
6713
6287
5662
3546
2529
2288
1256
1801
2700
1956
8369
1088
1028
4322
78499
77455
62849
60072
47099
40148
6016
5608
1
117533
2361
1900
94777
78349
1997
2942
6863
7155
588
541
364
319
306
53318
39421
5984
6942
3707
3176
64969
63131
59725
45720
8533
70286
106918
2004
55247
4641
4369
4351
4306
4016
3978
3893
3785
3751
3260
3114
3113
3052
2396
2369
2085
2012
4701
4823
4890
68954
5449
3676
106473
44191
3703
107649
88125
65514
5135
8636
6953
6281
5812
5481
5377
5349
5299
31221
4018
3275
8861
7373
5507
5219
4069
3301
3300
3257
34405
2641
2359
80551
2082
104841
69640
8972
27904
48394
6754
47640
104283
82461
5971
5618
3030
44555
6985
46970
60684
71057
69712
69526
68319
66934
66097
63992
7458
5445
52319
150
2968
1199
130682
111624
107999
8623
2174
100365
109487
45950
37729
35957
34162
32892
7478
1955
4467
4911
5909
47465
79132
4995
1704
1258
260
27255
6986
6683
4612
4189
48711
74458
64957
1131
4388
132046
8865
3948
6350
8795
7844
7153
7090
7022
6857
6539
5952
8961
5902
4993
3996
3265
2924
2571
2019
8874
26585
36401
47
2424
2068
1265
1210
1176
232
50
35836
31878
32025
757
7376
4721
122886
1721
33794
1274
924
741
434
2273
1617
1291
1036
780
745
494
293
44199
153
78209
76251
61024
8528
2502
104
2329
2600
2985
2989
8781
7347
6218
5602
5064
4638
4223
4023
4011
3994
3949
3916
3499
3175
3160
146501
599
914
94931
96588
96417
95761
95558
95449
95135
94969
94959
91077
96728
90866
90531
90439
90376
90057
89804
89759
89492
96610
96811
64839
101285
103624
103449
103372
103107
102469
102194
101895
101525
99149
96832
99114
98961
98154
97923
97921
97752
97673
97304
89470
89260
88810
72011
74324
73023
72741
72720
72395
72226
72176
72131
71745
88235
71464
71108
70293
69481
67665
67429
67255
67087
74545
78039
78574
78653
88129
87304
86833
86320
85394
83976
82463
82459
82313
81932
81845
81786
81591
81562
80489
80463
79242
103688
105197
105355
134859
141749
140725
140715
140174
139642
139385
137337
134881
134130
128360
133771
133645
132800
132549
132547
132458
131796
128606
142488
143385
144172
146656
111931
82152
66203
47044
138610
164979
164977
163949
163056
161582
161336
160954
158783
156387
155064
148626
148482
128512
128235
105504
111505
112556
112552
112550
112515
112290
112183
112070
111622
111251
127212
111249
110871
107636
107141
106920
106916
106766
106100
112852
113064
114254
114342
127206
127144
127114
127108
123695
123663
122882
118880
118700
117176
116797
116161
115713
115569
115139
114662
114459
946
66665
64701
4437
5747
5464
5289
5198
5169
4928
4763
4712
4327
8207
4326
4262
4103
3947
3811
3789
3742
3679
5791
5795
5956
6229
8154
8128
8125
7926
7792
7438
7335
7243
7195
6983
6981
6874
6830
6783
6643
6515
6433
3671
3634
3632
2109
1957
1942
1935
1572
1283
1281
1273
1272
1260
1245
1232
1211
1209
1197
1172
1153
954
2028
2178
3629
2182
3539
3498
3415
3384
3246
3111
3089
3022
2936
2927
2920
2857
2747
2730
2677
2330
2202
64622
8195
8236
55063
55442
55363
55280
55276
55269
55253
55118
55069
55052
52579
54881
54513
54286
54272
53953
53894
53123
8494
55946
56015
56152
56286
64620
64614
63876
63082
61357
61323
61240
61236
60766
60069
58879
58191
57669
56805
56788
56782
56607
52967
53000
52281
52241
41585
40819
40629
39183
38304
37741
34517
31770
26366
26151
26150
25927
25805
8767
8766
8765
8751
8645
8584
41863
41997
42217
48696
51540
50068
49917
49824
48774
45028
48738
48516
47629
47423
47274
46723
46664
45210
339
48780
2692
2542
4226
1089
