2959
260
1729
778
5608
4226
2396
1219
2529
4011
3949
2542
48780
47
1079
62849
1704
4890
74458
296
4995
27773
79132
1732
1258
2019
2068
132046
134853
122886
109249
107999
115617
27611
109487
68319
2571
135518
3703
77455
53318
58559
52885
31658
30745
3707
27592
8188
6713
6287
5662
3546
5984
7155
39421
67997
3176
5
357
661
628
587
529
520
377
350
64969
337
300
246
236
215
186
2288
1256
1059
26614
56367
46578
146501
34321
757
26662
8464
306
914
7161
5299
4973
4018
3948
68358
93040
95441
97938
106696
588
109374
541
118997
364
54290
40614
111
247
319
1080
1089
904
1242
78499
8636
3676
106473
44191
88125
68954
65514
6953
55247
6281
5812
5481
5377
5349
5135
5449
106918
1259
1997
60072
47099
40148
6016
4322
1028
2942
8369
1
117533
2361
6942
1900
78349
8533
45720
4823
1956
2692
63131
2369
2085
2012
2004
1954
4701
1801
1639
1635
1517
1376
1358
2700
3052
3113
2424
3260
59725
3361
3751
3785
3893
3978
4016
4041
4306
4351
4369
4641
3114
7376
1265
5507
60684
48394
37733
27904
8928
8861
7373
5219
66097
4069
3882
3809
3301
3300
3275
3257
63992
66934
2359
3030
36401
8865
6754
104283
82461
5971
5618
44555
68157
7361
6985
47640
46970
71057
69712
69526
2641
1061
1176
150
4911
4467
2968
1199
130682
111624
8623
100365
47465
45950
37729
35957
34162
32892
7478
1955
5909
4388
80551
52319
2082
104841
69640
8972
7458
5445
608
121231
1131
27255
6986
6683
4612
4189
48711
64957
104
1103
2502
3996
6857
6539
6350
5952
5902
5782
4993
3265
7090
2997
2924
1274
924
741
44199
8781
7022
7153
8528
4721
318
232
50
35836
32025
31221
954
1721
7844
33794
31878
26585
26554
8961
8874
8795
7347
6218
5602
494
1120
1042
1036
858
780
745
593
434
5064
293
153
78209
76251
61024
55820
52973
1200
1291
1610
1617
4638
4223
4121
4023
3994
3916
3793
3499
3175
3160
2989
2985
2600
2329
2273
946
599
1153
91077
96417
95761
95558
95449
95135
94969
94959
94931
90866
96610
90531
90439
90376
90057
89804
89759
89492
89470
96588
96728
103688
99149
103449
103372
103107
102469
102194
101895
101525
101285
99114
96811
98961
98154
97923
97921
97752
97673
97304
96832
89260
88810
88235
71745
73023
72741
72720
72395
72226
72176
72131
72011
71464
88129
71108
70293
69481
67665
67429
67255
67087
66665
74324
74545
78039
78574
87304
86833
86320
85394
83976
82463
82459
82313
81932
81845
81786
81591
81562
80489
80463
79242
78653
103624
105197
64701
134859
141749
140725
140715
140174
139642
139385
137337
134881
134130
143385
133771
133645
132800
132549
132547
132458
131796
128606
142488
144172
105355
163949
111931
111384
82152
66203
47044
138610
164979
164977
163056
146656
161582
161336
160954
158783
156387
155064
148626
148482
128512
128360
128235
111251
112556
112550
112515
112290
112183
112070
111622
111505
111249
127212
110871
107636
107141
106920
106916
106766
106100
105504
112852
113064
114254
114342
127206
127144
127114
127108
123695
123663
122882
118880
118700
117176
116797
116161
115713
115569
115139
114662
114459
1172
64839
64622
6229
5795
5791
5747
5464
5289
5198
5169
4928
4763
4712
4437
4327
4326
4262
4103
3947
3811
5956
6433
3742
6515
8207
64620
8154
8128
8125
7926
7792
7438
7335
7243
7195
6983
6981
6874
6830
6783
6643
3789
3679
8494
2202
2178
2109
2028
1957
1942
1935
1572
1283
1281
1273
1272
1260
1245
1232
1211
1209
1197
2182
2330
3671
2677
3634
3632
3629
3539
3498
3415
3384
3246
3111
3089
3022
2936
2927
2920
2857
2747
2730
8236
8195
8584
55052
55363
55280
55276
55269
55253
55118
55069
55063
54881
52579
54513
54286
54272
53953
53894
53123
53000
8645
55442
55946
56015
56152
64614
63876
63082
61357
61323
61240
61236
60766
60069
58879
58191
57669
56805
56788
56782
56607
56286
52967
339
52281
41997
41585
40819
40629
39183
38304
37741
34517
31770
26366
26151
26150
25927
25805
8767
8766
8765
8751
52241
41863
48516
46723
48696
49824
49917
47629
47423
47274
46664
48738
45210
45028
50068
42217
51540
48774
72998
70286
94777
34405
1088
6863
112552
107649
1210
1250
2174
