364
1245
2330
2677
3246
306
588
319
4121
858
1200
593
296
1042
1120
1610
318
2028
215
3793
778
1729
3361
1089
68157
293
2959
260
337
541
8125
3022
954
111384
2542
121231
1079
2936
1061
1283
3629
7243
60072
50
26614
27773
1732
1210
2019
132046
2068
122886
107999
27611
109487
68319
2571
135518
3703
109249
70286
72998
79132
3301
4701
4641
4369
4351
4306
3978
4016
4890
3893
3785
3751
1131
4823
5349
5135
3114
5377
5481
5812
6281
6953
8636
65514
68954
88125
107649
44191
106473
3260
3113
55247
3052
236
246
300
64957
357
377
520
529
661
904
1059
1242
1250
1259
1358
1376
1517
1635
1639
1801
1954
1956
2004
2012
2085
2369
2396
2692
2700
3676
8369
106918
1153
39421
53318
1199
130682
111624
8623
2174
150
146501
757
914
946
100365
45950
37729
186
35957
1172
1197
1209
1211
1232
34162
32892
7478
1260
1272
1273
1955
1281
7155
5984
3707
3176
4388
78349
94777
1900
2361
47465
117533
5909
4911
4467
5608
6016
40148
47099
2968
62849
77455
4322
1028
1088
1997
2942
6863
6942
8533
45720
59725
63131
64969
74458
67997
5
924
8528
61024
76251
78209
2641
2359
80551
2082
104841
69640
8972
7458
5445
741
1274
3809
52319
2924
2997
3265
3996
4993
5782
5902
5952
6350
6539
6857
7022
7090
2502
36401
8865
6754
4069
5219
5507
7373
8861
8928
27904
34405
48394
60684
63992
66097
66934
3300
3275
69526
69712
71057
46970
47640
6985
7361
44555
3030
5618
5971
82461
104283
3257
7153
7844
8795
46578
68358
1572
95441
97938
106696
109374
118997
54290
40614
111
247
6683
1080
4612
1219
1256
4189
2288
2529
3546
5662
6713
8188
27592
48711
30745
31658
52885
58559
56367
34321
8874
6986
8961
26554
26585
31878
33794
1721
48780
4721
7376
31221
32025
35836
47
4995
232
4226
1176
1704
1265
1258
2424
3948
4018
4973
5299
7161
8464
27255
26662
93040
599
1935
90439
97673
97304
96832
96811
96728
96610
96588
96417
95761
95558
95449
95135
94969
94959
94931
91077
90866
97752
97921
97923
103107
105504
105355
105197
103688
103624
103449
103372
102469
98154
102194
101895
101525
101285
99149
99114
98961
90531
90376
106766
90057
1942
80489
80463
79242
78653
78574
78039
74545
74324
73023
72741
72720
72395
72226
72176
72131
72011
81591
81786
81845
88129
89804
89759
89492
89470
89260
88810
88235
87304
81932
86833
86320
85394
83976
82463
82459
82313
106100
106916
71464
128606
142488
141749
140725
140715
140174
139642
139385
137337
134881
134859
134130
133771
133645
132800
132549
132547
132458
143385
144172
146656
163949
111931
82152
66203
47044
138610
164979
164977
163056
148482
161582
161336
160954
158783
156387
155064
148626
131796
128512
106920
128360
114254
113064
112852
112556
112552
112550
112515
112290
112183
112070
111622
111505
111251
111249
110871
107636
107141
114342
114459
114662
123663
128235
127212
127206
127144
127114
127108
123695
122882
115139
118880
118700
117176
116797
116161
115713
115569
71745
81562
71108
8207
25805
8767
8766
8765
8751
8645
8584
8494
8236
8195
6830
8154
8128
7926
7792
7438
7335
7195
6983
6981
25927
26150
26151
26366
47629
47423
70293
47274
46723
46664
45210
45028
42217
41997
41863
41585
40819
40629
39183
38304
37741
34517
31770
6874
6783
48696
3089
3679
3671
3634
3632
3539
3498
3415
3384
3111
2927
6643
2920
2857
2747
2730
2202
2182
2178
2109
1957
3742
3789
3811
3947
6515
6433
6229
5956
5795
5791
5747
5464
5289
5198
5169
4928
4763
4712
4437
4327
4326
4262
4103
48516
339
54286
58879
52281
57669
56805
56788
56782
56607
56286
56152
56015
55946
52579
52967
53000
53123
53894
53953
54272
55442
55363
54513
54881
55052
55063
55069
55280
55276
55118
55253
58191
60069
60766
69481
48738
67665
67429
48774
67255
67087
49824
49917
50068
66665
64839
51540
64701
64622
64620
64614
63876
63082
61357
61323
61240
52241
61236
55269
115617
134853
3882
37733
55820
6218
3949
608
78499
4011
5064
1291
745
3994
52973
1103
104
4041
6287
587
5449
350
628
1
1036
44199
4638
2329
494
780
153
1617
2273
2600
4223
2985
2989
3160
3175
3499
3916
8781
7347
5602
4023
434
