47
1120
1042
50
4121
1610
1200
858
593
608
26614
318
52973
4041
350
1103
3793
3809
55820
5608
3361
3882
37733
2959
2288
88125
1079
4973
1704
27773
4226
27592
8928
1258
109249
111384
46578
1219
109374
121231
1
2571
130682
4995
1732
48394
2529
1061
78499
1997
79132
48780
62849
66097
74458
132046
134853
115617
27611
1176
135518
70286
72998
1210
109487
260
1059
53318
541
904
6016
146501
1250
757
661
628
587
1242
1259
914
1358
1376
1517
1635
1639
1801
1954
1956
2004
2012
2085
2369
2396
529
377
520
1211
1283
6287
6713
1281
8188
1273
1272
1260
30745
31658
52885
1232
58559
1209
2700
1197
67997
5
186
236
246
300
1172
337
1153
954
946
357
2692
3113
3052
5812
2942
6953
8636
65514
68954
1088
107649
3703
44191
106473
3676
5449
55247
106918
8369
78349
1028
94777
1900
4322
77455
2361
117533
60072
47099
778
2542
6281
5481
40148
5662
3260
39421
3751
3785
3893
3978
4016
7155
5984
4306
4351
4369
4641
3707
3176
64969
63131
59725
45720
8533
4701
4823
4890
6942
5135
5349
6863
5377
34321
3546
3301
27904
8861
7373
5507
5219
4069
3300
1729
3275
3257
2641
2359
80551
2082
34405
60684
63992
66934
68157
68319
69526
69712
71057
46970
47640
6985
7361
44555
3030
5618
5971
104841
69640
8972
4467
1955
7478
32892
34162
35957
37729
45950
100365
2174
8623
107999
111624
1199
2968
4911
7458
5909
47465
296
4388
1131
64957
48711
4189
4612
6683
6986
27255
52319
5445
82461
104283
6754
26662
122886
4721
7376
31221
32025
35836
232
1265
2068
3948
4018
5299
7161
8464
1935
33794
56367
68358
93040
95441
97938
106696
118997
54290
40614
111
247
1080
1089
1256
1721
31878
8865
3996
36401
104
2502
8528
61024
76251
78209
741
924
1274
2019
2924
2997
3265
4993
26585
5782
5902
5952
6350
6539
6857
7022
7090
7153
7844
8795
8874
8961
26554
1572
599
1942
97673
96832
96811
96728
96610
96588
96417
95761
95558
95449
95135
94969
94959
94931
91077
90866
90531
90439
97304
97752
106100
97921
105355
105197
103688
103624
103449
103372
103107
102469
102194
101895
101525
101285
99149
99114
98961
98154
97923
90376
90057
89804
89759
80463
79242
78653
78574
1957
74545
74324
73023
72741
72720
72395
72226
72176
72131
72011
71745
71464
80489
81562
81591
86833
89492
89470
89260
88810
88235
88129
87304
86320
81786
85394
83976
82463
82459
82313
81932
81845
105504
106766
70293
143385
141749
140725
140715
140174
139642
139385
137337
134881
134859
134130
133771
133645
132800
132549
132547
132458
131796
142488
144172
106916
146656
111931
82152
66203
47044
138610
164979
164977
163949
163056
161582
161336
160954
158783
156387
155064
148626
148482
128606
128512
128360
128235
113064
112852
112556
112552
112550
112515
112290
112183
112070
111622
111505
111251
111249
110871
107636
107141
106920
114254
114342
114459
122882
127212
127206
127144
127114
127108
123695
123663
118880
114662
118700
117176
116797
116161
115713
115569
115139
71108
78039
69481
8751
8584
8494
8236
8207
8195
8154
8128
8125
7926
7792
7438
7335
7243
7195
6983
6981
6874
6830
6783
8645
8765
6515
8766
45210
67665
42217
41997
41863
41585
40819
40629
39183
38304
37741
34517
31770
26366
26151
26150
25927
25805
8767
6643
6433
46723
3671
3632
3629
3539
3498
3415
3384
3111
3089
3022
2936
2927
2920
2857
2747
2730
2202
2182
2178
2109
3634
3679
6229
3742
5956
5795
5791
5747
5464
5289
5198
5169
4928
4763
4712
4437
4327
4326
4262
4103
3947
3811
3789
46664
45028
54513
55269
56607
56286
56152
56015
55946
55442
55363
55280
55276
55253
53000
55118
55069
55063
55052
54881
54286
54272
53953
53894
56782
56788
56805
57669
67429
67255
67087
66665
64839
64701
64622
64620
64614
63876
63082
61357
61323
61240
61236
60766
60069
58879
58191
53123
339
52967
47274
52281
52241
51540
48696
50068
49917
52579
48516
47629
47423
48774
49824
48738
2424
3114
3949
6218
4011
1291
5064
150
745
293
3994
1036
44199
215
2028
780
494
153
2600
3499
3160
8781
7347
5602
4638
4223
4023
3916
3175
434
2989
2985
2329
2273
1617
319
2677
2330
1245
588
3246
364
306
