4993
8795
5952
7153
2019
3114
260
4306
1
318
78499
2571
26614
5445
2997
50
150
134853
4973
106473
93040
132046
7361
26554
3361
3978
3260
5902
2424
79132
608
1210
745
924
27611
111384
3809
109249
121231
5782
135518
2959
111624
4995
1061
1079
1704
70286
588
2677
364
319
306
2330
3246
1245
2028
72998
27773
5971
109487
296
122886
8928
4226
62849
2396
1080
593
529
5377
5349
858
1042
1120
1200
1610
4121
3751
1259
2359
5608
109374
1729
778
107999
3703
1732
2542
2529
6942
3629
7243
1283
215
48780
52973
1103
4041
350
40148
68319
47
8125
541
3022
954
3793
1219
74458
4890
67997
64957
293
2936
55820
3882
37733
232
1089
68157
115617
1258
1176
60684
55247
1265
4351
4369
1281
1572
4641
4701
47099
2202
4016
2012
1376
1517
1635
1639
1801
1954
1956
2004
2085
1935
2369
2692
2700
3113
2182
1942
3785
3893
4823
757
1260
1028
3176
59725
45720
8533
106918
2942
1997
1088
4322
1232
1358
78349
1900
2361
117533
77455
60072
6016
3707
5984
5449
7155
5135
1209
1153
5481
5812
946
6281
914
6953
146501
8636
88125
107649
44191
53318
39421
3676
8369
54290
1250
82461
69640
104841
2082
80551
2641
3257
3275
3300
3301
4069
5219
5507
7373
8861
27904
34405
63992
66097
69526
69712
71057
47640
6985
44555
3030
8972
7458
52319
1199
1955
7478
32892
34162
35957
37729
45950
100365
2174
8623
130682
2968
27255
4467
4911
5909
47465
4388
1131
48711
4189
4612
6683
6986
5618
104283
1242
6754
1256
2288
3546
5662
6287
6713
8188
27592
30745
31658
52885
58559
5
186
236
246
300
337
377
520
587
628
661
904
1059
247
111
40614
33794
8865
36401
104
8528
61024
76251
78209
741
1274
6857
8961
1721
2857
4721
7376
31221
32025
3948
8464
26662
68358
95441
97938
106696
2747
599
2920
90531
97752
97673
97304
96832
96811
96728
96610
96588
96417
95761
95558
95449
95135
94969
94959
94931
91077
97921
97923
98154
103372
106100
105504
105355
105197
103688
103624
103449
103107
98961
102469
102194
101895
101525
101285
99149
99114
90866
90439
72011
90376
81786
81591
81562
80489
80463
79242
78653
78574
78039
74545
74324
73023
72741
72720
72395
72226
72176
81845
81932
2927
88235
90057
89804
89759
89492
89470
89260
88810
88129
82313
87304
86833
86320
85394
83976
82463
82459
106766
106916
106920
107141
142488
141749
140725
140715
140174
139642
139385
137337
134881
134859
134130
133771
133645
132800
132549
132547
132458
143385
144172
146656
163949
111931
82152
66203
47044
138610
164979
164977
163056
148482
161582
161336
160954
158783
156387
155064
148626
131796
128606
128512
112290
114254
113064
112852
112556
112552
112550
112515
112183
114459
112070
111622
111505
111251
111249
110871
107636
114342
114662
128360
123663
128235
127212
127206
127144
127114
127108
123695
122882
115139
118880
118700
117176
116797
116161
115713
115569
72131
339
71745
54286
47423
47629
48516
48696
48738
6643
48774
6515
71464
49824
49917
6433
51540
52241
52579
5956
5795
5289
5169
4763
4327
52967
53000
7335
3789
3742
53123
53894
53953
6783
46723
46664
25805
6983
7926
8154
8195
6981
8236
8494
8584
6830
8751
8765
8766
8767
25927
45210
26150
26151
31770
34517
37741
38304
39183
40629
40819
41585
41863
42217
45028
54272
7195
56607
55253
55269
55276
64614
3634
3632
3539
55946
56015
56152
56286
63876
56782
56788
56805
57669
58191
58879
60069
60766
3415
3089
61323
61357
64620
63082
67665
64839
55063
69481
67429
55052
54881
67087
54513
66665
67255
55118
64701
64622
70293
71108
66934
6350
56367
4018
6863
46578
6539
64969
2068
8874
94777
46970
35836
65514
118997
34321
63131
48394
31878
4011
3949
68954
26585
6218
1291
8128
1172
3111
3811
1197
3679
4103
4262
1273
4326
7090
7844
5198
5747
3996
2924
2502
1957
1211
5064
3994
7022
3265
41997
52281
7161
44199
61240
61236
55069
55442
2730
55363
5299
1036
1272
3671
55280
3947
3498
7792
4437
4712
4928
357
7438
2109
5464
5791
3384
6229
50068
47274
26366
8645
6874
8207
2178
8781
3499
7347
2985
153
434
780
1617
2273
2329
2600
2989
5602
3160
3175
3916
4023
4223
4638
494
3052
