5952
7153
4993
8795
2019
3260
5902
3978
924
56367
1265
4306
1291
6539
587
3789
1
4327
8961
8154
8972
8636
1376
904
5349
1209
914
8623
2857
5
150
4995
318
2174
111624
3634
78499
599
4973
8874
5299
7161
69640
3916
2989
3160
3175
3499
2273
2600
8781
7347
5602
4638
2985
4223
2329
4023
1617
780
494
153
434
31878
3809
53123
53000
55269
56782
53894
52241
54272
56788
54286
54513
56607
56805
56152
55276
54881
55052
51540
55118
55253
56286
52967
34321
5971
115617
1704
79132
55247
3114
118997
4011
35836
44199
60684
134853
3361
1036
107649
3994
745
6218
5064
109374
3949
55820
66934
2529
111384
112552
27773
121231
48780
293
63131
62849
1061
1088
4226
105504
106696
74458
46970
94777
64969
1028
4018
47
2068
1059
1153
1242
1250
1232
1358
1259
1245
1517
1635
1639
1801
1954
1956
4823
319
661
350
306
53318
39421
357
7155
377
520
529
5984
3707
364
3176
4890
588
146501
757
946
628
337
5377
4369
4016
4041
40148
6016
5608
117533
2361
1900
4351
88125
60072
4641
4701
44191
78349
106473
8369
3676
106918
5449
47099
77455
5481
2692
2004
2012
2085
5812
2369
2396
45720
8533
2942
1997
4322
5135
3052
3113
6281
6953
65514
3751
3785
3893
2700
97938
300
2359
3257
3275
3300
3301
3882
4069
5219
5507
7373
8861
8928
27904
34405
37733
66097
68157
69526
69712
71057
47640
6985
44555
3030
5618
82461
2641
80551
246
2082
1955
7478
32892
34162
35957
37729
45950
100365
130682
5909
4388
1131
64957
48711
4189
4612
6683
6986
27255
1258
52319
608
5445
7458
104841
104283
6754
36401
104
68358
95441
1272
54290
40614
111
247
1080
1089
1219
1256
2288
3546
5662
6287
6713
8188
27592
30745
52885
58559
67997
186
215
236
26614
8464
3948
3996
1103
2502
8528
52973
61024
76251
78209
741
1274
2924
3265
6857
1176
7022
7090
7844
26585
33794
4721
7376
31221
32025
50
232
1260
339
78574
118700
74545
78039
122882
1281
78653
79242
80463
80489
81562
81591
81786
81845
81932
118880
82313
74324
82459
82463
117176
83976
85394
86320
86833
87304
88129
88235
88810
89260
89470
89492
123663
73023
89759
67429
61323
61357
63082
127206
63876
64614
64620
64622
127144
64701
64839
66665
67087
67255
67665
72741
69481
70293
71108
71464
127114
71745
72011
72131
127108
123695
72176
72226
72395
72720
116797
89804
128235
105355
114342
114254
101525
113064
101895
102194
112852
102469
103107
103372
103449
103624
103688
105197
106100
101285
106766
106916
106920
107141
107636
112556
110871
112550
111249
111251
111505
111622
112070
112183
114459
114662
90057
96417
116161
90376
115713
90439
90531
90866
91077
94931
94959
94969
95135
95449
95558
95761
115569
99149
96588
96610
96728
96811
96832
115139
97304
97673
97752
97921
97923
98154
98961
99114
112290
127212
60766
144172
4763
4712
4437
141749
142488
143385
146656
6983
148482
3947
148626
3742
155064
3671
4928
5169
140725
5289
140715
140174
139642
5795
5956
6229
6433
139385
6515
6643
6783
6830
137337
3632
156387
3539
2202
111931
82152
1572
66203
47044
1935
138610
1942
164979
164977
2109
2178
163949
2182
2330
3498
2677
2730
2747
2920
2927
163056
161582
3089
161336
160954
3246
158783
3384
3415
60069
6981
132800
49917
7195
42217
45028
45210
46664
46723
47274
47423
47629
48516
48696
48738
48774
49824
132549
41585
132547
52579
53953
55063
132458
131796
128606
128512
55946
56015
128360
57669
58191
58879
41863
112515
40819
40629
134881
7335
134859
7792
7926
134130
133771
8195
8207
8236
8494
8584
133645
8751
8765
38304
8767
25805
25927
26150
26151
8766
39183
26366
31770
34517
37741
6350
6863
72998
70286
46578
109249
3703
135518
2571
68319
109487
27611
107999
122886
132046
3793
26662
2028
1283
7243
3629
1210
2936
2424
4103
3811
4262
4326
5198
5747
8125
3679
8128
3022
541
1957
954
1172
1197
1211
3111
1273
1610
4121
593
858
1042
1120
1200
31658
8865
6942
63992
93040
26554
59725
1732
5782
2997
296
1079
2542
2959
7361
1721
260
48394
68954
1729
778
1199
52281
41997
55442
55069
47465
4911
4467
61236
61240
55363
2968
5464
5791
6874
7438
55280
8645
50068
