5952
7153
4993
8795
2019
3260
5902
3978
319
364
2677
2330
1245
588
3246
306
5
1
8623
1704
4306
3114
357
587
318
2028
924
78499
7161
215
745
4995
150
293
2012
1721
7361
2424
5608
1265
134853
7243
1283
3629
106473
3361
115617
2997
541
8125
954
3022
1219
79132
3949
1176
41997
52281
4226
111384
5782
2936
121231
59725
6942
26554
1061
93040
48394
63992
3809
47
5971
2959
27773
1258
4973
6218
5299
111624
60684
55247
109374
34321
8874
2068
35836
31878
63131
46970
94777
56367
64969
6350
4018
6863
39421
7155
350
186
6016
236
337
5984
3707
3176
246
300
117533
40148
8369
67997
5662
77455
40614
111
247
1080
62849
1256
2288
2529
3546
757
53318
60072
146501
6713
47099
8188
377
30745
31658
52885
58559
27592
661
520
529
1997
54290
4016
4041
1088
4351
78349
4369
4641
4701
4823
4890
5135
5377
5481
5812
6281
6953
8636
65514
68954
88125
107649
3703
44191
70286
3676
3893
3785
3751
4322
45720
628
106918
904
1059
1242
1250
1259
2361
1358
1376
1517
1639
2942
1801
1956
2004
8533
2085
2369
2396
2692
2700
3052
3113
1900
1635
135518
109249
3301
8861
7373
5507
5219
4069
3882
3300
27904
3275
3257
2641
2359
80551
2082
8928
34405
8972
44555
6754
132046
104283
82461
5618
3030
6985
37733
47640
71057
69712
69526
68319
66097
104841
7458
36401
100365
4467
2968
1199
130682
107999
2174
45950
5909
37729
35957
34162
32892
7478
1955
4911
47465
5445
6986
608
52319
109487
48780
260
27255
6683
4388
4612
4189
48711
74458
64957
1131
8865
1103
97938
2924
7844
7090
7022
6857
3996
3265
2571
33794
1274
741
44199
8781
7347
5602
26585
122886
4638
26614
95441
72998
68358
46578
27611
26662
8464
4721
1210
914
50
32025
31221
7376
5064
4223
2502
434
1042
1036
858
780
593
494
153
1200
78209
76251
61024
55820
52973
8528
1120
1291
4121
3175
4023
4011
3994
3916
3793
3499
3160
1610
2989
2985
2600
2329
2273
1617
232
599
946
94959
96610
96588
96417
95761
95558
95449
95135
94969
94931
105197
91077
90866
90531
90439
90376
90057
89804
89759
96728
96811
96832
97304
103624
103449
103372
103107
102469
102194
101895
101525
101285
99149
99114
98961
98154
97923
97921
97752
97673
89492
89470
89260
78574
74545
74324
73023
72741
72720
72395
72226
72176
72131
72011
71745
71464
71108
70293
1153
67665
67429
78039
78653
88810
79242
88235
88129
87304
86833
86320
85394
83976
82463
82459
82313
81932
81845
81786
81591
81562
80489
80463
103688
105355
67087
134859
141749
140725
140715
140174
139642
139385
137337
134881
134130
106100
133771
133645
132800
132549
132547
132458
131796
128606
142488
143385
144172
146656
111931
82152
66203
47044
138610
164979
164977
163949
163056
161582
161336
160954
158783
156387
155064
148626
148482
128512
128360
128235
113064
112556
112552
112550
112515
112290
112183
112070
111622
111505
111251
111249
110871
107636
107141
106920
106916
106766
112852
114254
127212
114342
127206
127144
127114
127108
123695
123663
122882
118880
118700
117176
116797
116161
115713
115569
115139
114662
114459
67255
69481
66665
6983
6874
6830
6783
6643
6515
6433
6229
5956
5795
5791
5747
5464
5289
5198
5169
4928
4763
6981
7195
4437
7335
25805
8767
64839
8766
8765
8751
8645
8584
8494
8236
8207
8195
8154
8128
7926
7792
7438
4712
4327
26150
2747
2202
2182
2178
2109
1957
1942
1935
1572
1281
1273
1272
1260
1232
1211
1209
1197
1172
2730
2857
4326
2920
4262
4103
3947
3811
3789
3742
3679
3671
3634
3632
3539
3498
3415
3384
3111
3089
2927
25927
339
53894
56805
55269
61357
55253
55118
63082
55069
55063
55052
26151
54881
63876
64614
54513
54286
54272
61323
61240
61236
56286
56782
57669
58191
56607
58879
60069
56152
55276
56015
60766
55946
55442
55363
55280
53953
56788
53123
41863
64622
46723
46664
45210
45028
42217
41585
64701
40819
40629
39183
38304
37741
34517
53000
47274
47423
47629
48516
48696
48738
48774
49824
64620
49917
50068
51540
52241
26366
52579
52967
31770
105504
1732
66934
69640
1079
118997
2542
104
6287
8961
5449
68157
1089
6539
1729
778
106696
3948
5349
1954
296
1028
