1210
260
1242
318
745
3114
106473
1079
8125
3022
954
541
1080
924
132046
1250
3361
122886
2936
70286
3629
7243
1283
107999
2028
72998
3260
5902
3978
27611
111384
33794
109487
121231
109249
68319
7153
5952
2571
135518
778
1729
1061
3703
34405
94777
2019
2068
608
2959
27773
3809
79132
2542
1732
4973
296
588
364
3246
306
2677
2330
1245
319
8928
46578
109374
215
628
6713
27592
2004
8188
2012
2085
2369
2396
2692
5662
1956
2700
3052
3113
3546
186
67997
2529
236
1954
661
1259
904
31658
1059
587
30745
52885
529
5
58559
1801
350
1358
337
300
1517
246
1635
1639
520
6281
3751
2942
63131
59725
45720
8533
6942
6863
1997
3785
1088
1028
4322
77455
62849
60072
64969
3176
3707
5984
7155
39421
53318
146501
757
914
946
1153
1209
1232
1260
1272
1281
47099
40148
6016
5812
3893
4016
4041
4306
4351
4369
4641
4701
4823
4890
5135
5349
5377
5481
6953
5608
8636
65514
68954
88125
107649
44191
3676
55247
106918
8369
78349
1900
2361
117533
2288
68358
1256
3030
5219
4069
3882
3301
3300
3275
3257
2641
2359
80551
2082
104841
69640
8972
7458
5507
7373
8861
69526
7361
6985
47640
46970
71057
69712
68157
27904
66934
66097
63992
60684
48394
37733
5445
52319
48780
100365
1199
130682
111624
8623
2174
150
45950
4467
37729
35957
34162
32892
7478
1955
2968
4911
4995
4612
4226
1704
1258
27255
6986
6683
4189
5909
48711
74458
64957
1131
4388
47465
44555
5618
1219
5971
4018
3948
2424
1265
1176
232
50
47
35836
32025
31221
7376
4721
1721
31878
5299
7161
8464
106696
1089
247
111
40614
54290
118997
97938
26614
95441
93040
1935
56367
34321
26662
26554
8961
8874
8528
593
78209
76251
61024
55820
52973
2502
1042
1103
36401
8865
6754
104283
82461
858
1120
8795
3996
7844
7090
6857
6539
6350
4993
2997
1200
2924
1274
741
4121
3793
1610
1572
599
1942
90439
97673
97304
96832
96811
96728
96610
96588
96417
95761
95558
95449
95135
94969
94959
94931
91077
90866
97752
97921
97923
103107
105504
105355
105197
103688
103624
103449
103372
102469
98154
102194
101895
101525
101285
99149
99114
98961
90531
90376
106766
90057
81562
80489
79242
78653
78574
78039
74545
74324
73023
72741
72720
72395
72226
72176
72131
72011
71745
81591
81786
81845
88129
89804
89759
89492
89470
89260
88810
88235
87304
81932
86833
86320
85394
83976
82463
82459
82313
106100
106916
71108
128606
142488
141749
140725
140715
140174
139642
139385
137337
134881
134859
134130
133771
133645
132800
132549
132547
132458
143385
144172
146656
163949
111931
82152
66203
47044
138610
164979
164977
163056
148482
161582
161336
160954
158783
156387
155064
148626
131796
128512
106920
128360
114254
113064
112852
112556
112552
112550
112515
112290
112183
112070
111622
111505
111251
111249
110871
107636
107141
114342
114459
114662
123663
128235
127212
127206
127144
127114
127108
123695
122882
115139
118880
118700
117176
116797
116161
115713
115569
71464
80463
70293
51540
34517
31770
26366
26151
26150
25927
25805
8767
8766
8765
8751
8645
8584
8494
8236
8207
8195
8154
7926
37741
38304
39183
47274
49917
49824
48774
48738
69481
48516
47629
47423
46723
40629
46664
45210
45028
42217
41997
41863
41585
40819
7792
7438
7335
3089
3742
3671
3634
3632
3539
3498
3415
3384
2927
3947
2920
2857
2747
2730
2202
2182
2178
2109
3789
4327
7195
6229
6983
6981
6874
6830
6783
6643
6515
6433
5956
4437
5795
5791
5464
5289
5169
4928
4763
4712
50068
48696
339
56805
58879
58191
53123
53894
53953
54272
54286
54513
54881
57669
55052
55063
56788
55946
56782
55069
55118
56607
56286
55253
56152
55269
55276
56015
55280
55363
60069
55442
60766
64620
52241
67665
67429
67255
52281
52579
52967
67087
66665
64839
64701
61236
64622
64614
63876
63082
53000
61357
61323
61240
293
6218
3949
4011
5064
115617
3994
44199
134853
780
5602
7347
3160
3175
3499
3916
4023
2600
4223
2329
4638
2273
2985
2989
153
1617
494
434
8781
5782
7022
3265
78499
26585
1036
1291
1172
104
1197
1273
1211
1
3111
1957
1376
3811
4103
4262
4326
6287
5198
5449
8128
5747
377
357
3679
