1059
661
5
608
628
1
8623
1061
78499
4041
350
1103
52973
7161
3809
134853
1131
55820
111384
3882
37733
1079
115617
4973
8928
109249
46578
109374
27773
1732
318
1250
3978
3893
3785
1259
3751
3361
3260
1358
3113
3052
2700
1376
1517
1635
1639
2692
1801
2396
1954
2369
1956
2004
2012
2085
377
1242
1219
5662
3546
2529
2288
1729
1256
1089
8188
1080
247
111
40614
54290
118997
6713
27592
904
246
587
529
520
357
337
300
236
30745
215
186
67997
58559
52885
31658
4016
135518
4306
63131
53318
39421
7155
5984
3707
3176
64969
59725
319
45720
8533
6942
6863
2942
1997
1088
306
364
4322
1197
1273
1272
1260
1245
1232
1211
1209
1172
541
1153
954
946
914
757
146501
588
1028
77455
4351
5812
107649
88125
68954
65514
8636
6953
6281
5481
44191
5377
5349
5135
4823
4701
4641
4369
3703
3676
62849
778
60072
47099
40148
6016
5608
2959
2542
117533
55247
2361
1900
94777
78349
70286
8369
106918
4890
34321
106696
2641
5507
5219
4069
3301
3300
3275
3257
2359
121231
80551
2082
104841
69640
8972
7458
5445
7373
8861
27904
34405
44555
7361
6985
47640
46970
71057
69712
69526
68319
68157
66934
66097
63992
60684
48394
52319
109487
97938
150
4467
2968
1199
130682
111624
107999
2174
100365
79132
45950
37729
35957
34162
32892
7478
1955
4911
5909
47465
296
48780
4995
4226
1704
1258
260
27255
6986
6683
4612
4189
48711
74458
64957
4388
3030
5618
5971
122886
50
47
35836
32025
31221
7376
4721
1721
82461
33794
31878
26585
26554
8961
8874
8795
232
1176
1210
1265
95441
93040
72998
68358
56367
1283
27611
26662
26614
8464
5299
4018
3948
2424
2068
7844
7153
7090
3793
1200
1120
1042
858
593
78209
76251
61024
8528
2502
36401
8865
6754
132046
104283
1610
4121
7022
741
6857
6539
6350
5952
5902
5782
4993
3996
3265
2997
2924
2571
2019
1274
924
1281
599
1572
97673
96832
96811
96728
96610
96588
96417
95761
95558
95449
95135
94969
94959
94931
91077
90866
90531
90439
97304
97752
106100
97921
105355
105197
103688
103624
103449
103372
103107
102469
102194
101895
101525
101285
99149
99114
98961
98154
97923
90376
90057
89804
89759
80463
79242
78653
1935
78039
74545
74324
73023
72741
72720
72395
72226
72176
72131
72011
71745
71464
80489
81562
81591
86833
89492
89470
89260
88810
88235
88129
87304
86320
81786
85394
83976
82463
82459
82313
81932
81845
105504
106766
70293
143385
141749
140725
140715
140174
139642
139385
137337
134881
134859
134130
133771
133645
132800
132549
132547
132458
131796
142488
144172
106916
146656
111931
82152
66203
47044
138610
164979
164977
163949
163056
161582
161336
160954
158783
156387
155064
148626
148482
128606
128512
128360
128235
113064
112852
112556
112552
112550
112515
112290
112183
112070
111622
111505
111251
111249
110871
107636
107141
106920
114254
114342
114459
122882
127212
127206
127144
127114
127108
123695
123663
118880
114662
118700
117176
116797
116161
115713
115569
115139
71108
78574
69481
7243
8207
8195
8154
8128
8125
7926
7792
7438
7335
7195
8494
6983
6981
6874
6830
6783
6643
6515
6433
6229
8236
8584
5795
34517
42217
41997
41863
41585
40819
40629
39183
38304
37741
31770
8645
26366
26151
26150
25927
25805
8767
8766
8765
8751
5956
5791
45210
2747
3384
3246
3111
3089
3022
2936
2927
2920
2857
2730
3498
2677
2330
2202
2182
2178
2109
2028
1957
1942
3415
3539
5747
4326
5464
5289
5198
5169
4928
4763
4712
4437
4327
4262
3629
4103
3947
3811
3789
3742
3679
3671
3634
3632
67665
45028
46664
56607
56152
56015
55946
55442
55363
55280
55276
55269
55253
55118
55069
55063
55052
54881
54513
54286
54272
53953
53894
53123
53000
56286
56782
46723
56788
67429
67255
67087
66665
64839
64701
64622
64620
64614
63876
63082
61357
61323
61240
61236
60766
60069
58879
58191
57669
56805
52967
52579
52281
49917
47274
47423
47629
48516
48696
48738
48774
52241
49824
339
51540
50068
106473
3114
293
6218
3949
4011
5064
1291
3994
1036
745
44199
5449
104
6287
8781
494
153
780
434
1617
7347
5602
4223
2273
2329
2600
2985
3160
3175
3499
3916
4023
4638
2989
