1617
2273
7347
5602
4638
4223
4023
3916
3499
3175
3160
2989
2985
2600
2329
8781
780
494
434
153
44199
1036
3994
745
1291
5064
4011
3949
6218
293
661
236
377
628
1059
1242
904
529
587
246
520
300
337
350
357
135518
215
1358
95441
40614
54290
134853
118997
115617
109374
109249
106696
97938
93040
186
72998
68358
56367
46578
34321
27611
26662
26614
8464
111
247
1079
1080
5
67997
58559
52885
31658
30745
27773
27592
8188
6713
6287
5662
3546
2529
2288
1729
1256
1219
1089
1250
1376
5299
778
77455
62849
60072
47099
40148
6016
5608
2959
2542
1
3676
117533
2361
1900
94777
78349
70286
8369
106918
55247
78499
4322
1028
1088
541
364
319
306
53318
39421
7155
5984
3707
3176
64969
63131
59725
45720
8533
6942
6863
2942
1997
5449
106473
1517
2692
3893
3785
3751
3361
3260
3114
3113
3052
2700
2396
44191
2369
2085
2012
2004
1956
1954
1801
1639
1635
3978
4016
4041
4306
3703
107649
88125
68954
65514
8636
6953
6281
5812
5481
5377
5349
5135
4890
4823
4701
4641
4369
4351
7161
31221
4973
2082
3275
3257
2641
2359
1732
1061
80551
104841
3301
69640
8972
7458
5445
608
52319
121231
3300
3809
4018
37733
68319
68157
66934
66097
63992
60684
48394
34405
3882
27904
8928
8861
7373
5507
5219
4069
109487
79132
48780
150
2968
1199
130682
111624
107999
8623
2174
100365
4995
45950
37729
35957
34162
32892
7478
1955
4467
4911
5909
47465
4226
1704
1258
260
27255
6986
6683
4612
4189
48711
74458
64957
1131
4388
296
69526
69712
71057
7090
26585
26554
8961
8874
8795
7844
7153
7022
3265
6857
6539
6350
5952
5902
5782
4993
31878
33794
1721
122886
3948
2424
2068
1265
1210
1176
318
232
50
47
35836
32025
146501
7376
4721
3996
2997
46970
104283
2502
1103
104
36401
8865
6754
132046
82461
2924
5971
5618
3030
44555
7361
6985
47640
8528
52973
55820
61024
2571
2019
1274
924
741
4121
3793
1610
1200
1120
1042
858
593
78209
76251
588
599
757
94959
96610
96588
96417
95761
95558
95449
95135
94969
94931
96811
91077
90866
90531
90439
90376
90057
89804
89759
96728
96832
914
101525
103688
103624
103449
103372
103107
102469
102194
101895
101285
97304
99149
99114
98961
98154
97923
97921
97752
97673
89492
89470
89260
72131
74545
74324
73023
72741
72720
72395
72226
72176
72011
88810
71745
71464
71108
70293
69481
67665
67429
67255
78039
78574
78653
79242
88235
88129
87304
86833
86320
85394
83976
82463
82459
82313
81932
81845
81786
81591
81562
80489
80463
105197
105355
105504
134881
142488
141749
140725
140715
140174
139642
139385
137337
134859
128512
134130
133771
133645
132800
132549
132547
132458
131796
143385
144172
146656
148482
111931
111384
82152
66203
47044
138610
164979
164977
163949
163056
161582
161336
160954
158783
156387
155064
148626
128606
128360
106100
111622
112852
112556
112552
112550
112515
112290
112183
112070
111505
128235
111251
111249
110871
107636
107141
106920
106916
106766
113064
114254
114342
114459
127212
127206
127144
127114
127108
123695
123663
122882
118880
118700
117176
116797
116161
115713
115569
115139
114662
67087
66665
64839
5464
6643
6515
6433
6229
5956
5795
5791
5289
6830
5169
4928
4763
4712
4437
4327
3947
6783
6874
8766
8154
8751
8645
8584
8494
64701
8207
8195
8125
6981
7926
7792
7438
7335
7243
7195
6983
3789
3742
3671
1281
2178
2109
2028
1942
1935
1572
1283
1272
3634
1260
1245
1232
1209
1153
954
946
2182
2202
2330
2677
3632
3629
3539
3498
3415
3384
3246
3089
3022
2936
2927
2920
2857
2747
2730
8765
8236
8767
53000
56015
55946
55442
55363
55280
55276
55269
55253
55118
55069
55063
55052
54881
54513
54286
54272
53953
56152
56286
56607
61240
64622
64620
64614
63876
63082
61357
61323
61236
56782
60766
60069
58879
58191
57669
56805
56788
53123
53894
46664
47423
46723
45210
45028
42217
41997
41863
41585
40819
40629
39183
38304
37741
34517
31770
26366
26151
26150
25927
25805
47274
339
47629
49824
52281
52241
48516
51540
50068
49917
52579
52967
48774
48738
48696
1211
1197
3811
1259
4326
1172
8128
3679
1273
5198
1957
5747
3111
4103
4262
