55820
2959
54513
51540
52241
52967
53000
53123
53894
54272
54286
56782
56788
55052
55118
55253
55269
55276
56152
56286
56607
54881
56805
55442
55069
4226
778
1729
296
122882
134859
56367
5608
4121
1610
1200
858
1120
1042
593
127114
143385
115713
146656
148626
141749
142488
139385
140174
128606
133645
134881
137337
128360
134130
61236
61240
64839
103624
67429
105197
101895
64622
107141
106920
106916
106766
106100
64701
102194
64620
103372
103107
105355
64614
63876
63082
61357
61323
60766
60069
58879
58191
57669
97673
55063
7243
1283
3629
1258
608
8125
3022
541
954
47
2028
68954
1079
2542
127108
3949
50
26614
1172
1197
1211
1957
8128
4103
4326
3111
3679
3811
5198
1273
5747
4262
318
79132
55363
80489
81845
81591
81932
81562
74545
80463
78574
78039
82463
74324
67255
82459
79242
41997
52281
4041
350
1103
52973
4011
2936
55247
1219
78499
1704
48394
2529
48780
1732
50068
6874
7438
5791
8645
5464
55280
4995
62849
77455
81786
2692
114254
113064
133771
112550
128512
114459
94969
111505
4763
110871
161336
7926
53953
127206
132800
111249
52579
101285
102469
757
3793
4973
1089
293
924
27773
74458
2361
61024
134853
3809
67665
111624
37733
3882
2730
2920
3634
2288
89470
89492
89759
7844
3996
88129
91077
90866
88810
89804
90531
90057
7090
89260
90376
88235
83976
1
58559
5445
90439
2924
104841
85394
86320
86833
87304
7361
44191
3361
68157
105504
109487
88125
44199
49917
47629
41863
45028
49824
45210
48774
46723
48738
48696
48516
47423
101525
95449
96588
96728
97304
96811
99149
97752
97921
97923
98154
98961
99114
95558
94931
95135
94959
27592
31878
40148
109249
111
8928
93040
2571
2997
60684
33794
150
306
3246
319
364
588
2677
2330
1245
3260
3978
5902
111384
96832
96610
121231
53318
65514
1199
1265
44555
1061
78349
47099
26554
52319
215
2989
4023
8781
153
5602
434
4638
4223
494
780
1617
2985
2273
3916
2329
3499
3175
2600
3160
7347
66097
106918
66665
73023
71464
69481
72226
70293
71745
72395
72720
71108
72131
78653
72011
67087
5971
130682
115617
69712
46578
1997
1291
5064
1176
3265
7022
66934
6942
2174
67997
1088
377
529
587
628
337
357
520
31658
8464
300
30745
5
8188
186
6713
6287
236
246
5662
95441
54290
247
1080
26662
52885
1256
599
3948
32025
3257
2359
80551
2082
8972
27255
6986
6683
4612
4189
48711
1131
4388
47465
5909
4911
4467
2968
8623
100365
45950
37729
35957
34162
32892
7478
1955
3275
3300
3301
36401
31221
7376
4721
1721
6857
1274
741
78209
76251
8528
2502
104
8865
4069
6754
104283
5618
3030
6985
47640
71057
63992
27904
904
5507
5219
661
339
1059
26366
6433
6515
6643
6783
6830
6981
6983
7195
7335
7792
8154
8195
8207
8236
8494
8584
8751
8765
8766
8767
25805
25927
26150
6229
5956
5795
3498
2109
2178
2182
2202
2747
2857
2927
3089
3384
3415
3539
5289
1242
3671
3742
3789
3947
4327
4437
4712
4928
5169
26151
31770
1935
34517
131796
132458
132547
132549
139642
140715
140725
144172
148482
155064
156387
158783
160954
161582
163056
163949
164977
164979
138610
47044
66203
82152
111931
128235
127212
127144
56015
37741
38304
39183
40629
40819
41585
42217
46664
47274
55946
72176
123695
72741
82313
95761
96417
103449
103688
107636
112070
115139
123663
1942
3632
1572
4369
8533
2396
6953
4322
60072
6016
2700
3052
3113
1900
3785
3893
4016
4351
8369
2369
5449
4641
3676
4701
4823
4890
5135
5377
5481
107649
1281
5812
8636
6281
45720
2942
59725
7155
1272
1260
1250
1232
1209
1153
946
1259
914
1358
146501
1376
1517
2085
39421
1954
5984
2012
1635
3707
1639
2004
1956
3176
1801
2424
35836
118997
34321
6218
1028
232
106696
5782
64957
64969
46970
5299
6350
135518
106473
63131
3546
8874
3751
8861
745
7161
27611
2068
3114
1036
69640
97938
94777
26585
3703
122886
109374
132046
6863
6539
70286
34405
5349
68358
4306
7373
2641
69526
4018
107999
5952
7153
260
82461
1210
2019
112552
117533
3994
7458
8795
4993
40614
118880
118700
112515
72998
8961
68319
111251
114342
116797
116161
115569
114662
112290
112852
112556
112183
111622
117176
