2959
2677
2330
306
319
364
588
1245
3246
95135
94931
94959
101525
97752
99114
98961
98154
97923
97921
95449
97304
96811
96728
96588
99149
95558
78039
81932
80463
79242
78574
74545
74324
67255
82463
82459
80489
81845
81562
81591
115569
116161
117176
114662
114342
112852
112556
116797
112290
112183
111622
78499
61236
61240
139385
148626
143385
146656
140174
141749
115713
133645
134881
142488
128606
128360
127114
137337
134130
64839
61357
61323
64622
58879
60766
55063
60069
67429
63082
64701
64614
63876
64620
58191
57669
2028
112515
118880
118700
4011
74458
293
122882
134859
96610
96832
111251
215
3265
7022
4226
127108
44199
2924
7844
3996
7090
47
48780
7153
5952
1200
4121
1042
1120
858
1610
593
778
1729
8795
4993
79132
1036
27773
2529
1197
3811
4103
4326
1957
4262
3111
5198
1273
5747
8128
1211
1172
3679
2542
106916
106100
105197
101895
102194
103107
107141
103372
103624
106920
106766
97673
105355
55442
55069
77455
2600
2985
1617
3499
2989
3175
3160
2329
2273
4023
494
8781
7347
5602
4638
4223
434
780
153
3916
112552
62849
97938
296
5782
45210
45028
41863
46723
48516
47423
47629
48696
48738
48774
49824
49917
3949
4995
65514
109374
1291
52281
41997
55363
2019
6874
5791
7438
5464
50068
8645
55280
5608
67665
1
134853
72131
78653
72720
72395
72226
73023
72011
71745
71464
71108
70293
66665
69481
67087
745
1258
48394
31878
50
26614
26585
117533
1210
1704
7243
1283
3629
1274
741
104283
52885
6857
1199
61024
1079
4467
53000
55253
55276
52967
54272
52241
51540
54286
54513
54881
55052
55118
53123
55269
53894
56286
56607
56782
56788
56152
56805
1732
5064
318
105504
109487
107999
2997
7361
2692
541
954
3022
8125
2288
1089
3994
5902
3260
3978
122886
3793
88125
6016
58559
4369
70286
44555
47099
68954
260
2968
55820
1219
93040
40148
2571
5618
53318
2936
111384
68157
106473
55247
81786
76251
246
2502
904
1080
1954
628
104841
1061
26554
44191
111249
114254
110871
53953
111505
112550
113064
133771
114459
127206
52579
132800
757
161336
7926
4763
128512
94969
101285
102469
3809
72998
67997
26662
247
27592
46578
132046
1997
60684
56367
2174
608
132547
103688
8494
5956
95761
96417
103449
64957
4973
3361
88235
88129
88810
87304
86320
85394
83976
89260
86833
89470
90531
90057
90439
90866
89492
89759
90376
89804
91077
123663
4641
4351
4306
2004
3539
2747
164979
520
112070
300
72741
8584
107636
55946
123695
139642
5349
72176
140725
3948
148482
132549
1358
132458
140715
82313
131796
128235
127212
34517
95441
127144
164977
78349
2920
3634
3114
37733
2361
1250
6539
66097
130682
135518
69640
34405
599
1265
2730
6350
3546
8928
1281
121231
8874
111
5971
109249
232
27904
924
106918
111624
1131
94777
1176
3030
107649
52319
1088
2396
106696
3300
8636
6953
68358
2082
3275
6754
1517
1242
1639
1259
1059
2700
337
52973
1103
350
4041
68319
1028
47465
4911
69712
66934
40614
7373
8195
4612
8236
36401
8865
8751
8765
7478
8766
8154
6983
7335
1955
2927
3089
1376
3632
3742
3789
4327
5169
5289
7195
5795
6433
6515
6643
6783
6830
6981
35957
32892
25927
8767
48711
41585
163056
42217
161582
160954
46664
56015
115139
25805
144172
155064
156387
158783
27255
6986
6683
5909
163949
138610
80551
6985
4189
37729
45950
26150
100365
26151
31770
111931
82152
3301
66203
47044
2857
2359
3257
3415
2202
2182
1256
5135
5377
5812
3676
8464
8369
45720
1900
4322
32025
31221
7376
4721
4016
3893
5662
6713
8188
30745
31658
186
2369
2085
357
529
587
1956
661
1801
1635
8533
339
1942
1572
1935
1260
1232
1209
146501
1153
946
5984
914
3176
115617
2942
150
3707
2641
60072
39421
3703
69526
82461
7155
8861
118997
4437
1272
8207
47274
3947
3384
6229
3671
26366
2109
4928
7792
2178
4712
3498
6218
33794
34321
8528
8972
8961
4701
4823
3052
5445
6281
34162
5219
71057
78209
377
47640
27611
4890
64969
35836
7458
236
6942
2012
8623
5
2068
6863
4388
63131
3785
3113
4018
5299
5481
46970
3751
3882
59725
40629
39183
38304
4069
5507
37741
40819
7161
6287
104
5449
63992
2424
54290
1721
