1210
260
2571
2396
3384
47274
26366
8207
7792
6229
4928
4712
4437
3947
3498
3671
1272
2028
2109
2178
1283
3629
7243
2730
132046
8125
3022
954
541
319
2330
306
2677
588
364
3246
1245
4890
41997
52281
2936
27611
70286
72998
79132
135518
1250
215
48394
122886
109487
107999
293
68319
3703
34405
94777
2019
2068
134853
109249
115617
5349
4701
4369
4823
4351
121231
5135
4306
4041
4641
5812
5377
48780
5481
3978
6281
6953
8636
65514
68954
88125
107649
44191
106473
27255
3676
4016
3751
3893
904
1635
1517
1376
1358
1259
1242
661
52319
628
587
529
520
377
357
1639
1801
1956
2004
2012
5445
2085
2369
608
2692
3052
3113
3114
3260
3361
106918
3785
55247
4612
6986
4467
2174
8623
111624
130682
1199
2968
4911
150
53318
5909
39421
47465
7155
5984
146501
100365
8369
1153
1211
1955
1209
1197
7478
1172
32892
45950
946
34162
35957
37729
914
757
296
3707
3176
1
47099
48711
40148
6016
2542
778
117533
64969
2361
1900
4189
78349
337
6683
60072
62849
77455
78499
4322
1028
1088
74458
1997
64957
1131
2942
6863
8533
45720
4388
63131
350
80551
300
55820
1042
858
593
78209
76251
61024
52973
104283
8528
2502
1103
36401
8865
6754
1120
1200
1610
3793
4121
741
924
1274
104841
2924
2997
3265
3996
4993
5782
5902
5952
2082
82461
246
3809
8861
7373
5507
5219
4069
3882
3301
5971
3300
3275
3257
2641
2359
1732
8928
27904
37733
60684
66097
66934
68157
69526
69712
71057
46970
47640
6985
7361
44555
3030
5618
6350
6539
6857
54290
1256
1089
1079
247
111
40614
1232
7022
118997
109374
106696
97938
95441
93040
1729
2288
2529
3546
5662
6713
8188
27592
27773
30745
31658
52885
58559
67997
5
1061
236
7458
68358
56367
35836
7090
7153
7844
8795
8874
8961
26554
26585
31878
33794
4721
7376
31221
32025
50
46578
232
318
69640
1265
3948
4018
4973
5299
7161
8464
26614
26662
8972
34321
186
599
1260
96811
98154
97923
97921
97752
97673
97304
96832
96728
99114
96610
96588
96417
95761
95558
95449
95135
98961
99149
107636
103688
106920
106916
106766
106100
105504
105355
105197
103624
101285
103449
103372
103107
102469
102194
101895
101525
94969
94959
94931
80489
1273
82313
81932
81845
81786
81591
81562
80463
91077
79242
78653
78574
78039
74545
74324
73023
82463
83976
85394
86320
90866
90531
90439
90376
90057
89804
89759
89492
89470
89260
88810
88235
88129
87304
86833
107141
110871
72720
139385
143385
142488
141749
140725
140715
140174
139642
137337
146656
134881
134859
134130
133771
133645
132800
132549
144172
148482
111249
164977
111931
111384
82152
66203
47044
138610
164979
163949
148626
163056
161582
161336
160954
158783
156387
155064
132547
132458
131796
112552
114662
114459
114342
114254
113064
112852
112556
112550
128606
112515
112290
112183
112070
111622
111505
111251
115139
115569
115713
116161
128512
128360
128235
127212
127206
127144
127114
127108
123695
123663
122882
118880
118700
117176
116797
72741
82459
72395
39183
37741
34517
31770
26151
26150
25927
25805
8767
8766
8765
8751
8645
8584
8494
8236
8195
8154
8128
7926
38304
40629
53000
40819
52579
52241
72226
50068
49917
49824
48774
48738
48696
48516
47629
47423
46723
46664
45210
45028
42217
41863
41585
7438
7335
7195
6983
3742
3679
3634
3632
3539
3415
3111
3089
2927
2920
2857
2747
2202
2182
1957
1942
1935
1572
1281
3789
3811
4103
5795
6981
6874
6830
6783
6643
6515
6433
5956
5791
4262
5747
5464
5289
5198
5169
4763
4327
4326
52967
51540
55946
55118
61240
61236
60766
60069
58879
58191
57669
56805
56788
56782
56607
56286
56152
56015
55442
55363
55280
55276
55269
61323
61357
63082
67665
72176
72131
72011
71745
71464
71108
70293
69481
67429
63876
67255
67087
66665
64839
64701
64622
64620
64614
55253
339
55069
53894
54272
54881
54513
53953
55052
54286
55063
53123
1258
47
4226
1176
1219
2959
6218
5608
4011
5064
1291
4995
745
3994
1036
3949
44199
1617
2700
104
2329
780
494
153
2273
434
2600
3499
5449
8781
7347
5602
4638
4223
4023
3916
1704
3175
3160
1059
6287
2989
2985
63992
6942
2424
59725
1080
1954
1721
