7153
5952
4993
8795
2019
2692
3978
5902
3260
4226
924
2571
7361
2109
6229
4712
1272
3384
4928
4437
2178
3947
7792
8207
3671
26366
47274
3498
260
2997
5782
33794
2730
1219
5608
2959
1291
79132
132046
48780
4973
93040
26554
8125
904
377
541
954
2502
5445
3022
1259
318
3949
2936
26585
94777
3629
1283
7243
27611
1089
109487
1704
1036
47
2028
1265
2529
3265
7022
135518
4011
1210
70286
72998
62849
74458
1172
4262
5198
1197
1211
3948
3111
4306
4326
1273
4103
3811
2012
3679
5747
1957
8128
2174
3809
1258
27773
3361
111624
109249
4995
5299
8874
1079
5971
2068
31878
778
1729
111384
6218
121231
34321
118997
1061
122886
6350
109374
56367
35836
1732
8928
107999
6539
107649
2542
46578
68319
6863
112552
3703
64957
296
66934
1088
60684
55247
3499
3175
4023
3160
4223
4638
2989
2985
2600
2329
5602
7347
8781
2273
1617
780
494
434
153
3916
63131
7161
46970
608
44199
64969
3994
745
4018
5064
293
5984
39421
3893
1954
1801
4016
3176
3785
8369
1639
1635
4351
1956
2361
2004
3113
2085
2369
117533
3751
78349
2396
7155
2700
3707
4369
3052
44191
5135
106918
4641
77455
106473
4322
1028
60072
47099
1997
3676
1900
68954
65514
8636
6953
6281
5812
2942
5481
8533
5377
5349
45720
40148
6016
4890
4823
4701
5449
88125
8464
1250
27904
80551
2359
2641
3257
3275
3300
3301
4069
5219
5507
7373
8861
34405
104841
48394
66097
68157
69526
69712
71057
47640
6985
44555
3030
5618
82461
2082
69640
6754
4467
1955
7478
32892
34162
35957
37729
45950
100365
8623
130682
1199
2968
4911
8972
5909
47465
4388
1131
48711
4189
4612
6683
6986
27255
52319
7458
104283
8865
1242
58559
247
1256
2288
3546
5662
6287
6713
8188
27592
30745
31658
52885
67997
40614
5
186
215
246
300
337
357
529
587
628
661
1059
111
54290
36401
8961
104
8528
61024
76251
78209
741
1274
2924
3996
6857
7090
7844
4721
106696
7376
31221
32025
50
232
1176
306
26614
26662
68358
95441
97938
53318
599
319
106766
97673
97304
96832
96811
96728
96610
96588
96417
95761
95558
95449
95135
94969
94959
94931
91077
90866
97752
97921
97923
103107
105504
105355
105197
103688
103624
103449
103372
102469
98154
102194
101895
101525
101285
99149
99114
98961
90531
90439
90376
74545
81562
80489
80463
79242
78653
78574
78039
74324
81786
73023
364
72720
72395
72226
72176
72131
81591
81845
90057
88129
89804
89759
89492
89470
89260
88810
88235
87304
81932
86833
86320
85394
83976
82463
82459
82313
106100
106916
71745
106920
142488
141749
140725
140715
140174
139642
139385
137337
134881
134859
134130
133771
133645
132800
132549
132547
132458
143385
144172
146656
163949
111931
82152
66203
47044
138610
164979
164977
163056
148482
161582
161336
160954
158783
156387
155064
148626
131796
128606
128512
112183
114254
113064
112852
112556
112550
112515
112290
112070
114459
111622
111505
111251
111249
110871
107636
107141
114342
114662
128360
123663
128235
127212
127206
127144
127114
127108
123695
122882
115139
118880
118700
117176
116797
116161
115713
115569
72011
72741
71464
6515
8765
8751
8645
8584
8494
8236
8195
8154
7926
7438
7335
7195
6983
6981
6874
6830
6783
8766
8767
25805
40819
71108
45210
45028
42217
41997
41863
41585
40629
25927
39183
38304
37741
34517
31770
26151
26150
6643
6433
47423
5956
2330
2202
2182
1942
1935
1572
1281
1260
1245
1232
1209
1153
946
914
757
146501
588
2677
2747
2857
3789
5795
5791
5464
5289
5169
4763
4327
3742
2920
3634
3632
3539
3415
3246
3089
2927
46723
46664
55253
56015
58191
57669
56805
56788
56782
56607
56286
56152
55946
55052
55442
55363
55280
55276
55269
47629
55118
55069
58879
60069
60766
61236
70293
69481
67665
67429
67255
67087
66665
64839
64701
64622
64620
64614
63876
63082
61357
61323
61240
55063
339
54881
51540
52241
54513
49917
49824
48774
48738
52281
48696
52579
50068
53953
52967
53000
53123
48516
53894
54286
54272
134853
115617
6942
3882
37733
63992
55820
150
59725
3114
78499
350
1
1517
52973
4041
1103
520
236
1721
2424
3793
1120
1200
1610
593
1042
858
4121
1080
1376
1358
