8125
541
954
3022
2936
3629
7243
1283
2028
52885
246
236
215
186
5
67997
58559
3546
31658
5662
300
27773
27592
8188
6713
6287
30745
350
337
1242
1801
1639
1635
1517
1376
1358
1259
1250
1059
2288
904
661
628
587
529
520
377
357
2529
1219
1729
56367
34321
27611
26662
26614
8464
7161
5299
4973
4018
3948
2424
2068
1265
1210
1176
318
232
46578
68358
1256
72998
1956
1089
1080
1079
247
111
40614
54290
134853
118997
115617
109374
109249
106696
97938
95441
93040
1954
135518
2004
62849
47099
40148
6016
5608
2959
2542
778
1
117533
2361
1900
94777
78349
70286
8369
106918
55247
60072
77455
2012
78499
39421
7155
5984
3707
3176
64969
63131
59725
45720
8533
6942
6863
2942
1997
1088
1028
4322
5449
3676
106473
44191
4041
4016
3978
3893
3785
3751
3361
3260
3114
3113
3052
2700
2692
2396
2369
47
2085
4306
4351
4369
6281
3703
107649
88125
68954
65514
8636
6953
5812
4641
5481
5377
5349
5135
4890
4823
4701
50
35836
306
3257
5507
5219
4069
3882
3809
3301
3300
3275
2641
8861
2359
1732
1061
80551
2082
104841
69640
8972
7373
8928
5445
69526
3030
44555
7361
6985
47640
46970
71057
69712
68319
27904
68157
66934
66097
63992
60684
48394
37733
34405
7458
608
32025
2174
4911
4467
2968
1199
130682
111624
107999
8623
150
47465
100365
45950
37729
35957
34162
32892
7478
1955
5909
296
52319
260
121231
109487
79132
48780
4995
4226
1704
1258
27255
4388
6986
6683
4612
4189
48711
74458
64957
1131
5618
5971
82461
924
4993
3996
3265
2997
2924
2571
2019
1274
741
5902
44199
8781
7347
6218
5602
5064
4638
4223
5782
5952
104283
26554
31221
7376
4721
122886
1721
33794
31878
26585
8961
6350
8874
8795
7844
7153
7090
7022
6857
6539
4121
4023
4011
55820
593
494
434
293
153
78209
76251
61024
52973
3994
8528
2502
1103
104
36401
8865
6754
132046
745
780
858
1036
3949
3916
3793
3499
3175
3160
2989
2985
2600
2329
2273
1617
1610
1291
1200
1120
1042
53318
599
319
95135
96811
96728
96610
96588
96417
95761
95558
95449
94969
105504
94959
94931
91077
90866
90531
90439
90376
90057
96832
97304
97673
97752
105197
103688
103624
103449
103372
103107
102469
102194
101895
101525
101285
99149
99114
98961
98154
97923
97921
89804
89759
89492
79242
78574
78039
74545
74324
73023
72741
72720
72395
72226
72176
72131
72011
71745
71464
71108
70293
69481
78653
80463
89470
80489
89260
88810
88235
88129
87304
86833
86320
85394
83976
82463
82459
82313
81932
81845
81786
81591
81562
105355
106100
67429
134881
142488
141749
140725
140715
140174
139642
139385
137337
134859
106766
134130
133771
133645
132800
132549
132547
132458
131796
143385
144172
146656
148482
111931
111384
82152
66203
47044
138610
164979
164977
163949
163056
161582
161336
160954
158783
156387
155064
148626
128606
128512
128360
114254
112852
112556
112552
112550
112515
112290
112183
112070
111622
111505
111251
111249
110871
107636
107141
106920
106916
113064
114342
128235
114459
127212
127206
127144
127114
127108
123695
123663
122882
118880
118700
117176
116797
116161
115713
115569
115139
114662
67665
67255
364
5747
6783
6643
6515
6433
5956
5795
5791
5464
3811
5289
5198
5169
4763
4327
4326
4262
6830
6874
6981
6983
8767
8766
8765
8751
67087
8584
8494
8236
8195
8154
8128
7926
7438
7335
7195
4103
3789
25927
1209
1572
1281
1273
1260
1245
1232
1211
1197
3742
1172
1153
946
914
757
146501
588
1935
1942
1957
2182
3679
3634
3632
3539
3415
3246
3111
3089
2927
2920
2857
2747
2677
2330
2202
25805
8645
26150
56782
56286
56152
56015
55946
55442
55363
55280
55276
55269
55253
55118
55069
55063
55052
54881
54513
26151
56607
56788
53953
56805
66665
64839
64701
64622
64620
64614
63876
63082
61357
61323
61240
61236
60766
60069
58879
58191
57669
54272
54286
53894
48696
53123
47423
46723
46664
45210
45028
42217
41997
41863
41585
40819
40629
39183
38304
37741
34517
31770
48516
47629
52241
50068
53000
52967
52579
52281
48738
51540
339
49917
49824
48774
2730
1272
2109
3498
2178
7792
47274
6229
3671
4928
3384
4712
4437
3947
26366
8207
