4011
4023
2329
780
494
434
153
4223
4638
5602
7347
1617
2273
2600
2985
2989
3160
3175
3499
8781
3916
3994
1199
2542
4467
2959
1291
1036
40148
2968
44191
858
1042
593
1120
1200
4121
1610
62849
8874
6350
1274
741
6857
104283
52885
34405
3793
293
778
1729
8128
3052
5747
5198
2502
3275
4262
3679
3811
1957
1273
4103
3111
1172
4326
1211
1197
26662
745
3949
2529
5064
1210
5618
40614
31658
1265
47
6218
6539
107999
74458
72998
3703
260
5299
2571
33794
4226
60684
2109
37729
1272
1
1080
2178
39183
3384
3498
4928
4712
4437
6229
8636
5349
8961
7792
3947
8207
3671
26366
2700
37741
38304
40629
40819
47274
1517
2174
318
8861
111
79132
48780
7373
1089
296
78499
3030
924
2730
132046
115617
70286
94777
5782
4911
47465
2997
34321
3751
27773
118997
106473
69640
35836
5971
5608
55280
8645
7438
5791
5464
6874
50068
2068
60072
50
26614
134853
1079
26554
7361
27611
4018
55363
1732
68319
61236
61240
4995
93040
6863
4973
48394
135518
41997
52281
63131
2361
1250
3361
26585
107649
1219
7161
88125
2012
4306
122886
109487
46970
66934
112552
247
64969
97938
68954
111384
1088
2288
3260
5902
3978
121231
1245
588
3246
2677
319
364
2330
306
130682
111624
1061
27592
1997
105504
106696
150
1258
1028
66097
215
68157
1131
64957
32892
2082
80551
7478
5449
8533
2359
3676
1955
3257
3300
3301
4069
5219
5507
27904
45720
3176
3707
5984
7155
104841
8972
7458
27255
48711
4189
4612
6683
4388
5909
8623
6986
117533
77455
2942
1900
100365
45950
4322
35957
52319
8369
106918
34162
6016
54290
6953
5
236
246
300
337
357
520
529
628
661
904
1059
1242
1259
1358
1376
186
67997
5812
58559
95441
68358
8464
1256
3948
3546
5662
6287
6713
8188
232
30745
32025
7376
4721
1635
1639
1801
78209
6985
4016
4351
47640
4369
4641
4701
39421
71057
69712
4890
5135
69526
5377
5481
3893
3785
82461
76251
1954
1956
2004
2085
2369
2396
61024
3113
8528
104
36401
2692
8865
6754
4823
599
81591
114662
73023
74324
114459
74545
78039
78574
78653
79242
80463
114342
80489
81562
114254
113064
81786
112852
81845
81932
82313
82459
112556
112550
112515
112290
112183
82463
83976
72741
72720
112070
72395
61323
61357
63082
63876
64614
64620
64622
64701
64839
116161
115713
66665
67087
67255
67429
67665
69481
115569
115139
70293
71108
71464
71745
72011
72131
72176
72226
85394
86320
60069
96588
96728
96811
96832
97304
97673
97752
97921
97923
98154
98961
99114
99149
101285
101525
101895
102194
102469
103107
103372
103449
107141
106920
103624
103688
106916
105197
105355
96610
96417
86833
95761
111622
111505
111251
87304
111249
88129
110871
88235
88810
89260
107636
89470
89492
89759
89804
90057
90376
90439
90531
90866
91077
94931
94959
94969
95135
95449
95558
60766
58879
106766
163056
161582
3634
3742
3789
161336
4327
4763
5169
5289
5795
5956
6433
6515
160954
6643
6783
158783
6830
6981
6983
7195
156387
7335
7926
155064
8154
8195
3632
3539
8494
3415
146501
757
914
946
111931
82152
1153
1209
66203
1232
1260
1281
47044
1572
1935
1942
138610
2182
2202
164979
2747
2857
2920
2927
164977
163949
3089
8236
148626
58191
134130
133645
132800
132549
132547
53953
132458
131796
128606
128512
128360
128235
55063
127212
127206
127144
127114
127108
123695
55946
56015
123663
122882
118880
118700
117176
116797
57669
133771
52579
8584
134859
8751
8765
8766
8767
25805
25927
26150
26151
31770
34517
41585
148482
42217
146656
144172
46664
143385
142488
141749
140725
140715
140174
139642
139385
137337
134881
106100
3114
53318
1176
78349
1704
2019
109374
2641
7153
5952
109249
8928
6281
8795
5445
4993
63992
6942
3809
56367
2424
37733
59725
55247
44199
2028
3882
31878
46578
377
587
339
31221
3629
1283
7243
2936
4041
52973
350
1103
65514
954
8125
541
3022
1721
608
47099
44555
55069
55442
55820
7022
3265
7844
3996
7090
2924
47423
45028
46723
45210
55276
41863
56805
48516
47629
48738
48696
53894
55253
55118
55052
56152
54513
54286
54272
56286
56607
53123
55269
56782
56788
53000
52967
52241
51540
49917
49824
48774
54881
