2959
26614
50
5608
3949
4011
1704
4993
8795
1610
858
1120
1042
4121
593
1200
4226
1729
778
2529
56782
53123
55118
55052
54881
54513
55253
56805
54286
55269
54272
53894
55276
52967
56607
56286
56788
53000
51540
52241
56152
4995
2571
2019
1732
62849
44199
1219
260
8533
40629
37741
3113
4641
3785
2700
40819
39183
4388
38304
7458
6016
58559
318
40148
132046
8861
1079
1617
2273
3499
3916
780
3175
3160
2989
153
434
494
2985
4023
2329
4223
5602
2600
4638
8781
7347
7153
5952
79132
47423
41863
45028
45210
46723
49917
48516
48696
48738
48774
47629
49824
72998
3793
44555
64957
48780
55820
47
27611
27773
70286
1036
608
46578
745
135518
47099
74458
1291
5064
109249
3361
66934
3996
377
97673
7090
1059
5445
5219
7844
4369
2924
103107
106920
101895
102194
103372
103624
105197
105355
106100
106766
106916
107141
1258
1176
55069
55442
6985
109487
3265
7022
8928
111384
53318
121231
88125
1061
34405
4973
65514
93040
74324
82463
82459
67255
74545
81932
81845
81591
81562
80489
80463
79242
78039
78574
66097
78499
77455
1210
6942
3703
122886
56367
107999
68319
4701
3893
4016
4041
4351
4612
4189
4823
6986
4890
5135
5349
5377
5481
5812
6683
27255
6953
1635
628
661
904
104841
1242
1259
1358
1639
52319
1801
1954
1956
2004
2085
2369
2396
6281
26662
587
37729
34162
4322
2942
32892
7478
45720
3176
3707
5984
7155
39421
1955
146501
757
914
35957
60072
48711
45950
1131
47465
106473
3676
5449
106918
8369
5909
78349
1900
1
4911
4467
2968
8623
8636
529
520
54290
76251
61024
52973
8528
247
2502
1103
104
36401
8865
1080
6754
104283
82461
5618
78209
741
2082
1274
3948
232
32025
31221
7376
4721
1153
26585
95441
26554
97938
8961
6857
5782
2997
3030
7361
47640
71057
8188
2359
30745
31658
52885
80551
67997
5
186
236
246
300
337
350
357
6713
6287
2641
5507
69712
69526
1256
37733
27904
7373
4069
3257
3546
3882
5662
3301
3300
3275
946
599
1172
96588
97752
97304
96832
96811
96728
96610
96417
82313
95761
95558
95449
95135
94969
94959
97921
97923
98154
98961
99114
99149
101285
101525
102469
103449
103688
107636
110871
111249
111251
111505
111622
94931
78653
112183
61323
64701
64620
64614
63876
63082
61357
60766
73023
60069
58879
58191
57669
56015
55946
64839
66665
67087
67429
67665
69481
70293
71108
71464
71745
72011
72131
72176
72226
72395
72720
72741
112070
112290
53953
140715
146656
144172
143385
142488
141749
140725
140174
133645
139642
139385
137337
134881
134859
134130
148482
148626
155064
156387
158783
160954
161336
161582
163056
163949
164977
164979
138610
47044
66203
82152
111931
133771
132800
112515
114662
117176
116797
116161
115713
115569
115139
114459
132549
114342
114254
113064
112852
112556
112550
118700
118880
122882
123663
123695
127108
127114
127144
127206
127212
128235
128360
128512
128606
131796
132458
132547
55063
64622
52579
3671
3742
3789
3811
3947
4103
4262
4326
4327
4437
4712
4763
4928
5169
5198
5289
5747
5795
5956
6229
6433
6515
6643
6783
6830
6981
6983
7195
3679
3634
7792
3632
1197
1209
1211
1232
1260
1272
1273
1281
1572
1935
1942
1957
2109
2178
2182
2202
2730
2747
2857
2920
2927
3089
3111
3384
3415
3498
3539
7335
339
7926
8128
8195
8207
8236
8494
8584
8751
8765
8766
8767
25805
25927
26150
26151
31770
34517
41585
42217
46664
47274
8154
26366
3994
1088
27592
112552
63992
2288
107649
1250
55247
105504
130682
134853
59725
293
1028
109374
106696
111624
117533
6350
100365
2361
31878
68954
81786
94777
64969
6863
2424
3809
90866
88129
86833
86320
87304
85394
88810
88235
90531
83976
1721
91077
90439
90376
2174
90057
89804
2012
89759
89492
3052
89470
89260
68358
3751
115617
8874
2692
1997
46970
3114
1199
296
5971
6218
40614
35836
7161
61236
61240
118997
63131
55363
3260
3978
5902
2068
34321
60684
2542
5791
50068
7438
5464
8645
6874
55280
48394
111
69640
2936
150
44191
8972
8464
5299
68157
4018
3022
541
8125
954
52281
41997
1376
1517
215
33794
1283
3629
7243
6539
924
1265
306
319
2677
2330
1245
364
588
3246
2028
4306
1089
