8795
4993
7153
5952
2019
1210
260
2571
4306
1729
778
5349
3793
132046
3260
3978
5902
2959
4121
1610
1200
1120
1042
858
593
2542
1079
27611
70286
72998
79132
296
135518
1250
122886
109487
107999
1732
68319
3703
34405
94777
2068
109249
3893
4351
4041
4641
3785
4016
3751
3361
4701
4369
2396
3113
904
628
529
520
377
357
350
337
300
246
236
186
5
67997
58559
52885
661
1059
3052
1242
2700
2692
4890
2369
2085
2012
2004
1956
1954
1801
1639
1635
1376
1358
1259
4823
8636
5135
1281
1272
1260
1232
1211
1209
1197
1172
1153
954
946
914
757
146501
541
53318
1273
1283
7155
1572
3089
3022
2936
2927
2920
2857
2747
2730
2202
2182
2178
2109
1957
1942
1935
39421
5984
5377
78349
106918
55247
5449
3676
106473
44191
107649
88125
68954
65514
30745
6953
6281
5812
5481
8369
1900
3707
2361
3176
45720
8533
2942
1997
1088
4322
77455
62849
60072
47099
40148
6016
5608
117533
31658
111
27773
80551
3301
3300
3275
3257
2359
1061
2082
27592
104841
8972
7458
5445
608
52319
3809
3882
4069
5219
5507
8861
8928
27904
37733
48394
60684
66097
68157
69526
69712
71057
47640
121231
48780
4995
4467
1955
7478
32892
34162
35957
37729
45950
100365
2174
8623
111624
130682
1199
2968
4911
4226
5909
47465
4388
1131
64957
74458
48711
4189
4612
6683
6986
27255
1258
1704
6985
7361
44555
109374
47
50
232
318
1176
3948
8464
26614
26662
46578
68358
93040
95441
97938
54290
31221
40614
3384
247
1080
1089
1219
1256
2288
2529
3546
5662
6287
6713
8188
32025
7376
3030
76251
5618
5971
82461
104283
6754
8865
36401
104
1103
2502
8528
52973
55820
61024
78209
4721
741
1274
2924
2997
3265
3996
5782
6857
7022
7090
7844
8961
26554
26585
3111
599
3415
90531
97752
97673
97304
96832
96811
96728
96610
96588
96417
95761
95558
95449
95135
94969
94959
94931
91077
97921
97923
98154
103372
106766
106100
105355
105197
103688
103624
103449
103107
98961
102469
102194
101895
101525
101285
99149
99114
90866
90439
71464
90376
81562
80489
80463
79242
78653
78574
78039
74545
74324
73023
72741
72720
72395
72226
72176
72131
72011
81591
81786
81845
88235
90057
89804
89759
89492
89470
89260
88810
88129
81932
87304
86833
86320
85394
83976
82463
82459
106916
106920
107141
107636
143385
142488
141749
140725
140715
140174
139642
139385
137337
134881
134859
134130
133771
133645
132800
132549
132547
144172
146656
148482
164977
111931
111384
82152
66203
47044
138610
164979
163949
148626
163056
161582
161336
160954
158783
156387
155064
132458
131796
128606
112515
114342
114254
113064
112852
112556
112552
112550
112290
114662
112183
112070
111622
111505
111251
111249
110871
114459
115139
128512
123695
128360
128235
127212
127206
127144
127114
127108
123663
115569
122882
118880
118700
117176
116797
116161
115713
71745
82313
71108
8765
31770
26366
26151
26150
25927
25805
8767
8766
8751
37741
8645
8584
8494
8236
8207
8195
8154
8128
34517
38304
50068
46723
49824
48774
48738
48696
70293
47629
47423
47274
46664
39183
45210
45028
42217
41997
41863
41585
40819
40629
8125
7926
7792
3811
4763
4712
4437
4327
4326
4262
4103
3947
3789
7438
3742
3679
3671
3634
3632
3629
3539
3498
4928
5169
5198
5289
7335
7243
7195
6983
6981
6874
6830
6783
6643
6515
6433
6229
5956
5795
5791
5747
5464
49917
48516
55946
55442
57669
56805
56788
56782
56607
56286
56152
56015
55363
54513
55280
55276
55269
55253
55118
55069
55063
55052
58191
58879
60069
60766
69481
67665
67429
67255
67087
66665
64839
64701
64622
64620
64614
63876
63082
61357
61323
61240
61236
54881
339
54286
53894
52579
52967
53000
52281
53123
52241
53953
54272
51540
66934
6863
4018
6350
64969
56367
46970
4973
7161
1265
1028
63131
31878
35836
118997
8874
34321
106696
105504
5299
63992
7373
6942
59725
3114
6218
3949
215
2028
2424
69640
4011
5064
745
3994
293
1036
44199
150
6539
2641
364
1721
2330
2677
1245
587
3246
306
319
588
4638
3499
3175
3916
4023
3160
2989
2985
2600
1291
5602
780
8781
7347
494
434
4223
1617
2273
153
2329
924
115617
134853
33794
78499
1
1517
