593
858
1042
1120
1200
1610
4121
4226
47
5064
4011
6874
5791
5464
7438
8645
50068
55280
4223
4023
3160
5602
2989
7347
2985
2600
2329
3499
2273
1617
780
153
434
494
3175
8781
3916
4638
2959
50
2502
26614
318
2571
55363
55442
55069
61236
61240
3793
5608
3949
41997
52281
293
44199
48780
48394
62849
1036
1219
1291
3994
2529
5445
33794
79132
745
68954
1258
27773
132046
924
40148
74458
2288
3361
88125
2542
2692
27592
3111
1172
1197
8128
1211
1273
5198
1957
4326
4262
4103
3811
3679
5747
27611
1704
1089
135518
111384
1210
70286
6218
3978
5902
3260
121231
72998
130682
296
1061
1997
7090
7844
2028
2924
628
3996
1259
7361
1729
778
3629
1283
7243
66097
109487
3265
7022
2997
954
541
3022
8125
1079
306
319
364
1245
2330
2677
3246
588
2361
1732
65514
93040
5782
2936
26554
1250
215
608
111
68157
78349
53318
34405
8928
5952
7153
109249
46578
4995
64957
44191
2641
3257
107649
6857
106473
2359
80551
2082
5449
106918
8369
104841
3676
3275
8636
4069
4041
4306
5219
4351
4369
4641
4701
4823
4890
3882
6953
5135
5349
3301
5377
3300
5481
5812
6281
69640
1900
52319
8972
7155
45720
4467
2968
59725
3176
3707
1199
5984
8623
39421
7458
2174
150
100365
45950
37729
35957
32892
7478
1955
2942
4911
1088
5909
117533
1
5507
27255
6986
6683
4612
6016
4189
47099
48711
60072
1131
4388
77455
78499
4322
1028
47465
4016
3113
3893
8865
97938
106696
54290
40614
247
1103
1080
104
36401
6754
44555
1256
104283
82461
5618
3546
5662
6287
6713
8188
146501
8528
68358
52973
8961
26585
1274
1721
4721
7376
31221
32025
741
78209
232
76251
1176
61024
2424
3948
8464
55820
26662
3030
6985
3785
2004
1242
37733
1376
1517
1635
1639
1801
1954
1956
2012
47640
2085
2369
2396
27904
2700
3052
3114
7373
3751
1059
904
661
63992
71057
30745
31658
52885
58559
69712
67997
5
186
236
246
300
337
350
357
377
529
69526
587
95441
599
757
106916
97752
97673
97304
96832
96811
96728
96610
96588
96417
95761
95558
95449
95135
94969
94959
94931
91077
97921
97923
98154
103372
106100
105504
105355
105197
103688
103624
103449
103107
98961
102469
102194
101895
101525
101285
99149
99114
90866
90531
90439
78039
81591
81562
80489
80463
79242
78653
78574
74545
81845
914
73023
72741
72720
72395
72226
72176
81786
81932
90376
88235
90057
89804
89759
89492
89470
89260
88810
88129
82313
87304
86833
86320
85394
83976
82463
82459
106766
106920
72011
107141
142488
141749
140725
140715
140174
139642
139385
137337
134881
134859
134130
133771
133645
132800
132549
132547
132458
143385
144172
146656
163949
111931
82152
66203
47044
138610
164979
164977
163056
148482
161582
161336
160954
158783
156387
155064
148626
131796
128606
128512
112290
114254
113064
112852
112556
112552
112550
112515
112183
114459
112070
111622
111505
111251
111249
110871
107636
114342
114662
128360
123663
128235
127212
127206
127144
127114
127108
123695
122882
115139
118880
118700
117176
116797
116161
115713
115569
72131
74324
339
8154
2202
31770
26366
26151
26150
25927
25805
8767
8766
8765
8751
8584
8494
8236
8207
34517
2182
2178
47274
48738
48696
2920
1942
47629
47423
46723
2109
46664
45210
45028
42217
41863
41585
8195
7926
49824
2730
4712
4437
4327
3947
3789
3742
3671
3634
3632
3539
2857
3498
3415
3384
3089
4763
4928
5169
6830
7792
7335
7195
6983
6981
2747
6783
5289
6643
6515
6433
6229
5956
5795
48774
48516
49917
1281
60766
61323
51540
61357
63082
63876
64614
64620
1935
64622
64701
64839
66665
1572
67087
58879
67255
67429
1272
1260
67665
1232
69481
70293
71108
1209
71464
1153
946
71745
60069
2927
55253
54513
52579
58191
55118
55063
55052
54881
54286
55946
54272
53953
53894
53123
53000
52967
55276
55269
56286
52241
56805
56788
56782
56607
56015
56152
57669
3703
68319
107999
122886
134853
6350
6863
94777
4018
64969
6942
46970
109374
7161
63131
111624
66934
55247
60684
2019
2068
5971
4993
8795
6539
3809
115617
56367
35836
31878
4973
118997
34321
260
8861
520
40819
40629
38304
34162
37741
39183
5299
1265
8874
8533
1358
