745
608
778
1729
5602
8781
2273
2329
2600
2985
3160
3175
3499
7347
3916
1617
4023
4223
4638
494
434
2989
153
780
52973
1103
350
4041
1079
3114
2959
2542
44199
3809
1036
3994
106473
55820
1732
296
5064
1291
4011
37733
3882
3949
661
4973
6218
8928
109249
46578
109374
293
904
1358
1059
1259
1250
1376
1242
135518
628
587
2529
2288
1256
1219
1089
1080
247
111
40614
54290
134853
118997
115617
106696
97938
95441
93040
72998
68358
3546
5662
6287
186
529
520
377
337
300
246
236
215
5
6713
67997
58559
52885
31658
30745
27773
27592
8188
357
1954
1517
5608
4322
78499
77455
62849
60072
47099
40148
6016
1
5449
117533
2361
1900
94777
78349
70286
8369
106918
1028
1088
1997
2942
541
364
319
306
53318
39421
7155
5984
3707
3176
64969
63131
59725
45720
8533
6942
6863
55247
3676
1635
2700
3978
3893
3785
3751
3361
3260
3113
3052
2692
44191
2396
2369
2085
2012
2004
1956
1801
1639
4016
4306
4351
4369
3703
107649
88125
68954
65514
8636
6953
6281
5812
5481
5377
5349
5135
4890
4823
4701
4641
56367
7376
34321
4069
3300
3275
3257
2641
2359
1061
80551
2082
104841
69640
8972
7458
5445
52319
121231
3301
5219
79132
5507
46970
71057
69712
69526
68319
68157
66934
66097
63992
60684
48394
34405
27904
8861
7373
109487
48780
27611
4467
1199
130682
111624
107999
8623
2174
150
100365
45950
37729
35957
34162
32892
7478
1955
2968
4911
4995
5909
4226
1704
1258
260
27255
6986
6683
4612
4189
48711
74458
64957
1131
4388
47465
47640
6985
7361
146501
122886
1721
33794
31878
26585
26554
8961
8874
8795
7844
7153
7090
7022
6857
6539
4721
31221
44555
32025
26662
8464
7161
5299
4018
3948
2424
2068
1265
1210
1176
318
232
47
35836
6350
5952
5902
5782
78209
76251
61024
8528
2502
104
36401
8865
6754
132046
104283
82461
5971
5618
3030
593
858
1042
2019
4993
3996
3265
2997
2924
2571
1274
1120
924
741
4121
3793
1610
1200
588
599
757
94959
96610
96588
96417
95761
95558
95449
95135
94969
94931
96811
91077
90866
90531
90439
90376
90057
89804
89759
96728
96832
66665
101525
103688
103624
103449
103372
103107
102469
102194
101895
101285
97304
99149
99114
98961
98154
97923
97921
97752
97673
89492
89470
89260
72131
74545
74324
73023
72741
72720
72395
72226
72176
72011
88810
71745
71464
71108
70293
69481
67665
67429
67255
78039
78574
78653
79242
88235
88129
87304
86833
86320
85394
83976
82463
82459
82313
81932
81845
81786
81591
81562
80489
80463
105197
105355
105504
134881
142488
141749
140725
140715
140174
139642
139385
137337
134859
128512
134130
133771
133645
132800
132549
132547
132458
131796
143385
144172
146656
148482
111931
111384
82152
66203
47044
138610
164979
164977
163949
163056
161582
161336
160954
158783
156387
155064
148626
128606
128360
106100
111622
112852
112556
112552
112550
112515
112290
112183
112070
111505
128235
111251
111249
110871
107636
107141
106920
106916
106766
113064
114254
114342
114459
127212
127206
127144
127114
127108
123695
123663
122882
118880
118700
117176
116797
116161
115713
115569
115139
114662
67087
64839
914
4437
5747
5464
5289
5198
5169
4928
4763
4712
4327
5795
4326
4262
4103
3947
3811
3789
3742
3679
5791
5956
64701
7243
8195
8154
8128
8125
7926
7792
7438
7335
7195
6229
6983
6981
6874
6830
6783
6643
6515
6433
3671
3634
3632
1260
1957
1942
1935
1572
1283
1281
1273
1272
1245
3629
1232
1211
1209
1197
1172
1153
954
946
2028
2109
2178
2182
3539
3498
3415
3384
3246
3111
3089
3022
2936
2927
2920
2857
2747
2730
2677
2330
2202
8207
8236
8494
56152
55946
55442
55363
55280
55276
55269
55253
55118
55069
55063
55052
54881
54513
54286
54272
53953
53894
56015
56286
8584
56607
64622
64620
64614
63876
63082
61357
61323
61240
61236
60766
60069
58879
58191
57669
56805
56788
56782
53123
53000
52967
52579
40819
40629
39183
38304
37741
34517
31770
26366
26151
26150
25927
25805
8767
8766
8765
8751
8645
41585
41863
41997
42217
52281
52241
51540
50068
49917
49824
48774
48738
48696
48516
47629
47423
47274
46723
46664
45210
45028
339
26614
50
