26151
6433
25805
1232
42217
26150
3742
6981
6783
1572
6643
3415
8195
6985
2068
5971
1199
4467
134853
63131
5299
109249
5618
7161
2968
44191
6218
46970
6350
64969
34321
118997
4018
6863
35836
3949
5608
104283
6857
1274
52885
741
6539
1219
2997
7361
26662
1258
67665
115617
81786
4973
4638
4223
2989
153
434
494
780
4023
3916
1617
3175
2329
2600
2985
3160
2273
3499
7347
8781
5602
112550
127206
114254
114459
102469
101285
94969
128512
132800
133771
7926
161336
4763
113064
111505
53953
110871
52579
757
111249
1265
111
5782
71464
71108
70293
69481
55118
54286
67429
72011
67087
66665
71745
72226
72131
7844
64701
72395
72720
2330
73023
2677
52967
54272
3246
53894
53123
64839
64614
64622
56805
55269
52241
55063
51540
55052
56152
54881
56286
56607
56782
54513
56788
57669
64620
58191
58879
60069
2924
60766
53000
61323
61357
63082
63876
7090
55253
3996
55276
78653
1245
588
364
319
306
904
924
2361
26554
44199
107999
93040
122882
134859
112515
118880
118700
55363
94777
2920
88235
86320
89470
87304
89260
89759
85394
83976
89804
88810
90057
89492
91077
90376
90439
86833
90531
88129
90866
260
1036
293
3634
61240
61236
745
7022
3265
55069
55442
106473
5902
3978
3260
1729
778
1291
5064
31658
2028
215
33794
31878
65514
1732
5952
7153
55820
61024
67997
117533
2542
1079
3030
2288
56367
55247
247
296
78349
68157
27592
53318
2959
47
1256
4351
5377
1080
5349
5135
1089
4890
4823
4041
4641
4369
3546
4306
5662
4016
246
4701
6713
6287
186
8188
628
1358
1259
1250
1242
5
1059
661
587
30745
529
520
377
357
350
337
300
1376
1517
1635
1639
3893
3785
3751
3113
3052
2700
2692
58559
2369
2085
2012
2004
1956
1954
1801
2396
599
54290
3275
5445
7458
8972
69640
104841
2082
80551
2359
2641
3257
3300
52319
3301
3809
3882
4069
5219
5507
7373
8861
8928
27904
608
27255
109374
111624
1955
7478
32892
34162
35957
37729
45950
100365
2174
8623
130682
6986
4911
5909
47465
4388
1131
64957
48711
4189
4612
6683
37733
48394
66097
31221
5812
2019
4993
8795
8874
8961
26585
122886
4721
7376
32025
66934
50
232
3948
8464
26614
46578
68358
95441
97938
106696
4121
3793
1610
1200
68319
69526
69712
71057
47640
44555
82461
6754
8865
36401
104
1103
2502
8528
52973
76251
78209
593
858
1042
1120
5481
339
6281
98961
95761
96417
96588
96610
96728
96811
96832
97304
97673
97752
97921
97923
98154
99114
95449
99149
101525
101895
102194
103107
103372
103449
103624
103688
105197
105355
105504
106100
95558
95135
106916
48516
38304
39183
40629
40819
41585
41863
41997
45028
45210
46664
46723
47423
6953
48696
94959
48738
48774
49824
49917
50068
52281
55280
55946
56015
72176
72741
82313
94931
106766
106920
34517
148626
134881
137337
139385
139642
140174
140715
140725
141749
142488
143385
144172
146656
148482
155064
133645
156387
158783
160954
161582
163056
163949
164977
164979
138610
47044
66203
82152
111931
134130
132549
107141
115713
107636
111251
111622
112070
112183
112290
112552
112556
112852
114342
114662
115139
115569
116161
132547
116797
117176
123663
123695
127108
127114
127144
127212
128235
128360
128606
131796
132458
37741
47629
31770
946
1153
1172
1197
1209
1211
1260
1273
1281
1283
1935
1942
1957
2182
2202
2747
2857
2927
2936
3089
3111
3539
3629
3632
3679
3789
3811
4103
954
914
4326
146501
8636
68954
88125
107649
3703
3676
5449
106918
8369
1900
1
6016
40148
47099
60072
4322
1028
1088
1997
2942
45720
3176
3707
5984
7155
39421
541
4262
3022
4327
6515
6874
6983
7195
7243
7335
7438
5956
8125
5795
8128
5791
5747
8154
8236
8494
5464
8584
5289
8645
8751
5198
5169
8765
8766
8767
25927
6830
1176
4995
4011
60684
1704
62849
2529
27773
1061
121231
63992
48780
111384
109487
34405
4226
6942
1210
135518
59725
3994
27611
3361
70286
40614
2571
150
3114
132046
2730
1721
236
4928
4712
3947
7792
3671
3498
26366
8207
47274
3384
2109
6229
2178
1272
4437
318
72998
74458
77455
8533
79132
78499
2424
80463
81932
81845
81591
81562
80489
78574
79242
82459
78039
74324
82463
67255
74545
