47
296
318
3246
306
364
2677
2330
588
319
1245
2959
1729
778
2028
3361
215
1120
1200
1042
858
1610
593
4121
339
50
300
150
26614
2288
88125
1089
5608
27773
68157
27592
4226
1258
111384
2542
121231
3793
130682
1079
48394
1219
2529
1061
1997
3114
293
48780
62849
1704
66097
74458
1732
4995
2424
79132
1242
1250
1059
628
904
661
587
529
520
377
1259
1635
1358
1376
1517
541
1639
1801
1954
1956
2004
2012
2085
2369
2396
2692
2700
53318
6942
357
146501
1080
1211
1256
1209
1197
3546
5662
6287
6713
8188
1172
1153
954
30745
31658
52885
946
58559
67997
5
186
914
236
3052
757
337
350
246
3893
3113
2361
107649
3703
44191
106473
3676
5449
55247
106918
8369
70286
78349
94777
1900
117533
3260
1
45720
8533
6016
40148
47099
60072
77455
78499
4322
1028
1088
2942
68954
65514
8636
6953
39421
3751
3785
6863
7155
5984
3707
3176
64969
63131
59725
3978
4016
4041
4306
4351
4369
4641
4701
4823
4890
5135
5349
247
5481
5812
6281
5377
46578
111
34405
8928
8861
7373
5507
5219
4069
3882
3809
3301
3300
3275
3257
2641
2359
80551
27904
37733
132046
60684
82461
5971
5618
3030
44555
7361
6985
47640
46970
71057
69712
69526
68319
66934
63992
2082
104841
69640
8972
4467
2968
1199
111624
107999
8623
2174
100365
45950
37729
35957
34162
32892
7478
1955
4911
5909
47465
27255
7458
5445
608
52319
109487
260
6986
4388
6683
4612
4189
48711
64957
1131
104283
6754
40614
7161
4973
4018
3948
2068
1265
1210
1176
232
35836
32025
31221
7376
4721
122886
1721
5299
8464
8865
26662
54290
134853
118997
115617
109374
109249
106696
97938
95441
93040
72998
68358
56367
34321
27611
33794
31878
26585
26554
2571
2019
1274
924
741
78209
76251
61024
55820
52973
8528
2502
1103
104
36401
2924
2997
3265
7022
8961
8874
8795
7844
7153
7090
6857
3996
6539
6350
5952
5902
5782
4993
1232
135518
1260
90439
97673
97304
96832
96811
96728
96610
96588
96417
95761
95558
95449
95135
94969
94959
94931
91077
90866
97752
97921
97923
103107
105504
105355
105197
103688
103624
103449
103372
102469
98154
102194
101895
101525
101285
99149
99114
98961
90531
90376
106766
90057
81562
80489
80463
79242
1272
78574
78039
74545
74324
73023
72741
72720
72395
72226
72176
72131
72011
81591
81786
81845
88129
89804
89759
89492
89470
89260
88810
88235
87304
81932
86833
86320
85394
83976
82463
82459
82313
106100
106916
71464
128606
142488
141749
140725
140715
140174
139642
139385
137337
134881
134859
134130
133771
133645
132800
132549
132547
132458
143385
144172
146656
163949
111931
82152
66203
47044
138610
164979
164977
163056
148482
161582
161336
160954
158783
156387
155064
148626
131796
128512
106920
128360
114254
113064
112852
112556
112552
112550
112515
112290
112183
112070
111622
111505
111251
111249
110871
107636
107141
114342
114459
114662
123663
128235
127212
127206
127144
127114
127108
123695
122882
115139
118880
118700
117176
116797
116161
115713
115569
71745
78653
71108
70293
8207
8195
8154
8128
8125
7926
7792
7438
7335
7243
7195
6983
6981
6874
6830
6783
6643
6515
6433
6229
5956
8236
8494
8584
34517
42217
41997
41863
41585
40819
40629
39183
38304
37741
31770
8645
26366
26151
26150
25927
25805
8767
8766
8765
8751
5795
5791
5747
2202
3111
3089
3022
2936
2927
2920
2857
2747
2730
2182
3415
2178
2109
1957
1942
1935
1572
1283
1281
1273
3384
3498
5464
4262
5289
5198
5169
4928
4763
4712
4437
4327
4326
4103
3539
3947
3811
3789
3742
3679
3671
3634
3632
3629
45028
45210
46664
55276
56782
56607
56286
56152
56015
55946
55442
55363
55280
55269
56805
55253
55118
55069
55063
55052
54881
54513
54286
54272
56788
57669
53894
64620
69481
67665
67429
67255
67087
66665
64839
64701
64622
64614
58191
63876
63082
61357
61323
61240
61236
60766
60069
58879
53953
53123
46723
52241
47274
47423
47629
48516
48696
48738
48774
49824
49917
50068
51540
53000
599
52967
52579
52281
3949
4011
6218
5064
1291
745
3994
1036
44199
494
5602
7347
153
780
8781
434
4638
4223
1617
2273
2329
2600
4023
2989
3160
3175
3499
3916
2985
