1732
150
2502
5198
26614
3679
1211
3811
4103
4262
4326
1957
3111
50
5747
2997
1273
8128
1172
1197
1210
608
5782
1265
26554
7361
3809
8874
6863
8125
2700
3022
541
1259
954
3176
1639
904
4322
93040
3114
4973
2936
350
52973
4041
1103
1079
3629
7243
1283
1250
2028
1729
778
2424
5299
46578
2361
109374
8861
55820
8928
1258
109249
94777
2959
122886
37733
3882
53318
6229
8207
1272
26366
2109
7792
47274
3384
4928
4712
4437
2178
3947
3498
3671
34321
2542
31878
107999
118997
34405
2730
3703
111
5971
68319
115617
296
56367
2068
6539
2174
66934
112552
5377
4388
3361
3751
2359
111624
63131
60684
55247
4018
7161
1088
46970
64969
6350
67997
106473
318
232
260
2396
4016
1153
587
628
5984
3893
306
319
661
946
364
1059
3785
1242
914
1376
1517
1635
1801
1954
1956
2004
2012
588
3113
3052
146501
2085
2692
2369
757
117533
45720
4306
65514
68954
60072
88125
107649
47099
44191
3676
5449
40148
106918
8369
6016
5608
78349
520
1900
8636
6953
62849
4701
8533
4351
1997
1
4369
1028
4641
4823
6281
4890
5135
5349
78499
5481
5812
77455
529
599
357
3300
27904
7373
5507
5219
4069
3301
3275
337
3257
2641
1061
80551
2082
104841
48394
63992
66097
68157
69526
69712
71057
47640
6985
44555
3030
5618
82461
104283
6754
8865
36401
69640
8972
7458
5909
1955
7478
32892
34162
35957
37729
45950
100365
8623
130682
1199
2968
4467
4911
47465
52319
1131
64957
74458
48711
4189
4612
6683
6986
27255
1704
4226
4995
48780
121231
104
61024
76251
5662
95441
97938
106696
134853
54290
40614
247
1080
1089
1219
1256
2288
2529
3546
6287
26662
6713
8188
27592
27773
30745
31658
52885
58559
5
186
215
236
246
300
68358
8464
78209
4993
593
858
1042
1120
1200
1610
3793
4121
741
1274
2019
2924
3265
3996
6857
3948
7022
7090
7844
8795
8961
26585
33794
1721
4721
7376
31221
32025
47
1176
1209
339
1232
96832
98961
98154
97923
97921
97752
97673
97304
96811
94969
96728
96610
96588
96417
95761
95558
95449
99114
99149
101285
101525
106920
106916
106766
106100
105504
105355
105197
103688
103624
103449
103372
103107
102469
102194
101895
95135
94959
107636
81562
82463
82459
82313
81932
81845
81786
81591
80489
94931
80463
79242
78653
78574
78039
74545
74324
83976
1245
86320
86833
91077
90866
90531
90439
90376
90057
89804
89759
89492
89470
89260
88810
88235
88129
87304
107141
110871
72741
139642
144172
143385
142488
141749
140725
140715
140174
139385
132547
137337
134881
134859
134130
133771
133645
132800
146656
148482
148626
155064
111931
111384
82152
66203
47044
138610
164979
164977
163949
163056
161582
161336
160954
158783
156387
132549
132458
111249
112556
115139
114662
114459
114342
114254
113064
112852
112550
131796
112515
112290
112183
112070
111622
111505
111251
115569
115713
116161
116797
128606
128512
128360
128235
127212
127206
127144
127114
127108
123695
123663
122882
118880
118700
117176
73023
85394
52967
53894
53000
72720
52579
6643
52281
52241
51540
50068
49917
49824
6783
48774
48738
6830
48696
53123
6515
3634
6433
3742
3789
4327
4763
54881
5169
5289
54513
54286
5464
54272
5791
5795
53953
5956
48516
47629
47423
6874
25805
8767
8766
8765
8751
8645
8584
8494
8236
8195
8154
6981
7926
7438
7335
25927
26150
26151
41863
46723
46664
45210
45028
42217
41997
41585
31770
40819
40629
39183
38304
37741
34517
6983
7195
3632
56782
64622
64620
64614
63876
63082
61357
61323
61240
61236
60766
60069
58879
58191
57669
56805
64701
64839
66665
71745
72395
72226
72176
1260
72131
72011
71464
67087
71108
70293
69481
67665
67429
67255
56788
1281
55052
55253
55063
3415
3539
2927
2920
2857
2747
2677
2330
55069
56607
2202
55118
3089
3246
2182
55269
55276
55280
55363
1942
55442
1935
1572
55946
56015
56152
56286
6942
59725
2942
3707
39421
109487
7155
35836
72998
70286
8528
135518
293
27611
79132
6218
132046
3949
377
4011
1291
5064
745
3994
1036
924
7153
5952
44199
2571
3978
5445
3260
1358
5902
5602
8781
4638
7347
3499
4223
4023
3916
3160
2989
2985
2600
2329
2273
1617
780
494
434
153
3175
