5952
7153
8795
4993
5902
3260
3978
2571
111622
112556
112852
112290
112183
114342
114662
117176
115569
116161
116797
2019
924
4995
118880
112515
118700
132046
111251
26585
5791
5464
8645
50068
55280
6874
7438
1210
79132
2959
5782
55363
1704
61240
61236
72998
27611
260
94777
70286
112552
135518
117533
2529
296
48780
35836
4226
3301
58559
8961
6016
778
1729
7458
62849
74458
109374
68954
109487
55442
55069
5608
34405
47
6942
2542
27773
3265
7022
7155
1079
64957
2068
3546
1258
74324
80489
81562
80463
78574
79242
67255
74545
82463
82459
81932
81591
78039
81845
1219
1250
5299
2692
122886
63131
1732
7161
78349
34321
46970
41997
52281
39421
118997
68319
77455
64969
3703
6350
3707
1265
4018
6863
2942
59725
48394
8874
4973
109249
1089
66934
1281
587
1273
628
1272
661
1635
1517
1801
904
1059
1376
1358
1242
2085
1954
1935
1956
1572
2396
2004
1232
1259
1260
1639
2012
2369
60072
2700
106918
5349
5377
5812
6281
6953
8636
88125
107649
44191
3676
8369
1211
5984
3176
1900
2361
45720
8533
1997
1088
4322
40148
520
5135
4890
4823
3052
3113
1209
3361
3751
3785
3893
1197
4016
4041
1172
4306
1153
946
4351
914
757
146501
53318
4369
4641
529
8464
377
3030
2082
80551
1061
2359
2641
3257
3275
3300
3809
3882
4069
5219
5507
7373
8861
8928
27904
37733
60684
63992
66097
69526
71057
47640
6985
104841
608
121231
1199
1955
7478
32892
35957
37729
45950
100365
2174
8623
111624
130682
2968
27255
4467
4911
5909
47465
4388
1131
48711
4189
4612
6683
6986
7361
5618
357
5971
1957
26614
26662
93040
95441
54290
111
247
1080
1256
2288
5662
6713
8188
27592
30745
31658
52885
5
186
236
246
300
337
350
3948
1176
318
78209
82461
104283
6754
8865
36401
1103
2502
8528
52973
61024
76251
741
232
1274
2997
6857
26554
33794
1721
4721
7376
31221
32025
50
1942
599
339
112550
55063
123663
122882
115713
115139
114459
55946
56015
114254
113064
112070
63876
111505
111249
57669
110871
58191
58879
60069
60766
61323
61357
123695
127108
127114
127144
137337
46664
134881
47274
134859
134130
133771
133645
97673
132549
132547
132458
131796
128606
52579
128512
128360
128235
127212
53953
127206
63082
64614
42217
105197
89759
89804
90057
90376
90439
90531
106100
90866
91077
105355
94969
64620
103688
103624
103449
103372
95761
96417
103107
102469
102194
101895
89492
89470
89260
88810
64622
64701
107636
64839
107141
67429
106920
106916
106766
72176
72741
2109
81786
82313
83976
85394
86320
86833
87304
88129
88235
139385
132800
139642
4103
3539
158783
3632
3634
3671
3679
3742
3789
3811
3947
4262
160954
4326
4327
4437
41585
4712
156387
4763
4928
5169
155064
3498
161336
5289
2920
2178
2182
2202
111931
111384
82152
2730
2747
66203
2857
2927
161582
47044
138610
3089
164979
3111
164977
3384
3415
163949
163056
5198
101285
5747
8766
7792
7926
142488
8128
141749
8154
8195
8207
8236
140725
8494
8584
8751
8765
140715
5795
8767
25805
25927
26150
26151
26366
31770
34517
37741
38304
39183
40629
140174
40819
7335
143385
6981
148626
144172
6783
6643
6515
6433
6983
7195
148482
6229
5956
146656
6830
115617
1028
106696
105504
69712
67665
66665
69481
67087
70293
71108
71464
71745
72011
72131
72226
72395
72720
73023
78653
67997
68157
46578
2424
52319
134853
106473
47099
44555
56367
150
55247
78499
3793
69640
6539
55820
48516
47629
48696
47423
48774
46723
48738
45210
49824
41863
45028
49917
97938
3114
1
104
4701
4121
1200
68358
5449
6287
34162
8972
593
1610
5445
858
1042
1120
215
1036
31878
2936
4011
40614
6218
588
1245
3246
319
2330
364
2677
306
53894
54272
51540
55276
52241
52967
55269
55253
55118
53000
55052
54881
56286
54513
54286
53123
56152
56788
56607
56805
56782
954
3022
8125
541
107999
3949
96832
96610
293
7844
7090
3996
2924
3629
7243
1283
1291
5064
5481
2028
97923
94931
97752
97921
98154
98961
99114
99149
96811
101525
96728
96588
95558
95449
95135
94959
97304
745
3994
44199
65514
7347
5602
3160
4638
4223
4023
3916
3499
3175
8781
2989
2985
2600
2329
2273
1617
780
494
153
434
