293
377
296
318
3916
8781
7347
5602
4638
4223
4023
153
434
780
1617
2273
2329
2600
2985
2989
3160
3175
494
3499
60072
26614
50
4121
1610
1200
1120
1042
858
593
44199
1729
778
1036
3994
3361
745
5064
1291
4011
1089
3793
68157
3949
2959
111384
2542
6218
121231
2330
306
319
364
588
3246
1245
2677
1079
1061
2028
215
1732
8188
40614
115617
3546
1080
67997
5662
58559
52885
31658
6287
118997
2529
134853
6713
1256
30745
54290
111
236
1219
1639
337
529
628
661
904
1059
300
1250
1259
1358
1376
1517
1635
1801
246
1954
1956
2004
2288
2012
2085
2369
2396
2692
2700
3052
3113
3114
1242
135518
109249
8533
6863
2942
1997
1088
1028
4322
78499
77455
62849
47099
40148
6016
5608
1
117533
6942
45720
3260
59725
1153
954
946
914
757
146501
541
53318
39421
7155
5984
3707
3176
64969
63131
2361
1900
94777
78349
5377
5349
5135
4890
4823
4701
4641
4369
4351
4306
4016
3978
3893
3785
3751
5481
5812
6281
106473
70286
8369
106918
55247
5449
3676
44191
6953
3703
107649
88125
68954
65514
8636
109374
232
106696
97938
3301
3300
3275
3257
2641
2359
80551
2082
104841
69640
8972
7458
5445
52319
109487
3809
4069
5219
66934
47640
46970
71057
69712
69526
68319
66097
5507
63992
48394
34405
8928
8861
7373
79132
48780
4995
100365
1199
130682
111624
107999
2174
150
45950
4467
37729
35957
34162
32892
7478
1955
2968
4911
4226
4612
1704
1258
260
27255
6986
6683
4189
5909
48711
74458
64957
1131
4388
47465
6985
7361
44555
7376
1176
1197
47
35836
32025
31221
4721
1265
122886
1721
33794
31878
26585
26554
1210
2068
8874
34321
95441
93040
72998
68358
56367
46578
27611
2424
26662
8464
5299
4973
4018
3948
8961
8795
3030
104
741
78209
76251
61024
8528
2502
36401
1274
8865
6754
132046
104283
82461
5971
924
2019
7844
5952
7153
7090
7022
6857
6539
6350
5902
2571
5782
4993
3996
3265
2997
2924
1172
599
1209
94969
96728
96610
96588
96417
95761
95558
95449
95135
94959
89492
94931
91077
90866
90531
90439
90376
90057
89804
96811
96832
97304
97673
103688
103624
103449
103372
103107
102469
102194
101895
101525
101285
99149
99114
98961
98154
97923
97921
97752
89759
89470
67087
72176
78039
74545
74324
73023
72741
72720
72395
72226
72131
89260
72011
71745
71464
71108
70293
1211
67665
67429
78574
78653
79242
80463
88810
88235
88129
87304
86833
86320
85394
83976
82463
82459
82313
81932
81845
81786
81591
81562
80489
105197
105355
105504
134859
141749
140725
140715
140174
139642
139385
137337
134881
134130
106100
133771
133645
132800
132549
132547
132458
131796
128606
142488
143385
144172
146656
111931
82152
66203
47044
138610
164979
164977
163949
163056
161582
161336
160954
158783
156387
155064
148626
148482
128512
128360
128235
113064
112556
112552
112550
112515
112290
112183
112070
111622
111505
111251
111249
110871
107636
107141
106920
106916
106766
112852
114254
127212
114342
127206
127144
127114
127108
123695
123663
122882
118880
118700
117176
116797
116161
115713
115569
115139
114662
114459
67255
69481
66665
6229
6983
6981
6874
6830
6783
6643
6515
6433
5956
7243
5795
5791
5747
5464
5289
5198
5169
4928
7195
7335
26366
8584
26150
25927
64839
8767
8766
8765
8751
8645
8494
7438
8236
8207
8195
8154
8128
8125
7926
7792
4763
4712
4437
1957
2920
2857
2747
2730
2202
2182
2178
2109
1942
4327
1935
1572
1283
1281
1273
1272
1260
1232
2927
2936
3022
3089
4326
4262
4103
3947
3811
3789
3742
3679
3671
3634
3632
3629
3539
3498
3415
3384
3111
26151
25805
53123
55118
55063
55052
54881
54513
54286
54272
53953
53894
61236
31770
53000
52967
52579
52281
61240
55069
55253
51540
55269
58191
57669
56805
56788
56782
56607
56286
56152
56015
55946
55442
55363
55280
60766
55276
60069
52241
50068
41585
46664
45210
45028
42217
41997
41863
64620
40819
49917
40629
39183
64622
38304
37741
64701
34517
46723
47274
47423
48738
49824
61323
61357
48774
63082
64614
58879
48696
63876
48516
47629
3882
37733
55820
7161
608
27773
8623
1103
5
186
350
357
520
587
4041
52973
60684
5618
27904
27592
247
339
