1245
2330
2677
306
319
3246
364
588
2028
296
608
4121
1610
357
1200
1120
1042
858
593
260
47
318
247
215
1079
778
1729
2959
1103
4041
52973
350
3793
27592
3809
2542
27773
55820
109249
1732
4973
3361
3882
37733
954
3022
541
337
300
8125
232
150
88125
2288
27904
1089
8928
5608
5618
68157
2936
4226
46578
109374
1258
60684
3629
1283
7243
111384
121231
130682
1210
48394
1219
2529
1061
1997
3114
48780
2019
132046
62849
1704
2068
293
66097
74458
122886
5377
79132
4995
107999
2424
27611
97938
109487
68319
2571
135518
3703
70286
72998
64957
8528
5349
6683
5481
5812
6281
6953
8636
65514
68954
4612
107649
106473
44191
2361
3676
5449
4189
55247
106918
8369
48711
78349
94777
5135
4890
4823
4701
1801
1954
1956
2004
2012
2085
2369
2396
2692
2700
3052
3113
52319
3260
27255
3751
3785
3893
3978
4016
6986
4306
4351
4369
4641
1900
117533
1635
1131
1199
111624
8623
2174
100365
146501
757
45950
37729
914
946
35957
1153
1172
34162
32892
1197
1209
1211
1232
7478
1955
1260
1272
1273
2968
4467
53318
4911
4388
47465
6016
40148
47099
60072
5909
77455
4322
1028
1088
2942
39421
6863
6942
8533
45720
59725
63131
64969
3176
3707
5984
7155
1639
1517
61024
7161
8795
8874
8961
26554
31878
33794
1721
6985
4721
7376
31221
32025
35836
47640
50
46970
71057
1176
69712
1265
69526
66934
3948
4018
63992
7844
7153
7090
741
76251
78209
2502
104
36401
8865
6754
104283
82461
5971
3030
924
6857
1274
44555
7361
2924
2997
3996
4993
5902
5952
6350
6539
5299
8464
1376
26614
6713
8188
80551
2082
30745
31658
52885
58559
67997
5
104841
236
69640
8972
7458
5445
377
520
529
628
904
1242
1250
1259
1358
6287
5662
3546
5219
26662
34405
34321
8861
56367
1281
93040
95441
7373
106696
5507
118997
2359
54290
40614
111
4069
3301
1080
3300
3275
1256
3257
2641
68358
599
1572
90439
97673
97304
96832
96811
96728
96610
96588
96417
95761
95558
95449
95135
94969
94959
94931
91077
90866
97752
97921
97923
103107
105504
105355
105197
103688
103624
103449
103372
102469
98154
102194
101895
101525
101285
99149
99114
98961
90531
90376
106766
90057
81562
80489
1935
79242
78653
78574
78039
74545
74324
73023
72741
72720
72395
72226
72176
72131
72011
81591
81786
81845
88129
89804
89759
89492
89470
89260
88810
88235
87304
81932
86833
86320
85394
83976
82463
82459
82313
106100
106916
71464
128606
142488
141749
140725
140715
140174
139642
139385
137337
134881
134859
134130
133771
133645
132800
132549
132547
132458
143385
144172
146656
163949
111931
82152
66203
47044
138610
164979
164977
163056
148482
161582
161336
160954
158783
156387
155064
148626
131796
128512
106920
128360
114254
113064
112852
112556
112552
112550
112515
112290
112183
112070
111622
111505
111251
111249
110871
107636
107141
114342
114459
114662
123663
128235
127212
127206
127144
127114
127108
123695
122882
115139
118880
118700
117176
116797
116161
115713
115569
71745
80463
71108
70293
25927
25805
8767
8766
8765
8751
8645
8584
8494
8236
8207
8195
8154
8128
7926
7792
7438
7335
7195
6983
6981
26150
26151
26366
45028
48738
48696
48516
47629
47423
47274
46723
46664
45210
42217
31770
41997
41863
41585
40819
40629
39183
38304
37741
34517
6874
6830
6783
2927
3671
3634
3632
3539
3498
3415
3384
3111
3089
2920
3742
2857
2747
2730
2202
2182
2178
2109
1957
1942
3679
3789
6643
5198
6515
6433
6229
5956
5795
5791
5747
5464
5289
5169
3811
4928
4763
4712
4437
4327
4326
4262
4103
3947
48774
49824
49917
55442
56805
56788
56782
56607
56286
56152
56015
55946
55363
58191
55280
55276
55269
55253
55118
55069
50068
55063
57669
58879
54881
64622
69481
67665
67429
67255
67087
66665
64839
64701
64620
60069
64614
63876
63082
61357
61323
61240
61236
60766
55052
339
51540
52241
52281
52579
52967
53000
53123
53894
53953
54513
54272
54286
115617
134853
78499
661
1
587
246
1059
6218
3949
4011
5064
1291
745
5782
3994
3265
7022
44199
26585
186
494
8781
7347
780
153
434
4638
5602
1617
2273
2329
2600
2985
2989
3160
3499
4223
3916
4023
3175
1036
