293
608
4041
350
52973
1103
2600
780
2273
5602
4638
4223
4023
3916
2985
2329
1617
3499
3175
3160
2989
7347
8781
153
494
434
60072
50
26614
3809
104
6287
5449
260
55820
3246
588
1245
2330
364
319
306
2677
44199
3882
37733
1036
4973
3994
745
1291
5064
4011
109249
8928
1079
2028
215
3949
46578
109374
6218
1732
2019
2068
132046
122886
107999
27611
109487
68319
2571
135518
3703
79132
587
67997
5
186
64969
236
246
300
337
63131
357
377
520
529
5135
58559
661
904
1059
1242
1259
1358
59725
45720
1376
1517
1635
8533
628
52885
6863
1219
914
118997
54290
40614
757
111
146501
247
541
53318
1080
1089
39421
1256
3176
2288
7155
2529
3546
5662
5984
3707
6713
8188
27592
27773
30745
31658
6942
2942
5349
1997
65514
2396
2692
106696
8636
6953
3052
3113
6281
5812
3114
3260
3361
5481
3751
3785
3893
3978
4016
5377
4306
4351
4369
4641
4701
4823
4890
68954
88125
107649
2361
1088
1028
4322
1639
77455
62849
47099
40148
1801
6016
5608
117533
1900
2369
78349
8369
106918
55247
1954
3676
1956
2004
2012
106473
2085
44191
2700
7376
97938
80551
3300
3275
3257
2641
2359
1061
2082
4069
104841
69640
8972
7458
5445
52319
3301
5219
7361
66934
47640
46970
71057
69712
69526
68157
66097
5507
63992
60684
48394
27904
8861
7373
121231
48780
4995
100365
1199
130682
111624
8623
2174
150
45950
4226
37729
35957
34162
32892
7478
1955
2968
4467
4911
5909
47465
4388
1131
64957
74458
48711
4189
4612
6683
6986
27255
1258
1704
6985
44555
95441
26585
31221
954
4721
1721
33794
31878
26554
35836
8961
8874
8795
7844
7153
7090
32025
47
3030
7161
93040
68358
56367
34321
26662
8464
5299
232
4018
3948
2424
1265
1176
318
7022
6857
6539
2502
858
593
78209
76251
61024
8528
36401
6350
8865
6754
104283
82461
5971
5618
1042
1120
1200
1610
3793
4121
741
924
1274
2924
2997
3265
3996
4993
5782
5902
5952
946
599
1153
94931
96588
96417
95761
95558
95449
95135
94969
94959
91077
96728
90866
90531
90439
90376
90057
89804
89759
89492
96610
96811
105197
101285
103624
103449
103372
103107
102469
102194
101895
101525
99149
96832
99114
98961
98154
97923
97921
97752
97673
97304
89470
89260
88810
72011
74324
73023
72741
72720
72395
72226
72176
72131
71745
88235
71464
71108
70293
69481
67665
67429
67255
67087
74545
78039
78574
78653
88129
87304
86833
86320
85394
83976
82463
82459
82313
81932
81845
81786
81591
81562
80489
80463
79242
103688
105355
1172
134859
141749
140725
140715
140174
139642
139385
137337
134881
134130
143385
133771
133645
132800
132549
132547
132458
131796
128606
142488
144172
105504
163949
111931
111384
82152
66203
47044
138610
164979
164977
163056
146656
161582
161336
160954
158783
156387
155064
148626
148482
128512
128360
128235
111505
112556
112552
112550
112515
112290
112183
112070
111622
111251
127212
111249
110871
107636
107141
106920
106916
106766
106100
112852
113064
114254
114342
127206
127144
127114
127108
123695
123663
122882
118880
118700
117176
116797
116161
115713
115569
115139
114662
114459
66665
64839
64701
6830
6643
6515
6433
6229
5956
5795
5791
5747
5464
5289
5198
5169
4928
4763
4712
4437
4327
6783
6874
4262
6981
8751
8645
64622
8494
8236
8207
8195
8154
8128
8125
7926
7792
7438
7335
7243
7195
6983
4326
4103
8766
2747
2202
2182
2178
2109
1957
1942
1935
1572
1283
1281
1273
1272
1260
1232
1211
1209
1197
2730
2857
3947
2920
3811
3789
3742
3679
3671
3634
3632
3629
3539
3498
3415
3384
3111
3089
3022
2936
2927
8765
8584
8767
55118
55946
55442
55363
55280
55276
55269
55253
55069
56152
55063
55052
54881
54513
25805
54286
54272
56015
56286
53894
61236
64620
64614
63876
63082
61357
61323
61240
60766
56607
60069
58879
58191
57669
56805
56788
56782
53953
339
53123
40819
48516
38304
39183
47629
47423
53000
47274
46723
46664
40629
45210
45028
42217
41997
41863
37741
48696
48738
48774
52967
25927
52579
52281
52241
26150
51540
50068
49917
26151
26366
31770
34517
49824
41585
72998
70286
94777
34405
115617
134853
1250
296
2542
2959
1210
78499
778
1
1729
