61236
61240
1729
778
4973
2959
63876
63082
61357
61323
64839
60766
64620
58879
58191
57669
64701
55063
64614
60069
67429
64622
1079
5791
50068
5464
55280
6874
7438
8645
357
68954
1704
56367
55363
6942
1732
8125
66665
78653
37741
67087
40629
1259
39183
3022
954
2396
40819
541
70293
38304
72131
69481
73023
72226
72011
71745
71108
72720
71464
72395
5377
52281
41997
2692
6016
2997
7361
2542
5952
7153
5608
111624
67665
47
2936
4993
8795
48394
2028
296
7243
1283
3629
93040
5782
66097
6539
260
2571
109249
61024
4262
4326
4327
5198
4103
3811
3789
3679
5747
2502
8128
8154
3111
914
1957
1273
1211
1209
1197
1172
2857
150
318
5618
8874
26554
4890
2019
4226
3260
3978
5902
67997
2174
1219
4995
3634
31878
3809
599
5299
70286
88125
46578
69640
2359
8928
132046
1721
1176
232
608
55442
55069
5971
2424
3246
2677
306
364
2330
1245
588
319
109487
68157
118997
52885
6857
1274
741
104283
34321
3361
107649
109374
27611
115617
48780
6350
1089
135518
59725
107999
215
2529
3751
7090
337
1080
2924
7844
3996
5445
94777
66934
111384
64957
1210
121231
130682
62849
26662
2288
7155
7022
3265
1061
112552
1997
105504
63992
3703
1088
1258
3114
65514
122886
8861
72998
53318
3030
924
39421
68319
134853
3707
2942
79132
27773
54290
114662
8188
6713
5662
3546
127108
123695
118700
3948
123663
113064
68358
116161
95441
1256
97938
114254
115713
114342
115569
118880
115139
122882
114459
40614
26614
8464
117176
116797
67255
30745
112183
1956
2004
2012
2085
2369
112515
112290
2700
3113
112070
1801
3785
3893
111622
4016
4306
4351
4369
4641
4701
72176
1639
31658
529
112852
58559
112556
5
186
236
127144
246
300
587
1635
628
661
904
1059
1242
1250
112550
1358
1376
127114
128360
50
104841
138610
164979
164977
163949
163056
52319
161582
7458
8972
161336
2082
27255
80551
160954
158783
2641
3257
3275
3300
3301
156387
4069
47044
6986
5507
82152
1955
7478
32892
34162
35957
37729
45950
100365
111931
8623
2968
6683
4467
4911
5909
47465
66203
4388
1131
48711
4189
4612
5219
7373
127206
131796
137337
134881
134859
134130
133771
133645
132800
132549
132547
132458
128606
139642
128512
8961
111505
26585
128235
127212
4721
7376
31221
32025
139385
78209
155064
44555
27904
148626
148482
146656
69526
69712
71057
47640
6985
144172
143385
76251
142488
82461
141749
140725
6754
8865
36401
140715
8528
140174
4823
1954
5135
25805
6643
6783
6830
90439
6981
6983
90376
7335
90057
7792
7926
89804
89759
89492
8195
8207
8236
8494
8584
89470
8751
8765
8766
6515
6433
6229
94959
96588
3671
96417
3742
95761
95558
3947
95449
95135
94969
4437
5956
4712
4763
4928
5169
94931
5289
91077
90866
90531
5795
8767
25927
96610
26150
86320
85394
52579
53953
83976
82463
82459
82313
81932
55946
56015
81845
81786
81591
81562
80489
80463
79242
78574
78039
74545
74324
72741
49917
49824
48774
41863
26151
26366
31770
34517
89260
88810
88235
88129
87304
41585
86833
48738
42217
45028
45210
46664
46723
47274
47423
47629
48516
48696
3632
7195
3539
757
8533
45720
3176
5984
105197
103688
103624
103449
103372
146501
103107
4322
946
102469
1153
3498
101895
101525
101285
1232
99149
1260
105355
78499
99114
8369
111251
5481
5812
6281
6953
111249
110871
107636
3676
106918
107141
77455
1900
117533
1
106920
106916
106766
106100
40148
47099
60072
1272
102194
97923
2730
1572
1935
1942
98154
2109
2178
2182
2202
97921
97752
2747
1281
97673
2920
2927
97304
96832
3089
96811
96728
3384
3415
98961
339
74458
111
2361
4018
106696
247
106473
78349
7161
64969
46970
2068
63131
27592
44191
3882
37733
1199
6863
1028
34405
5349
8636
377
6218
35836
3949
1265
55247
293
52973
350
4041
1103
3052
55820
4011
60684
33794
5064
3793
3994
1036
1291
54513
54881
53123
54272
54286
53894
52241
52967
55253
53000
56782
51540
55269
55276
56152
56286
56607
55118
56788
56805
55052
745
44199
1120
1610
1200
1042
4121
858
593
520
2329
4638
2600
2985
3160
4223
2989
7347
4023
5602
153
8781
3916
2273
434
3175
494
780
1617
3499
6287
5449
1517
104
