6874
5464
5791
55280
50068
8645
7438
5952
7153
52281
41997
55363
55069
55442
61240
61236
4993
8795
2028
924
3978
3260
5902
306
3246
588
1245
364
2330
2677
319
296
2959
260
2571
2019
48394
41863
45028
47423
45210
46723
47629
48516
48696
48738
48774
58559
49824
49917
8528
1
33794
318
3793
6539
778
1729
1283
7243
3629
78499
68954
215
5608
69640
541
8125
3022
954
1200
593
858
4121
1042
1610
1120
132046
44555
47099
4226
2542
134853
2936
1079
79132
115617
1219
2529
3361
27611
48780
47
1089
1210
62849
1704
135518
27773
68157
46578
1732
74458
70286
72998
2068
111384
4995
121231
5299
109487
1061
105504
106696
1258
1028
34321
8874
122886
118997
107999
35836
31878
63131
7161
46970
68319
94777
56367
3703
64969
109249
6350
4018
6863
4973
66934
1635
661
40148
628
904
6016
1059
1517
60072
53318
1242
1250
8533
7155
1376
39421
77455
4322
45720
5984
3707
3176
1088
1358
1997
1259
2942
59725
4823
2012
1639
1801
4306
5449
3676
44191
4351
4369
107649
4641
88125
65514
8636
4701
6953
529
6281
5812
5481
5377
5135
4041
4016
106918
2396
1954
1956
117533
2004
4890
2085
2369
2361
1900
3893
2692
2700
3052
3113
78349
8369
3751
3785
587
40614
520
104841
80551
2359
2641
3257
3275
3300
3301
3882
4069
5507
7373
8861
8928
27904
34405
37733
63992
66097
69526
69712
71057
47640
6985
7361
3030
5618
82461
104283
6754
2082
8972
377
7458
1955
7478
32892
34162
35957
37729
45950
100365
2174
8623
130682
1199
2968
4467
4911
5909
47465
4388
1131
64957
48711
4189
4612
6683
6986
27255
52319
608
5445
8865
36401
104
1103
68358
93040
95441
97938
54290
757
111
247
1080
1256
2288
3546
5662
6287
6713
8188
27592
30745
31658
52885
67997
5
186
236
246
300
337
350
357
26662
26614
8464
6857
2502
52973
55820
61024
76251
78209
741
1274
2924
2997
3265
3996
5782
7022
3948
7090
7844
8961
26554
26585
1721
4721
7376
31221
32025
50
232
1176
146501
599
914
96832
98961
98154
97923
97921
97752
97673
97304
96811
94969
96728
96610
96588
96417
95761
95558
95449
99114
99149
101285
101525
107141
106920
106916
106766
106100
105355
105197
103688
103624
103449
103372
103107
102469
102194
101895
95135
94959
72741
81562
946
82459
82313
81932
81845
81786
81591
80489
94931
80463
79242
78653
78574
78039
74545
74324
83976
85394
86320
86833
91077
90866
90531
90439
90376
90057
89804
89759
89492
89470
89260
88810
88235
88129
87304
107636
110871
111249
139385
143385
142488
141749
140725
140715
140174
139642
137337
111251
134881
134859
134130
133771
133645
132800
132549
144172
146656
148482
148626
111931
82152
66203
47044
138610
164979
164977
163949
163056
161582
161336
160954
158783
156387
155064
132547
132458
131796
115569
114662
114459
114342
114254
113064
112852
112556
112552
112550
112515
112290
112183
112070
111622
111505
115139
115713
128606
116161
128512
128360
128235
127212
127206
127144
127114
127108
123695
123663
122882
118880
118700
117176
116797
73023
82463
72720
8195
8128
7926
7792
7335
7195
6983
6981
6830
6783
6643
6515
6433
6229
5956
5795
5747
5289
5198
5169
8154
8207
46664
8236
41585
40819
40629
72395
38304
37741
34517
31770
26366
26151
26150
25927
25805
8767
8766
8765
8751
8584
8494
4928
4763
4712
4437
2730
2202
2182
2178
2109
1957
1942
1935
1572
1281
1273
1272
1260
1232
1211
1209
1197
1172
1153
2747
2857
2920
3679
4327
4326
4262
4103
3947
3811
3789
3742
3671
2927
3634
3632
3539
3498
3415
3384
3111
3089
42217
39183
47274
56286
60766
60069
58879
58191
57669
56805
56788
56782
56607
56152
54286
56015
55946
55276
55269
55253
55118
55063
55052
54881
61323
61357
63082
63876
72226
72176
72131
72011
71745
71464
71108
70293
69481
67665
67429
67255
67087
66665
64839
64701
64622
64620
64614
54513
339
54272
52579
53123
53953
53000
52967
53894
52241
51540
6942
109374
55247
60684
111624
5971
3809
2424
106473
150
1265
3114
5349
5219
293
3949
6218
4011
44199
5064
1291
3994
1036
745
1617
3499
3916
434
494
8781
780
153
7347
3175
4023
3160
5602
2989
2600
4638
2329
2273
4223
2985
