608
1059
2571
52973
1103
350
4041
3809
132046
55820
3882
37733
79132
1079
4973
27611
8928
109249
1358
2396
3789
1209
2857
1610
8154
4121
914
1200
1120
1042
858
593
4327
1
2028
318
135518
46578
109374
1283
3629
7243
3634
78499
70286
72998
1732
599
1704
541
954
3022
8125
3793
319
1245
364
588
2677
2330
306
3246
4890
1210
52281
41997
109487
2936
134853
3361
215
115617
4995
260
1176
111384
121231
1061
357
139385
377
661
520
587
529
904
628
1250
137337
1242
300
1259
134881
1376
1517
1635
1639
1801
1954
1956
2004
2012
2085
337
52885
246
236
95441
97938
106696
140715
140174
118997
54290
40614
111
247
139642
1080
1089
1256
1729
3546
5662
6287
6713
8188
30745
31658
134859
58559
67997
5
186
2369
3893
2692
133645
60072
47099
40148
6016
2542
778
117533
2700
2361
1900
94777
78349
133771
8369
77455
127108
4322
1028
1088
2942
6863
8533
45720
63131
64969
3176
3707
5984
7155
39421
53318
106918
55247
5449
4701
3052
3113
3114
3260
3751
3785
140725
3978
4016
134130
4306
4351
4369
4641
4823
3676
5135
5349
5377
5481
5812
6281
6953
8636
65514
68954
107649
3703
44191
106473
93040
127114
68358
56367
7373
5507
5219
4069
47044
66203
3301
3300
3275
3257
2641
2359
82152
80551
2082
8861
138610
27904
71057
3030
44555
7361
6985
47640
46970
69712
34405
69526
68319
68157
66934
60684
164979
104841
69640
8972
100365
1199
111624
107999
8623
2174
150
45950
4467
37729
35957
34162
32892
7478
1955
2968
4911
7458
4612
5445
52319
111931
27255
6986
6683
4189
5909
48711
64957
1131
4388
296
47465
5618
5971
82461
26554
7376
4721
122886
33794
31878
26585
8961
32025
8874
8795
7844
7153
7090
7022
31221
35836
6539
5299
141749
34321
142488
26614
8464
7161
143385
50
4018
3948
2068
1265
144172
232
6857
6350
104283
8528
161336
78209
76251
61024
161582
163056
2502
158783
163949
104
36401
8865
6754
164977
160954
156387
5952
2924
5902
5782
4993
3996
3265
2997
146656
155064
2019
1274
924
741
148482
148626
26662
132800
146501
81932
81786
81591
81562
80489
80463
79242
78653
78574
78039
74545
74324
73023
72741
72720
72395
81845
82313
90439
82459
90057
89804
89759
89492
89470
89260
88810
88235
88129
87304
86833
86320
85394
83976
82463
72226
72176
72131
72011
61323
61240
61236
60766
60069
58879
58191
57669
56805
56788
56782
56607
56286
56152
56015
61357
757
63876
67429
71745
71464
71108
70293
69481
67665
67255
64614
67087
66665
64839
64701
64622
64620
90376
90531
55442
112556
112550
112515
112290
112183
112070
111622
111505
111251
111249
110871
107636
107141
106920
106916
106766
112552
112852
90866
113064
123695
123663
122882
118880
118700
117176
116797
116161
115713
115569
115139
114662
114459
114342
114254
106100
105504
105355
105197
97304
96832
96811
96728
96610
96588
96417
95761
95558
95449
95135
94969
94959
94931
91077
97673
97752
97921
102194
103688
103624
103449
103372
103107
102469
101895
97923
101525
101285
99149
99114
98961
98154
55946
63082
55363
5464
6643
6515
6433
6229
5956
5795
5791
5747
5289
6830
5198
5169
4928
4763
4712
4437
127212
4326
6783
6874
4103
8195
8766
8765
8751
8645
8584
55280
8236
8207
127144
6981
8128
7926
7792
7438
7335
127206
7195
6983
4262
3947
25805
1272
131796
1957
1942
1935
1572
132458
1281
1273
1260
2178
1232
1211
132547
1197
1172
1153
946
132549
2109
2182
3811
3498
128235
3742
3679
3671
128360
3632
128512
3539
3415
2202
3384
3111
3089
2927
2920
128606
2747
2730
8767
8494
46723
47423
49917
49824
48774
48738
48696
48516
47629
47274
51540
46664
45210
45028
42217
41863
41585
40819
50068
52241
39183
54881
55276
55269
55253
55118
55069
55063
55052
54513
52579
54286
54272
53953
53894
53123
53000
52967
40629
339
34517
37741
31770
25927
26150
38304
26151
26366
48394
1219
74458
66097
62849
5608
48780
27773
1997
2529
4226
130682
1258
2959
293
27592
63992
6218
2288
88125
6942
2424
59725
3949
5064
1291
745
3994
1036
4011
44199
47
780
494
434
3160
1617
3499
7347
5602
4638
4223
4023
3916
3175
2273
8781
2989
1721
2985
2600
2329
153
