608
350
1103
52973
4041
3809
55820
1079
3882
37733
4973
8928
109249
260
1729
778
1
1061
1732
46578
109374
78499
2959
2542
134853
1131
296
111384
115617
27773
1210
318
2019
132046
2068
122886
107999
27611
109487
68319
2571
135518
3703
70286
72998
79132
520
1059
904
628
587
529
377
1250
588
357
146501
337
300
246
1242
1088
1259
2004
364
541
2396
2369
2085
2012
1956
236
1954
1801
1639
1635
1517
1376
1358
186
215
6287
1080
1089
1260
1219
1245
1232
1211
1256
1209
2288
2529
3546
5662
1197
1172
2700
6713
8188
27592
1153
30745
954
31658
52885
58559
946
67997
914
5
757
2692
3113
3052
63131
106473
3676
5449
55247
106918
3707
8369
3176
78349
94777
1900
2361
117533
64969
59725
5984
45720
8533
6942
5608
6016
6863
2942
40148
47099
60072
62849
77455
1997
4322
44191
107649
1028
39421
3114
3260
3361
3751
3785
3893
3978
4016
319
4306
306
53318
4351
4369
4641
88125
4701
4823
4890
7155
247
5349
5377
5481
5812
6281
6953
8636
65514
68954
5135
34321
111
5445
7373
5507
5219
4069
3301
3300
3275
3257
2641
2359
80551
2082
104841
69640
8972
8861
27904
34405
71057
3030
44555
7361
6985
47640
46970
69712
48394
69526
68157
66934
66097
63992
60684
7458
52319
5971
121231
2968
1199
130682
111624
8623
2174
150
100365
45950
37729
35957
34162
32892
7478
1955
4467
4911
5909
6986
48780
4995
4226
1704
1258
27255
6683
47465
4612
4189
48711
74458
64957
4388
5618
82461
40614
8795
1176
232
50
47
35836
32025
31221
7376
4721
1721
33794
31878
26585
26554
8961
1265
2424
3948
68358
54290
118997
106696
97938
95441
93040
56367
4018
1273
26662
26614
8464
7161
5299
8874
7844
104283
7153
1610
1200
1120
1042
858
593
78209
76251
61024
8528
2502
104
36401
8865
6754
3793
4121
741
5902
7090
7022
6857
6539
6350
5952
5782
924
4993
3996
3265
2997
2924
1274
1272
599
1281
97752
97304
96832
96811
96728
96610
96588
96417
95761
95558
95449
95135
94969
94959
94931
91077
90866
90531
97673
97921
71108
97923
105504
105355
105197
103688
103624
103449
103372
103107
102469
102194
101895
101525
101285
99149
99114
98961
98154
90439
90376
90057
89804
80489
80463
79242
78653
1283
78039
74545
74324
73023
72741
72720
72395
72226
72176
72131
72011
71745
81562
81591
81786
87304
89759
89492
89470
89260
88810
88235
88129
86833
81845
86320
85394
83976
82463
82459
82313
81932
106100
106766
106916
128606
142488
141749
140725
140715
140174
139642
139385
137337
134881
134859
134130
133771
133645
132800
132549
132547
132458
143385
144172
146656
163949
111931
82152
66203
47044
138610
164979
164977
163056
148482
161582
161336
160954
158783
156387
155064
148626
131796
128512
106920
128360
114254
113064
112852
112556
112552
112550
112515
112290
112183
112070
111622
111505
111251
111249
110871
107636
107141
114342
114459
114662
123663
128235
127212
127206
127144
127114
127108
123695
122882
115139
118880
118700
117176
116797
116161
115713
115569
71464
78574
70293
5791
8207
8195
8154
8128
8125
7926
7792
7438
7335
7243
7195
6983
6981
6874
6830
6783
6643
6515
6433
6229
5956
8236
8494
8584
34517
42217
41997
41863
41585
40819
40629
39183
38304
37741
31770
8645
26366
26151
26150
25927
25805
8767
8766
8765
8751
5795
5747
69481
5464
3246
3111
3089
3022
2936
2927
2920
2857
2747
2730
2677
2330
2202
2182
2178
2109
2028
1957
1942
1935
1572
3384
3415
3498
4262
5289
5198
5169
4928
4763
4712
4437
4327
4326
4103
3539
3947
3811
3789
3742
3679
3671
3634
3632
3629
45028
45210
46664
46723
56607
56286
56152
56015
55946
55442
55363
55280
55276
55269
55253
55118
55069
55063
55052
54881
54513
54286
54272
53953
53894
56782
56788
56805
64614
67665
67429
67255
67087
66665
64839
64701
64622
64620
63876
57669
63082
61357
61323
61240
61236
60766
60069
58879
58191
53123
53000
52967
51540
47274
47423
47629
48516
48696
48738
48774
49824
49917
50068
339
52281
52241
52579
293
6218
3949
661
4011
5064
1291
745
3994
1036
44199
153
7347
434
494
780
8781
4223
5602
4023
1617
2273
2329
2600
2985
3160
3175
3499
4638
3916
2989
