5952
7153
4993
8795
78499
1
79132
2019
115617
1265
56152
55276
55269
56607
56286
55253
55118
56788
52241
56782
56805
55052
54881
54513
54286
51540
53894
54272
52967
53000
53123
2571
924
5902
3260
3978
111251
109374
1291
1036
2028
114662
112852
114342
112290
112183
115569
116161
116797
117176
111622
112556
1210
745
96832
96610
33794
58559
3114
2989
780
2600
3160
3175
2329
3499
2985
4023
494
8781
7347
5602
4638
4223
2273
434
3916
1617
153
3246
364
2677
2330
306
319
1245
588
118880
118700
112515
132046
55069
55442
26585
1283
3629
7243
4973
82463
80489
81591
78039
78574
67255
79242
81845
81932
74324
82459
80463
81562
74545
134853
5956
8494
132547
103688
103449
95761
96417
3809
5299
95135
97921
99149
99114
98961
95449
98154
97923
101525
97752
94959
97304
94931
96811
95558
96728
96588
44199
293
117533
5782
8125
954
3022
541
60684
6218
4011
55820
215
7022
3265
599
3994
56367
27611
55247
150
70286
41997
52281
2936
5064
72998
68358
4306
34162
44191
112552
2424
135518
2068
3949
77455
74458
106473
7161
109487
1250
8874
608
34321
4226
5971
93040
94777
111624
48394
260
118997
48780
109249
46578
1199
97938
63131
6539
122886
1079
31878
107999
6350
1704
64957
2529
46970
34405
8928
2959
64969
68319
62849
6863
1176
3703
1732
66934
6942
4995
35836
4018
27773
47
247
1721
111
123663
40614
1080
1089
54290
4721
114459
31221
107636
7376
3948
8464
115139
318
26662
232
113064
50
112550
112070
111505
95441
32025
106696
114254
111249
110871
26614
64839
1219
1801
661
904
1059
1242
1259
1358
1376
1517
1635
1639
1954
587
64701
2004
2012
2085
2369
2396
2692
2700
3052
3113
628
529
1256
107141
1729
2288
3546
5662
123695
8188
27592
30745
31658
52885
67997
520
5
186
106920
236
246
300
337
350
357
377
6713
131796
26554
2641
121231
52319
5445
7458
8972
69640
104841
2082
80551
1061
2359
3257
1258
3275
3300
3301
66203
3882
4069
5219
5507
7373
8861
27904
82152
27255
47044
130682
1955
7478
32892
111931
35957
37729
45950
100365
111384
2174
8623
2968
6986
4467
4911
5909
47465
296
4388
1131
48711
4189
4612
6683
37733
63992
8961
132800
161336
160954
158783
156387
155064
148482
144172
140725
140715
139642
133771
132549
163056
741
132458
1274
106766
2997
128512
128235
127212
127206
6857
127144
161582
163949
66097
104283
68157
69526
69712
71057
47640
6985
7361
44555
3030
5618
82461
138610
164977
6754
8865
36401
1103
2502
8528
52973
164979
61024
76251
78209
106916
1956
3361
8765
7335
7792
7926
88235
8128
8154
8195
8207
8236
88129
8584
8751
8766
41585
8767
25805
25927
26150
26151
26366
31770
34517
37741
38304
39183
40629
88810
7195
6983
6981
3742
3789
3811
3947
4103
4262
4326
4327
3751
4437
4712
4763
4928
5169
5198
5289
5747
5795
89260
6229
6433
6515
6643
6783
6830
40819
41863
3671
67087
72176
72131
72011
71745
71464
71108
55946
56015
70293
69481
67665
67429
66665
87304
57669
58191
58879
60069
60766
61323
61357
63082
63876
64614
64620
64622
55063
72226
72395
72720
42217
45028
45210
46664
46723
47274
47423
47629
48516
48696
48738
48774
49824
49917
86833
86320
85394
52579
83976
82313
81786
78653
53953
73023
72741
3679
339
91077
90439
914
946
78349
1153
1172
1197
1209
1211
103624
1232
90866
1260
1272
1273
1281
90531
1572
1935
1942
8369
1957
106918
105197
757
146501
94969
1028
2542
5608
6016
40148
103372
47099
60072
102469
4322
2361
1088
97673
1997
8533
45720
3176
5984
1900
53318
102194
101895
101285
103107
778
2109
5135
4823
3089
3676
3111
89492
4641
3384
4369
4351
105504
4041
4016
106100
3415
3498
3539
89470
3893
3785
3632
3634
4890
4701
89759
2202
90057
2730
2747
105355
2857
107649
88125
2920
8636
5349
90376
2182
2178
6953
6281
5812
5481
2927
5377
89804
59725
2942
3707
39421
127108
134859
122882
61240
61236
128360
134881
128606
127114
133645
134130
137337
115713
139385
140174
141749
142488
143385
146656
148626
55363
50068
6874
55280
8645
7438
5791
5464
7155
65514
3793
68954
1200
2924
7090
3996
1120
7844
1610
4121
5449
1042
593
6287
858
104
