26614
50
1729
778
1
247
318
78499
296
1079
2959
2542
608
293
300
3809
1732
134853
3361
27592
115617
4973
27904
60072
27773
5618
8928
109249
60684
111384
46578
109374
121231
1061
1103
4041
52973
350
1089
68157
55820
3882
37733
1059
1242
1250
1635
1259
1358
904
1376
628
1517
661
3176
1639
1801
1954
2004
2012
2085
2369
2396
2692
2700
3052
3113
3260
1172
1956
246
337
1080
2288
1272
1273
1256
1219
1281
1283
3546
1572
111
40614
54290
118997
1935
2529
5662
1197
31658
3785
236
5
67997
58559
52885
30745
6287
1209
1211
1232
8188
1260
6713
3751
4306
3893
7155
94777
1900
914
2361
117533
757
146501
541
53318
39421
5608
6016
40148
47099
62849
3978
77455
5984
3707
4322
1028
1088
1997
2942
6863
6942
8533
45720
59725
63131
78349
70286
8369
946
1153
4016
64969
4351
4369
4641
4701
4823
4890
5135
5349
5377
5481
5812
6281
6953
8636
65514
68954
88125
107649
3703
44191
106473
3676
5449
55247
106918
954
135518
26662
106696
5507
4069
3301
3300
3275
3257
2641
2359
80551
2082
104841
69640
8972
7458
5445
52319
5219
7373
97938
8861
3030
44555
7361
6985
47640
46970
71057
69712
69526
68319
66934
66097
63992
48394
34405
109487
79132
48780
4995
2968
1199
130682
111624
107999
8623
2174
100365
45950
37729
35957
34162
32892
7478
1955
4467
4911
5909
6683
4226
1704
1258
260
27255
6986
4612
47465
4189
48711
74458
64957
1131
4388
5971
82461
104283
7153
47
35836
32025
31221
7376
4721
122886
1721
33794
31878
26585
26554
8961
8874
8795
232
1176
1210
27611
95441
93040
72998
68358
56367
34321
1957
1265
8464
7161
5299
4018
3948
2068
7844
7090
132046
7022
1610
1200
1120
1042
858
593
78209
76251
61024
8528
2502
104
36401
8865
6754
3793
4121
741
4993
6857
6539
6350
5952
5902
5782
3996
924
3265
2997
2924
2571
2019
1274
1942
599
64620
127206
94931
91077
90866
90531
90439
90376
90057
89804
89759
89492
89470
89260
88810
88235
88129
87304
86833
94959
94969
95135
143385
139642
140174
140715
140725
96588
141749
142488
144172
95449
146656
148482
148626
155064
96417
95761
95558
86320
85394
83976
70293
72226
72176
72131
72011
71745
71464
71108
69481
72720
67665
67429
67255
67087
66665
64839
64701
72395
72741
82463
80489
82459
82313
81932
81845
81786
81591
81562
80463
73023
79242
78653
78574
78039
74545
2109
74324
139385
96610
137337
111505
112552
112550
112515
112290
112183
112070
111622
111251
112852
111249
110871
107636
107141
106920
106916
106766
112556
113064
105504
117176
127114
127108
123695
123663
122882
118880
118700
116797
114254
116161
115713
115569
115139
114662
114459
114342
106100
105355
134881
132458
128512
128606
97673
131796
97304
96832
96811
96728
128360
132547
132549
132800
133645
133771
134130
134859
97752
128235
105197
101895
103688
103624
103449
103372
103107
102469
102194
101525
97921
101285
99149
99114
98961
98154
97923
127212
64622
127144
64614
5956
6874
6830
6783
6643
6515
6433
6229
5795
6983
5791
5747
5464
5289
5198
5169
4928
6981
7195
4712
8207
8766
8765
8751
8645
8584
8494
8236
8195
7243
8154
8128
8125
7926
7792
7438
7335
4763
4437
25805
66203
47044
3111
3089
3022
2936
2927
2920
2857
3415
2747
2730
82152
111931
2202
2182
2178
3384
3498
4327
3679
4326
4262
4103
3947
3811
3789
3742
3671
3539
3634
3632
163949
164977
164979
3629
138610
8767
25927
63876
55069
55280
55276
55269
156387
158783
55253
55118
55063
55442
55052
160954
161336
161582
163056
54881
54513
55363
55946
26150
58879
63082
61357
61323
61240
61236
60766
60069
58191
56015
57669
56805
56788
56782
56607
56286
56152
54286
54272
53953
40819
46664
45210
45028
42217
41997
41863
41585
40629
53894
39183
38304
37741
34517
31770
26366
26151
46723
47274
47423
51540
53123
53000
52967
52579
52281
52241
50068
49917
49824
48774
48738
48696
48516
47629
2424
3114
150
339
587
529
186
357
377
6218
3949
4011
1291
5064
215
745
2028
3994
1036
44199
306
2677
1245
319
364
588
2330
3246
7347
8781
153
5602
434
494
780
1617
2273
2329
2600
2985
2989
3160
3175
3499
3916
4023
4223
4638
520
