5952
7153
4993
8795
2019
3260
3978
5902
78499
8961
68954
1
56367
78039
67255
82463
82459
81932
81845
74324
81591
81562
80489
80463
79242
78574
74545
924
593
4121
1610
1200
1120
1042
858
904
377
339
55442
55069
79132
77455
3793
134853
74458
55280
5464
5791
6874
7438
8645
50068
55363
1704
4995
111624
3114
150
41997
52281
55253
55276
52241
51540
53000
53123
53894
54272
54286
54513
54881
55052
55118
55269
56788
56152
56286
56607
56782
52967
56805
115617
72998
1079
260
2396
71108
71745
78653
70293
69481
72131
67087
73023
72226
72720
71464
72011
72395
66665
1172
1259
337
8128
3751
1197
1211
1273
1957
3111
3679
3811
4103
4262
4326
5198
5747
529
1265
48394
46578
2959
67665
70286
4973
2424
132046
8874
3809
55247
61236
61240
4226
1721
55820
31878
4890
2571
608
109249
60684
778
1729
3703
40614
5608
1210
48780
27611
106473
1732
2529
1176
135518
745
68157
109374
67997
109487
62849
1219
47
47629
48516
48696
47423
49824
49917
46723
41863
45210
48738
48774
45028
2542
5971
8928
34405
66934
296
27773
63992
44555
47099
1258
122886
107999
59725
68319
4011
3994
1080
1089
32025
122882
1256
123663
31221
7376
4721
132549
33794
132800
2288
26585
26554
133645
50
131796
247
68358
128606
3948
128512
8464
26614
26662
132458
128360
128235
127212
127206
111
93040
132547
95441
97938
106696
127144
318
127114
127108
54290
123695
81786
118880
3052
1635
1639
1801
1954
1956
2004
2012
2085
2369
115569
2692
2700
3113
3546
82313
114662
3361
114459
3785
3893
114342
4016
4041
4351
4369
4641
1517
1376
1358
115713
5662
134130
6287
6713
8188
27592
30745
31658
52885
58559
5
186
236
246
300
118700
350
117176
520
116797
628
661
116161
1059
1250
133771
139642
7844
134859
66203
47044
138610
164979
164977
163949
121231
52319
163056
5445
7458
8972
69640
104841
2082
80551
1061
161582
2641
3257
3275
3300
3301
161336
3882
27255
6986
6683
130682
1955
7478
32892
34162
35957
37729
45950
100365
111931
8623
111384
1199
4612
2968
4467
4911
5909
47465
4388
1131
64957
82152
48711
4189
4069
5219
5507
140174
148626
148482
146656
144172
143385
142488
141749
140725
741
140715
1274
4823
76251
2924
2997
3265
3996
139385
5782
137337
134881
6857
7022
7090
78209
155064
7373
7361
8861
27904
37733
160954
158783
66097
69526
69712
71057
47640
6985
3030
52973
5618
82461
104283
156387
6754
8865
36401
104
1103
2502
8528
4701
115139
114254
7195
7335
103107
7792
7926
8125
102469
8195
8207
8236
8494
8584
102194
8751
8765
8766
8767
25805
25927
26150
26151
26366
31770
34517
37741
38304
7243
6983
3671
6981
3742
106766
3947
106100
105504
105355
4437
4712
4763
4928
5169
105197
5289
103688
103624
103449
5795
5956
6229
5135
6515
6643
6783
6830
103372
39183
40629
40819
41585
56015
94969
94959
94931
91077
90866
90531
90439
90376
90057
89804
89759
89492
89470
89260
88810
88235
88129
87304
86833
72176
86320
85394
83976
72741
55946
95135
95449
97923
101895
42217
46664
47274
101525
101285
99149
99114
52579
98961
98154
97921
95558
53953
97752
97673
97304
96832
96811
96728
96610
96588
96417
95761
106916
6433
112515
1942
107636
1281
1283
1572
88125
117533
8369
1935
45720
4322
107141
113064
2109
2178
8533
2182
112550
1997
107649
1272
1260
112852
53318
106918
5449
3676
541
112556
146501
757
3632
946
954
1153
111251
111249
44191
110871
1232
1028
78349
111505
106920
6281
2920
112290
2927
2936
3022
3089
5812
2730
5481
3384
3415
3498
5349
3539
3629
112183
2747
5984
2361
2202
6953
1900
60072
40148
111622
112070
65514
4018
3949
6539
118997
34321
2942
3707
39421
44199
5064
35836
1036
94777
232
6350
64969
2359
1088
6016
61024
46970
5299
7155
434
3160
2600
4023
3916
3499
3175
153
2989
2985
2329
4638
2273
1617
5602
7347
780
494
8781
4223
112552
2174
63131
2068
6218
599
6942
7161
3634
1242
63876
3789
5377
4327
2857
8636
1291
8154
67429
1209
64839
55063
64622
64620
64614
64701
63082
60069
587
357
57669
61357
58191
58879
914
60766
61323
293
215
2028
3176
4306
6863
588
1245
364
306
2330
2677
3246
319
