593
1200
4121
1610
858
1120
1042
1704
5952
7153
2959
61357
55063
57669
58191
60069
60766
61323
64614
63082
63876
64620
64701
64839
67429
64622
58879
4995
8795
4993
5608
4226
3793
4306
150
318
2028
2019
2571
49917
49824
48774
48738
48516
47629
47423
46723
45210
45028
41863
48696
79132
61236
61240
1219
1283
3629
7243
5902
3260
3978
64957
68954
1131
1721
1
70286
132046
46578
78499
3949
541
8125
954
3022
35836
306
1245
319
364
3246
2677
588
2330
61024
1729
778
72998
47099
4973
2424
47
44555
3114
2529
2936
1061
1079
38304
58559
39183
40629
40819
5349
37741
50
26614
44191
6863
296
48780
135518
27611
924
59725
7458
3361
7155
215
27773
134853
1732
62849
6942
1210
72011
72131
72226
72395
71745
71464
72720
71108
70293
69481
73023
67087
66665
78653
1176
1258
111384
52281
41997
115617
111624
1199
63992
121231
109249
608
34405
67665
93040
67997
39421
8928
7161
82459
80463
67255
82463
79242
78039
74545
81845
81932
78574
81591
81562
74324
80489
6350
68157
60684
3707
109374
2942
109487
2174
111
5747
34162
4326
3948
5198
1957
4262
4103
3811
3679
3111
1273
8636
1211
1172
1197
8128
68358
112552
232
56607
53894
56286
56782
56788
51540
52241
52967
53000
53123
56805
56152
55052
55276
55269
54272
55118
55253
54881
54513
54286
77455
1088
63131
69640
2361
46970
6539
64969
2068
4018
94777
3809
105504
106696
1028
3996
5135
6281
2968
5812
5481
4189
3751
5377
5219
3785
4467
2924
3893
4890
4016
4823
4911
5909
4701
4641
4369
48711
4388
4351
47465
3265
4069
6953
5507
8623
7373
82461
1955
8528
2502
7478
32892
95441
36401
8865
1900
6754
97938
69526
741
8369
35957
37729
45950
69712
4612
106918
3676
106473
1274
104283
107649
26662
130682
27904
65514
5618
1954
3030
3113
6985
7090
2288
7022
5662
6713
8188
27592
6857
30745
31658
52885
5
186
236
7844
47640
26585
104841
54290
247
71057
32025
80551
2082
8972
27255
31221
1080
52319
7376
1256
4721
246
300
6986
2369
1639
1801
2641
1956
2004
2085
2396
1635
3257
3275
3300
2700
3301
3052
2359
1517
337
628
357
377
520
6683
529
587
661
1376
904
1059
1242
1250
1259
1358
78209
599
96588
88235
101285
101525
101895
102194
102469
103107
103372
103449
103624
103688
105197
105355
106100
106766
106916
106920
107141
107636
110871
111249
111251
111505
111622
112070
112183
112290
112515
112550
112556
99149
99114
98961
94969
89260
89470
89492
89759
89804
90057
90376
90439
90531
90866
91077
94931
94959
95135
98154
95449
95558
95761
96417
96610
96728
96811
96832
97304
97673
97752
97921
97923
112852
113064
114254
155064
137337
139385
139642
140174
140715
140725
141749
142488
143385
144172
146656
148482
148626
156387
134859
158783
160954
161336
161582
163056
163949
164977
164979
138610
47044
66203
82152
111931
134881
134130
114342
127108
114459
114662
115139
115569
115713
116161
116797
117176
118700
118880
122882
123663
123695
127114
133771
127144
127206
127212
128235
128360
128512
128606
131796
132458
132547
132549
132800
133645
88810
339
8154
8765
4712
8767
4437
4327
3947
3789
3742
3671
3634
3632
3539
25805
3498
25927
3415
3384
3089
26150
2927
2920
2857
8766
8751
2730
4763
7335
6981
7792
6830
7926
88129
6783
6643
8195
8207
6515
6433
8236
8494
6229
5956
5795
8584
5289
5169
4928
7195
2747
2202
72741
146501
53318
5984
3176
45720
8533
55946
56015
72176
81786
914
82313
83976
85394
1997
86320
4322
86833
87304
60072
2182
757
946
1153
2178
26151
2109
26366
1942
31770
34517
1935
41585
42217
46664
1572
1281
47274
1272
52579
53953
1260
1232
1209
6983
68319
56367
293
5299
3703
74458
107999
122886
66934
66097
118997
34321
55247
117533
37733
3882
48394
100365
5971
2542
26554
78349
5782
40614
31878
88125
4041
350
1103
52973
2997
40148
260
55820
3546
55442
55069
44199
8464
7361
33794
76251
8961
6016
55363
4011
5464
7438
8645
5791
50068
6874
55280
8861
6218
1089
2692
5449
6287
2012
104
5445
5064
1291
1265
745
8874
1036
3994
3175
2329
4223
4638
5602
7347
1617
8781
2273
2600
494
2985
2989
3916
153
434
780
3160
3499
4023
