2959
778
1729
3160
780
1617
2273
2329
2600
2985
2989
3175
434
3499
4023
4223
5602
7347
8781
494
4638
3916
153
593
858
1042
1120
1200
4121
1610
3793
296
1219
3949
5608
260
1210
44199
4011
3300
4993
3948
1059
4351
8795
4369
1088
2542
1036
745
1079
2019
4226
5064
1291
5952
7153
293
1704
1732
47
6218
2942
1258
132046
2529
1250
3994
48780
1089
122886
62849
70286
68157
107999
79132
27611
2174
4995
109487
306
2330
319
1245
588
364
2677
3246
2028
112552
2571
135518
27773
34405
2396
3257
5349
2004
357
236
339
1283
7243
3629
215
6863
954
8125
541
3022
4890
94777
2361
52281
41997
2936
2424
109249
48394
2288
111
3703
78349
27592
53318
54290
95441
97938
93040
68358
106696
56367
109374
1080
247
112550
6713
112515
112290
46578
1256
112183
8188
112070
3546
5662
98154
4973
112556
26662
115139
6857
7022
7090
114662
7844
114459
8874
8961
26554
26585
31878
33794
1721
114342
4721
7376
31221
32025
114254
50
232
318
1176
113064
112852
30745
8464
26614
111622
186
31658
106916
2692
2700
3052
3113
3114
3260
3361
3785
3893
3978
4016
4041
4306
106920
4641
52885
4701
4823
5135
106766
5377
5481
5812
6281
6953
8636
65514
68954
97923
107649
107141
2085
2012
107636
58559
67997
5
5782
111505
246
300
337
350
111251
377
520
529
587
628
661
904
111249
1242
110871
1259
1358
1376
1517
1635
1639
1801
1954
1956
5902
3996
115569
8972
161336
1061
80551
2082
104841
69640
7458
160954
5445
608
52319
121231
161582
163056
2359
3275
164977
8928
66097
63992
60684
37733
156387
27904
8861
158783
5507
5219
4069
3882
3809
3301
163949
164979
155064
100365
130682
111624
111384
8623
111931
150
45950
2968
37729
35957
34162
32892
7478
1955
1199
4467
138610
4189
47044
66203
27255
6986
6683
4612
48711
4911
64957
1131
4388
82152
47465
5909
66934
69526
106473
131796
127206
127212
128235
128360
128512
128606
132458
127114
132547
132549
132800
133645
133771
134130
127144
127108
134881
924
3265
2997
2924
115713
116161
1274
741
123695
116797
117176
118700
118880
122882
123663
134859
137337
69712
5971
36401
8865
6754
148626
104283
82461
5618
2502
3030
44555
7361
6985
47640
71057
1103
8528
139385
143385
139642
140174
140715
140725
141749
142488
144172
52973
146656
148482
78209
76251
61024
55820
44191
88125
3676
64701
56152
56015
55946
55442
55363
55280
55276
55269
55253
55118
55069
55063
55052
54881
54513
56286
56607
56782
61240
64620
64614
63876
63082
61357
61323
61236
56788
60766
60069
58879
58191
57669
56805
54286
54272
53953
40629
45210
45028
42217
41863
41585
40819
39183
46723
38304
37741
34517
31770
26366
26150
46664
47274
53894
50068
53123
53000
52967
52579
52241
51540
49917
47423
49824
48774
48738
48696
48516
47629
64622
64839
25805
66665
90866
90531
90439
90376
90057
89804
89759
89492
89470
89260
88810
88235
88129
87304
86833
91077
94931
94959
96728
97921
97752
97673
97304
96832
96811
96610
94969
96588
96417
95761
95558
95449
95135
86320
85394
83976
71464
72395
72226
72176
72131
72011
71745
71108
72741
70293
69481
67665
67429
67255
67087
72720
73023
82463
81562
82459
82313
81932
81845
81786
81591
80489
74324
80463
79242
78653
78574
78039
74545
25927
26151
8767
1209
1273
1272
1260
101525
1232
1211
1197
1572
1172
1153
946
914
757
146501
1281
1935
102194
99114
3089
2927
2920
2857
2747
2730
99149
1942
2202
2182
2178
2109
101285
1957
101895
102469
98961
105504
47099
40148
6016
103688
105197
105355
1
103624
117533
1900
106100
8369
106918
55247
60072
77455
103107
45720
39421
7155
5984
3707
3176
59725
8533
78499
6942
103372
1997
103449
1028
4322
3111
599
5198
8195
7926
5289
5464
5747
5791
8584
8494
5795
8236
5956
8207
6229
6433
4928
6515
6643
8154
8128
6783
6830
6874
6981
6983
7195
7335
7438
5169
7792
3498
3671
3742
3789
3811
3947
3634
4763
3632
3415
8766
8765
4103
8751
3539
4262
4326
4327
8645
4437
3384
4712
3679
115617
68319
2068
6539
1265
35836
118997
72998
6350
34321
64969
46970
74458
7161
134853
5299
63131
7373
3751
40614
2369
4018
6287
2641
104
5449
