1219
5608
904
4226
2959
3949
4103
5747
1957
5198
1211
4326
4262
1197
3811
1172
3679
8128
3111
1273
1704
79132
2529
47
1258
62849
4011
74458
48780
4995
5349
5135
4890
4823
4701
4641
1059
215
4369
4351
4306
4016
3978
3893
5377
5812
5481
3751
6281
6953
186
8636
65514
107649
3703
44191
106473
3676
5449
3785
236
3260
1639
1259
1358
1376
661
587
529
520
1517
377
1635
357
337
300
1250
1954
1956
2004
2012
2085
246
2369
2396
2700
3052
3113
3114
1801
135518
106918
1935
364
541
588
146501
757
914
946
954
1209
1232
1245
1272
1281
1572
1942
306
2109
2178
2202
2330
2677
2730
2747
2857
2920
2927
2936
3022
3089
3246
319
53318
8369
4322
70286
78349
1900
2361
117533
1
778
2542
67997
6016
40148
60072
77455
78499
1028
39421
1088
1997
2942
6863
6942
8533
45720
59725
63131
64969
3176
3707
5984
7155
5
6713
58559
104841
60684
34405
27904
8861
7373
5507
5219
4069
3301
3300
3275
3257
2641
2359
80551
63992
68157
68319
82461
104
36401
8865
6754
132046
104283
5971
69526
5618
3030
47640
46970
71057
69712
2082
69640
52885
8972
2968
1199
130682
107999
8623
2174
150
100365
45950
37729
35957
34162
32892
7478
1955
4467
4911
5909
6683
7458
5445
52319
260
27255
6986
4612
47465
4189
48711
64957
1131
4388
296
2502
8528
61024
76251
97938
95441
72998
68358
27611
26662
8464
7161
4018
3948
2424
2068
1210
1176
232
106696
134853
54290
5662
31658
30745
27592
8188
3415
6287
3546
40614
2288
1729
1256
1080
247
111
32025
31221
7376
3793
2571
2019
1274
924
741
4121
1610
3265
1200
1120
1042
858
593
78209
2924
3996
4721
7844
122886
1721
33794
26585
8961
8795
7153
4993
7090
7022
6857
6350
5952
5902
3384
599
3498
96811
98154
97923
97921
97752
97673
97304
96832
96728
94959
96610
96588
96417
95761
95558
95449
95135
98961
99114
99149
101285
106916
106766
106100
105504
105355
105197
103688
103624
103449
103372
103107
102469
102194
101895
101525
94969
94931
107141
80489
82459
82313
81932
81845
81786
81591
81562
80463
91077
79242
78653
78574
78039
74545
74324
73023
82463
83976
85394
86320
90866
90531
90439
90376
90057
89804
89759
89492
89470
89260
88810
3539
88129
87304
86833
106920
107636
72720
139385
143385
142488
141749
140725
140715
140174
139642
137337
132458
134881
134859
134130
133771
133645
132800
132549
144172
146656
148482
148626
111931
82152
66203
47044
138610
164979
164977
163949
163056
161582
161336
160954
158783
156387
155064
132547
131796
110871
112550
114459
114342
114254
113064
112852
112556
112552
112515
128606
112290
112183
112070
111622
111505
111251
111249
114662
115569
115713
116161
128512
128360
128235
127212
127206
127144
127114
127108
123695
123663
122882
118880
118700
117176
116797
72741
88235
72395
38304
8207
8494
8584
25805
26150
26151
26366
34517
37741
39183
8154
40629
40819
42217
47274
72226
52579
53953
55063
55946
8195
8125
58191
4763
3632
3634
3671
3742
3789
3947
4327
4437
4712
4928
7926
5795
5956
6229
6433
6643
6783
6981
6983
7792
57669
339
64701
67665
60069
69481
61357
70293
63082
64839
67429
66665
71108
67087
58879
63876
64614
71464
71745
72011
72131
72176
67255
64620
64622
60766
61323
1732
109374
109249
66934
8928
6539
1079
6218
115617
37733
3882
1089
1265
93040
35836
26554
118997
5782
5064
1291
3809
34321
745
3994
1036
2997
31878
68954
25927
46664
27773
350
1103
52973
4041
55247
66097
5299
293
4973
8874
608
7361
31770
8765
8781
7195
4223
7347
7335
8751
41585
8766
26614
56015
1153
8767
5602
4638
115139
2989
3160
3916
494
2985
2600
2329
2273
1617
8236
3175
3499
5289
6515
780
2182
6830
50
153
1260
5169
4023
434
109487
61236
61240
111624
2028
55363
46578
3629
7243
1283
55820
8645
5791
55280
7438
6874
5464
50068
1061
88125
94777
121231
41997
52281
47099
111384
52241
53123
53894
53000
54286
52967
51540
54513
54881
55052
55118
55253
55269
55276
56152
56286
56607
56782
56788
56805
54272
55442
55069
48394
1242
3361
44199
56367
48516
41863
45028
45210
47629
47423
48696
48738
48774
49824
49917
46723
6985
2692
628
44555
318
