56788
55269
53000
56805
51540
53123
53894
54272
54286
54513
54881
52241
55052
55118
55253
52967
55276
56782
56607
56286
56152
46578
55820
608
4973
55442
55069
56367
44555
50
26614
5198
3811
3111
1172
1197
1211
1957
3679
1273
5747
4326
4103
8128
4262
318
1732
48696
41863
49917
49824
48774
48738
46723
48516
47629
47423
45210
45028
5618
5971
52973
350
4041
1103
6985
72720
69481
72011
71745
71464
67087
72131
71108
2502
66665
72226
73023
72395
70293
78653
61024
44199
1210
55247
3809
6863
2997
7361
67665
5299
1079
2019
109249
47099
67997
8928
93040
35836
296
3882
37733
6350
95558
95135
95449
94959
94931
31658
96588
97921
96728
98961
96811
97304
97752
101525
99149
904
97923
99114
98154
26554
3361
70286
26662
111624
7161
58191
60766
61357
63082
67429
64614
63876
64701
57669
64620
58879
64622
60069
64839
61323
55063
8874
1274
104283
741
52885
6857
96610
96832
1250
107999
40148
31878
111384
4993
8795
3030
121231
2361
260
247
68157
7155
1061
34321
118997
122886
53318
94777
97938
34405
6539
106473
111
72998
64957
68319
66934
3703
39421
109487
3707
2068
63131
64969
4018
132046
27611
135518
46970
4369
4612
4189
48711
4351
1131
4701
4641
4388
6683
4823
4890
5135
5349
5377
4306
3751
4016
2396
1801
1954
1956
2004
2012
2085
2369
2700
3893
3052
3113
3114
27255
6986
5812
3785
5481
8636
6281
150
100365
45950
37729
77455
4322
1028
35957
34162
8533
32892
7478
45720
3176
5984
1955
6016
1900
47465
8623
6953
1635
65514
107649
5909
44191
4911
3676
5449
4467
106918
8369
2968
78349
1199
1639
106696
1517
69712
104
36401
8865
6754
82461
47640
71057
69526
76251
27904
1080
8861
7373
5507
5219
4069
8528
78209
3300
7376
68358
8464
3948
1176
232
32025
31221
4721
2924
33794
54290
40614
8961
7844
7090
3996
3301
3275
1376
628
337
8972
357
377
520
529
587
661
246
7458
1059
5445
1242
52319
1259
95441
300
236
1256
6287
3257
2288
2641
2359
3546
5662
80551
6713
186
8188
27592
30745
2082
104841
69640
5
1358
599
88810
101895
89759
89804
90057
90376
90439
90531
90866
91077
94969
95761
96417
97673
101285
102194
47274
102469
103107
103372
103449
103624
103688
105197
105355
105504
106100
106766
106916
106920
89492
89470
89260
88235
53953
55946
56015
67255
72176
72741
74324
74545
78039
78574
79242
80463
80489
81562
81591
81786
81845
81932
82313
82459
82463
83976
85394
86320
86833
87304
88129
107141
107636
110871
134881
139385
139642
140174
140715
140725
141749
142488
143385
144172
146656
148482
148626
155064
156387
158783
160954
161336
161582
163056
163949
164977
164979
138610
47044
66203
82152
111931
137337
134859
111249
134130
111505
112070
112550
113064
114254
114459
115139
115713
122882
123663
123695
127108
127114
127144
127206
127212
128235
128360
128512
128606
131796
132458
132547
132549
132800
133645
133771
52579
339
8195
7195
3415
6783
6830
3384
3089
6981
2927
6983
2920
8207
7335
2857
2747
7792
7926
2730
2202
8154
3498
3539
6643
6515
5289
5169
4928
4763
4712
4437
4327
3947
3789
5795
3742
5956
3671
3634
6229
6433
3632
2182
46664
8236
41585
38304
757
39183
40629
40819
1572
1281
914
34517
1272
1260
1232
1209
1153
946
42217
37741
146501
1935
8494
26366
26151
2178
26150
25927
25805
8767
31770
8766
1942
8765
8751
2109
8584
2174
5064
1258
745
6218
1291
3994
109374
27773
778
1729
2936
4223
3916
4638
780
5602
7347
8781
4023
153
3499
434
1617
2273
2329
2600
2985
2989
3160
3175
494
2542
61240
61236
2692
954
8125
541
3022
68954
62849
60684
66097
115617
4995
3793
74458
4011
2942
5782
2571
5952
7153
55363
1704
2529
60072
48780
1089
4121
593
1042
1120
1200
1610
858
130682
924
6874
5464
5791
7438
55280
8645
50068
79132
117533
63992
112552
3949
6942
88125
134853
1265
2424
5902
3260
3978
1088
59725
7022
3265
58559
1219
47
4226
1036
5608
2959
26585
111251
7243
1283
3629
118880
112515
118700
78499
52281
41997
293
117176
115569
111622
112183
112290
112556
112852
116797
116161
114342
1
114662
48394
1997
1721
215
2028
3246
2677
2330
1245
306
588
364
319
