8874
115617
1732
8533
85394
90057
88235
89492
88810
89470
89260
83976
89759
86320
89804
90376
90866
88129
90439
87304
91077
1721
90531
86833
1704
81786
5299
2424
5608
8861
4995
4973
31878
296
2068
34321
778
1729
6942
5464
7438
5791
50068
6874
55280
8645
59725
118997
1258
2959
1
4262
5747
4326
5198
8128
4103
3811
1172
3679
3111
1197
1273
1957
1211
2361
35836
63992
46578
1219
56367
55363
55442
55069
3949
1079
61236
61240
134853
6539
52281
41997
53318
2542
109249
608
3809
66934
111
48394
63131
78499
46970
94777
1089
8928
6218
64969
6350
1176
109374
4018
6863
47
260
1639
5984
1517
1635
246
146501
3707
3176
1954
1801
1358
1956
236
2004
757
914
2012
1376
520
529
7155
587
628
661
588
541
377
904
364
52319
319
350
1059
337
1242
2942
306
1250
300
39421
1259
6281
1997
8636
121231
3260
3361
3751
65514
3785
3893
3978
4016
4041
4306
215
5812
4351
4369
4641
4701
4823
4890
5135
5349
5377
6953
5481
3114
88125
3113
3052
2369
1088
1028
4322
60072
47099
40148
6016
117533
1900
78349
8369
106918
55247
5449
3676
106473
44191
3703
107649
2396
2692
2700
2085
599
186
494
1042
1036
858
780
745
593
434
8528
293
153
78209
76251
61024
55820
1120
1200
1291
1610
1617
2273
2329
2600
2985
2989
3160
3175
3499
3793
3916
3994
80551
52973
2502
5445
7373
68319
66097
2359
37733
34405
27904
5507
1103
5219
4069
3882
3301
3300
3275
69526
69712
71057
47640
6985
7361
44555
3030
5618
5971
82461
104283
1061
6754
8865
36401
104
4023
4121
4223
69640
954
106696
97938
95441
93040
68358
26662
4638
26614
8464
104841
3948
318
232
54290
40614
247
1080
1256
2288
8972
3546
5662
6287
6713
8188
27592
30745
31658
52885
58559
50
32025
31221
4993
5064
5602
7347
8781
44199
741
924
1274
2019
2082
2924
2997
3265
3996
5782
7376
5902
5952
6857
7022
7090
7153
7844
8795
8961
26554
26585
33794
122886
4721
946
2677
1153
112070
102469
102194
101895
101525
101285
99149
99114
98961
98154
97923
97921
97752
97673
97304
96832
103107
103372
103449
106920
111505
111251
111249
110871
107636
107141
106916
103624
106766
106100
105504
105355
105197
103688
96811
96728
96610
72741
2174
107999
111624
130682
1199
2968
4467
100365
4911
5909
72176
47465
4388
1131
150
45950
96588
94959
96417
95761
95558
95449
95135
94969
94931
37729
1955
7478
82313
32892
34162
35957
111622
112183
4189
112290
146656
144172
143385
142488
141749
140725
140715
140174
139642
139385
137337
134881
134859
134130
133771
148482
148626
155064
164979
111931
111384
82152
66203
47044
138610
164977
156387
163949
163056
161582
161336
160954
158783
133645
132800
132549
114342
116161
115713
115569
115139
114662
114459
114254
117176
113064
112852
112556
112552
112550
112515
116797
118700
132547
127212
132458
131796
128606
128512
128360
128235
127206
118880
127144
127114
127108
123695
123663
122882
1209
48711
4612
3947
6981
6830
6783
6643
6515
6433
6229
5956
5795
5289
5169
4928
4763
4712
4437
6983
7195
7243
8494
25805
8767
8766
8765
8751
8584
8236
7335
8207
8195
8154
8125
7926
7792
4327
3789
6683
3742
2330
2202
2182
2178
2109
2028
1942
1935
1572
1283
1281
1272
1260
1245
1232
2641
2730
2747
3415
3671
3634
3632
3629
3539
3498
3384
2857
3246
3089
3022
2936
2927
2920
25927
26150
26151
56015
56805
56788
56782
56607
56286
56152
55946
54513
55276
55269
55253
55118
55063
26366
57669
58191
58879
60069
60766
61323
61357
63082
63876
64614
64620
64622
64701
64839
27255
6986
67429
54881
55052
54286
41863
47423
47274
46723
46664
45210
45028
42217
41585
54272
40819
40629
39183
38304
37741
34517
31770
47629
48516
51540
52241
53953
53894
53123
53000
52967
52579
3257
49917
49824
48774
48738
48696
1265
1210
27773
72998
77455
135518
62849
109487
27611
4011
4226
2529
74458
74545
67255
81591
74324
80463
81932
79242
81845
80489
82459
82463
78574
78039
81562
48780
132046
60684
2571
45720
68954
64957
7161
79132
339
357
68157
67997
70286
7458
5
8623
67665
72011
69481
66665
67087
78653
72131
70293
71464
71745
73023
72720
72395
72226
71108
