3916
153
494
780
1617
2273
2329
2600
2985
2989
3160
3175
3499
4023
4223
4638
5602
7347
8781
434
608
44199
4993
8795
4973
2692
1103
52973
350
4041
1036
3994
4641
357
1028
318
745
5952
7153
1721
1291
5064
293
2019
6218
3809
4995
55820
1210
1250
3882
37733
3949
2028
109249
26614
377
1
2924
904
2997
50
5349
7844
3996
7090
1200
1610
1209
593
858
1042
1120
4121
914
2857
3789
4327
8154
59725
31878
6942
94777
8928
93040
3361
4011
1283
7243
3629
3634
78499
106696
588
306
3246
1245
364
2677
2330
319
1079
599
1704
109374
5782
111624
3265
7022
46578
1265
118997
63992
7361
26554
954
541
8125
3022
8874
3793
5299
109487
111384
52281
41997
121231
5971
65514
6539
2936
215
1089
134853
115617
1061
66934
34321
6350
56367
35836
132046
5902
3978
3260
70286
64957
72998
2424
122886
107999
260
34405
27611
68319
2571
135518
72720
8464
105197
103688
232
103624
1176
103449
103372
2068
103107
4018
102469
102194
7161
101895
97304
26662
101525
101285
99149
99114
68358
98961
98154
95441
97938
97923
97921
97752
32025
31221
7376
4721
741
1274
113064
112852
112556
112552
112550
112515
112290
112183
112070
111622
111505
111251
6857
111249
110871
107636
107141
106920
106916
8961
106766
26585
106100
105504
105355
97673
96832
114342
2369
1059
1242
95449
1259
1376
1517
1635
1639
1801
1954
1956
2004
2012
95135
54290
2700
72395
3113
94969
94959
3751
3785
3893
94931
4016
91077
4306
4351
95558
661
628
587
40614
247
96811
1080
96728
1256
3546
5662
6287
6713
8188
30745
31658
52885
58559
67997
5
186
96610
246
300
337
96588
96417
95761
520
529
114254
114459
90866
3257
163949
52319
163056
5445
7458
8972
69640
104841
2082
80551
161582
2359
2641
3275
148482
3300
3301
161336
160954
4069
5219
5507
7373
158783
27904
156387
155064
60684
164977
164979
138610
47044
1955
7478
32892
34162
35957
37729
45950
100365
2174
8623
111931
82152
1199
2968
4467
4911
5909
47465
4388
1131
66203
48711
4189
4612
6683
6986
27255
148626
146656
114662
127206
134130
133771
133645
132800
132549
132547
132458
131796
128606
128512
128360
128235
127212
127144
69526
127114
127108
123695
123663
122882
118880
118700
117176
116797
116161
115713
115569
115139
134859
134881
137337
139385
69712
71057
46970
47640
6985
144172
44555
3030
5618
143385
82461
104283
142488
6754
8865
36401
104
141749
2502
8528
140725
140715
61024
76251
78209
140174
139642
4369
3052
4701
38304
8584
8645
8751
8765
8766
8767
25805
25927
26150
26151
26366
31770
34517
37741
39183
48738
40629
40819
41585
41863
73023
42217
45028
45210
46664
46723
47274
47423
47629
48516
8494
8236
8207
8195
4712
4763
4928
5169
4823
5289
5464
5747
5791
5795
5956
6229
6433
6515
6643
6783
6830
6874
6981
6983
7195
78039
7335
7438
7792
7926
74545
8128
74324
48696
48774
78574
64701
57669
58191
58879
60069
60766
61236
61240
61323
61357
63082
63876
64614
64620
64622
64839
49824
66665
67087
67255
67429
67665
69481
70293
71108
71464
71745
72011
72131
72176
72226
56805
56788
56782
56607
49917
50068
51540
52241
72741
52579
52967
53000
53123
53894
53953
54272
54286
54513
54881
55052
55063
55069
55118
55253
55269
55276
55280
55363
55442
55946
56015
56152
56286
4437
5198
4326
63131
77455
89759
4322
89492
1088
2942
6863
89470
8533
45720
89260
64969
47099
3176
3707
4262
5984
7155
39421
88810
88235
88129
87304
86833
60072
40148
757
44191
5135
90531
5377
5481
5812
6281
6953
8636
90439
68954
107649
106473
6016
3676
5449
55247
106918
8369
90376
78349
90057
1900
117533
89804
146501
339
86320
946
82313
3671
2109
2178
2182
2202
81932
79242
81845
2730
2747
3632
1942
80463
3539
81786
2920
3498
3415
2927
3384
80489
81591
81562
3089
1957
1935
1260
85394
1153
1172
1197
83976
1211
1232
4103
82463
3947
3811
3111
3679
1273
3742
78653
1281
1572
1272
82459
111
53318
68157
150
2361
3114
1732
236
924
48394
79132
66097
33794
4890
4226
2542
1997
130682
48780
2085
1358
2396
27773
1729
778
27592
296
74458
1258
3703
62849
88125
2288
1219
5608
8861
3948
2959
2529
47
